0.0	GEE	1.0,1.0,1.0,1.0,1.0,1.0,1.0,1.0,1.0,1.0,1.0,1.0,1.0,1.0,1.0,1.0,1.0,1.0,1.0,1.0,1.0,1.0,1.0,1.0,1.0,1.0,1.0,1.0,1.0,1.0,1.0,1.0,1.0,1.0,1.0,1.0,1.0,1.0,1.0,1.0,1.0,1.0,1.0,1.0,1.0,1.0,1.0,1.0,1.0,1.0
0.0	GNN	1.0,1.0,1.0,0.986179199788134,1.0,0.967523882684474,0.9982169508467297,0.985721582644007,0.9887913055524898,0.9846511650374878,0.9982169508467297,0.962740967950729,0.9940422877759958,0.9982169508467297,1.0,0.9964238687783789,0.9836739272521468,0.9678259780147636,0.9970204199940369,0.9606503286117114,0.998216095356042,1.0,1.0,0.9833789894169152,1.0,1.0,0.994698284899752,0.9982169508467297,0.9780583747701903,0.9982169508467297,1.0,1.0,0.9970204199940369,1.0,0.9970204199940369,1.0,0.9887913055524898,0.9905288711013994,1.0,0.994039427270032,1.0,0.9970204199940369,1.0,0.9970204199940369,0.9982169508467297,0.9852099199750316,0.9922822911530341,0.9792996480164616,1.0,0.9970204199940369
0.0	GG	1.0,1.0,1.0,1.0,1.0,1.0,1.0,1.0,1.0,1.0,1.0,0.9824403613470722,1.0,1.0,1.0,1.0,1.0,1.0,1.0,1.0,1.0,1.0,1.0,1.0,1.0,1.0,1.0,1.0,1.0,1.0,1.0,1.0,1.0,1.0,1.0,1.0,1.0,1.0,1.0,1.0,1.0,1.0,1.0,1.0,1.0,1.0,1.0,1.0,1.0,1.0
0.01	GEE	1.0,1.0,1.0,1.0,1.0,1.0,1.0,1.0,1.0,1.0,1.0,1.0,1.0,0.9976206848231811,1.0,1.0,1.0,1.0,1.0,1.0,1.0,1.0,1.0,1.0,1.0,1.0,1.0,1.0,1.0,1.0,1.0,1.0,1.0,1.0,1.0,1.0,1.0,1.0,1.0,1.0,1.0,1.0,1.0,1.0,1.0,1.0,1.0,1.0,1.0,1.0
0.01	GNN	0.9832552245994931,0.9764821688073232,0.9764821688073232,0.9905288711013994,0.9789047347428991,0.9828829676353309,0.9910934534703657,0.9733778226267088,0.9725823639487571,0.9686624049997082,0.972047464384387,0.9964497058211927,0.9812587879650355,0.9423060114140926,0.9799730466645384,1.0,0.9899557622672325,0.9952442680831468,0.9780583747701903,0.986179199788134,0.9616258201543029,0.9819999680889399,0.9982169508467297,0.9946956152804384,0.9934839355053972,0.991242992330127,0.9816061542396002,0.913658460874104,0.9231474009883098,0.945699532747972,0.9631605127845426,0.8492191008245124,0.9829274547694782,0.9222403004536615,0.9508449379419905,0.986179199788134,0.9832552245994931,0.9905288711013994,0.9783559171463838,0.9982169508467297,0.9743273130925607,0.9812587879650355,0.994698284899752,0.9734942976716753,0.9691343196499402,0.9922822911530341,0.985289284879307,0.986179199788134,0.9561019502066517,0.972047464384387
0.01	GG	1.0,1.0,0.9724021410837654,1.0,0.9934689683537105,0.9940515456886492,0.9964272979006388,0.9594138607257119,0.9970204199940369,0.9812368032591869,0.9895281238927618,1.0,1.0,0.9917315100120053,1.0,1.0,1.0,1.0,0.9875282806015091,0.9805250952413453,1.0,1.0,1.0,0.9952494968615853,1.0,0.9982169508467297,1.0,0.9796505856512866,1.0,0.9785878132785805,1.0,1.0,0.9489127089651195,0.9982169508467297,1.0,1.0,1.0,1.0,1.0,0.9852099199750316,1.0,1.0,0.9793433567719665,1.0,1.0,0.9786574651031101,1.0,1.0,1.0,0.9756855465684318
0.02	GEE	1.0,1.0,1.0,1.0,1.0,1.0,1.0,1.0,1.0,1.0,1.0,1.0,1.0,1.0,1.0,1.0,1.0,1.0,1.0,1.0,1.0,1.0,1.0,1.0,1.0,1.0,1.0,1.0,1.0,1.0,1.0,1.0,1.0,1.0,1.0,1.0,1.0,0.998216095356042,1.0,1.0,1.0,1.0,1.0,1.0,1.0,1.0,1.0,1.0,1.0,1.0
0.02	GNN	0.9118433996781781,0.9811505535548097,0.9828829676353309,0.8412077555850884,0.8358331557982521,0.9508591487992734,0.9634127296379104,0.9604814938538142,0.9508591487992734,0.9432019791734905,0.9749057996778693,0.963018469514682,0.9587931094098067,0.965995728550439,0.8298878744507078,0.9561019502066517,0.8672187222833734,0.9789877403102734,0.9491212396899175,0.9658978736347192,0.9799730466645384,0.9805429659871564,0.9689894599523119,0.9758044335301547,0.9074850164234912,0.994698284899752,0.9345440988437281,0.9467414887657912,0.9422907332437876,0.950466534452341,0.9678573894209366,0.9618105532128498,0.9749219806578525,0.9645229912264661,0.966481942075475,0.972047464384387,0.9861714221301932,0.8921643933721702,0.9439018862358481,0.926875400847394,0.9518280021443715,0.9257247870537253,0.9546650316854675,0.9827916745175491,0.9407727534502149,0.9709953568168602,0.8510361370760398,0.935604537663271,0.9835595483857138,0.9366811042509837
0.02	GG	0.9970204199940369,1.0,0.997618401127981,0.991242992330127,0.9887307458160439,1.0,1.0,0.9633665401589486,0.9289737089921825,0.9916602072720258,0.9833427048077629,1.0,0.9964238687783789,1.0,0.9418890533036023,1.0,0.9847850472563467,1.0,1.0,0.8775629801254338,1.0,0.9964238687783789,0.9728944840121835,0.9970204199940369,0.969855443711911,0.9934839355053972,0.9970204199940369,0.9940515456886492,0.9982169508467297,0.9970204199940369,0.9982169508467297,0.9970204199940369,0.9749676431648119,1.0,1.0,0.9793149226265179,0.9886801648483118,0.9838844073103735,0.9823847576818171,0.9970204199940369,0.9781055022215108,0.9940629534320786,0.9976206848231811,0.9212003393963577,1.0,1.0,1.0,1.0,0.923196973730153,0.9863246582616625
0.03	GEE	1.0,1.0,0.9982169508467297,0.9970204199940369,1.0,1.0,1.0,1.0,1.0,1.0,1.0,1.0,1.0,1.0,1.0,1.0,1.0,1.0,1.0,1.0,1.0,0.9946482860681262,0.997618401127981,1.0,1.0,1.0,1.0,1.0,1.0,1.0,1.0,1.0,0.998216095356042,1.0,1.0,0.998216095356042,0.998216095356042,1.0,0.998216095356042,0.9970247046083643,1.0,1.0,0.9940515456886492,1.0,1.0,1.0,1.0,1.0,1.0,1.0
0.03	GNN	0.8003817525212936,0.9364096807593012,0.7761377313200846,0.9576034758454677,0.8251399545262643,0.9086879099863306,0.7754822878205168,0.932402332467929,0.9305603814361842,0.9391965729343731,0.9574195897914671,0.9646347138946741,0.8673684532456378,0.8818349487910897,0.8793424396174403,0.9187869432611406,0.9004797458375252,0.9508177188288682,0.886511268066091,0.8298811012844244,0.8635425631463873,0.9368608675534256,0.9406830254398845,0.8148611297814303,0.9698645027801772,0.8877881392005996,0.8025833141835257,0.9630252746129364,0.8757723371957815,0.8267583365483596,0.918059011268303,0.8784462720192681,0.907665099405425,0.8946874784899583,0.9396038893635864,0.9267954151617169,0.8993814368350236,0.9063992354451563,0.951642633916379,0.828809824653256,0.8534468340161145,0.8845101031092504,0.8433198405663718,0.9068570050502546,0.8845735084417136,0.9361587665251766,0.9278476297930832,0.9034904016933415,0.7966424819321185,0.8653440894318699
0.03	GG	0.9703258014205189,0.9792032266432729,0.9585676093241824,0.9982169508467297,0.994057255034959,1.0,0.9687360804536939,1.0,0.9917394422582304,0.8871587804620895,0.9449247862567104,0.9940469859797365,1.0,0.9964497058211927,0.9633230865565231,0.9982169508467297,0.9740460560295677,0.9516128479714941,1.0,0.975819856396345,0.9970204199940369,0.9892588075018678,1.0,0.9745616746231092,0.9895391576890039,0.9836919899711317,0.9315304443362632,0.983945532198234,0.9964238687783789,0.9249684292906722,0.977033573929112,0.9751877637933302,0.9952270745051968,0.9970204199940369,0.9845615597211392,0.998216095356042,0.9678520613659989,0.9929523225540218,0.9940646673879148,0.9940600343693963,0.994057255034959,0.9828544070285725,0.9565046756933063,0.9928933478234344,0.964882914614391,0.9606560929989753,0.9970204199940369,0.9940515456886492,0.997618401127981,0.7846503890077668
0.04	GEE	0.9952442680831468,0.9982169508467297,0.9934478708649621,0.9970247046083643,0.9964462982369855,0.9952494968615853,0.9946508525401889,0.9934478708649621,1.0,0.9964497058211927,1.0,1.0,0.996447960251046,0.9964462982369855,1.0,1.0,0.998216095356042,0.997618401127981,1.0,0.9970204199940369,0.9916604075734922,0.998216095356042,1.0,1.0,0.9982169508467297,0.9964462982369855,1.0,1.0,1.0,0.9958425318548763,1.0,0.997618401127981,0.9976206848231811,0.9982169508467297,0.9923195067839634,1.0,0.998216095356042,0.9982169508467297,1.0,0.9982169508467297,0.998216095356042,1.0,0.9958425318548763,0.9952539973102211,0.997618401127981,0.9958256259913754,0.997618401127981,1.0,0.9982169508467297,0.9970204199940369
0.04	GNN	0.8508061219357458,0.8489973903337028,0.909737232988869,0.9114472313944068,0.7853351051053276,0.8677513082182168,0.8436537200995261,0.8715928714200718,0.8739320760319268,0.8172887734563578,0.8494838055560175,0.7806987331441215,0.8470793447762758,0.7912061802191831,0.8096394458417223,0.7831682257197713,0.8014855882541551,0.9260162179083743,0.7306550541492755,0.8758029453268888,0.8030651013671276,0.8321539652702021,0.8271491355753813,0.774232724413395,0.8464409320146956,0.7695179152867316,0.89043797489082,0.8271663858269798,0.9302801996745245,0.9455365678198865,0.8167648004385172,0.8163262701358572,0.8720100857428684,0.9196039488994145,0.8059710471760487,0.787907295191592,0.7459518761709838,0.8083612213538562,0.9088854275210501,0.78641189651367,0.8318602190658282,0.7594038402137478,0.8325559073411236,0.8704723403377268,0.846112304897714,0.7867428608905834,0.8536588020699788,0.8514583571738158,0.7941808342180405,0.8369653515983282
0.04	GG	0.9487588542208866,0.9456586208025282,0.9922487770580722,0.9312422668528058,0.9675523841227788,0.9631605127845426,0.9821219907659229,0.991242992330127,0.9774307467600839,0.9857267845297869,0.996447960251046,0.9797693768054367,0.9642469094321572,0.9875397409409897,0.9721466098702519,0.9631861128584598,0.9881462195535152,0.9588765756301293,0.9922524065108387,0.942169020308437,0.9910999952540503,0.9840340244829813,0.9845088433627546,0.8941290665668676,0.9657010210744378,1.0,0.9928701350383127,0.8631693410498685,0.9970204199940369,0.9691655060066474,0.9044461472681621,0.9665058221553298,0.997021849569292,0.9857642771857441,0.9794622992167307,0.9970204199940369,0.9110227322757224,0.9590463376954861,0.9675386150150441,0.994633390181421,0.9657942462018101,0.9853638150857665,0.9817090388395265,0.9869249879304514,0.9403809888057342,0.9758448045228831,0.9893063940434644,0.9922747225669604,0.9762947193583166,0.9674317284744273
0.05	GEE	0.9794489346253862,0.9886801648483118,0.9970204199940369,0.9881817373574998,0.9827182751243967,0.9829524495035539,0.9893390865680874,0.998216095356042,0.989980606640828,0.9506872665685628,0.9857785386674819,0.9880751949579607,0.9869075007833438,0.9845910228978227,0.9940515456886492,0.9815522568382999,0.9922822911530341,0.992256171962156,0.9904944297939218,0.9910379897068144,0.9922487770580722,0.983907024016682,0.9946482860681262,0.9851411565002925,0.9929068064791389,0.9970204199940369,0.9747166322424128,0.9934658333202564,1.0,0.9869612554689131,1.0,0.9869560330826618,0.9762405040407384,0.9799035864108019,0.9898863523043534,0.9811987598566234,0.9887069132790444,0.995846542346807,0.9946930702851292,0.9840498277914187,0.9868591456419746,0.9799632767994167,0.9952270745051968,0.9946930702851292,0.9946482860681262,0.9870023067544335,0.9964462982369855,0.983312506681175,0.9910379897068144,0.9934689683537105
0.05	GNN	0.7593192974116945,0.7710879473203718,0.8692404337225194,0.7543182310817764,0.8302188675527943,0.7816416054351794,0.7817107968475195,0.7889959474817816,0.8655069953567949,0.7587442557173901,0.8354366581938826,0.808824870072538,0.7625078797191642,0.7578686239074892,0.8106476394128392,0.7784387348948576,0.845945614978859,0.7968473352971323,0.8369852398864905,0.8546174288604598,0.8285129722906079,0.7540605435559902,0.8054836800708874,0.848589311044322,0.7683221229824488,0.8791243805041821,0.8382169834184411,0.8145987692509444,0.7593454340415083,0.8266403878708188,0.7801249677496997,0.8484245601500311,0.7516485689910684,0.7821062966519322,0.7397996027500988,0.746103299468669,0.7614017328976344,0.7803357317126841,0.7599030916927908,0.7855053337836723,0.8271079629056405,0.8078488313686569,0.7878036426037611,0.8036213349255188,0.790487755399227,0.7571730681949368,0.7505001795642585,0.8676053583752829,0.8278280851812213,0.7973788505865522
0.05	GG	0.8948449664651593,0.9123071673771491,0.8827437788267509,0.8402237366480568,0.967864150911562,0.9549542173464756,0.9619071593265034,0.9791104089959727,0.9747258224815958,0.767842182401277,0.9864082346847296,0.8806080841932906,0.9140418416211242,0.9559783010682843,0.928508189428749,0.9408795467688209,0.9336494654818321,0.9488755935510341,0.9695530527493745,0.9719621540543344,0.9750653036896695,0.9353669569962902,0.9682438050664014,0.9406915739338151,0.9498065868197448,0.9223259569203485,0.9707310863919787,0.9696858229604631,0.9952442680831468,0.9695319435656773,0.9428634694995451,0.8447865821997507,0.9539341795786926,0.9691693966106477,0.920847610787306,0.9674193625835246,0.9726018267111206,0.9842075751042887,0.9861435494282461,0.9273938700364404,0.9425484871490142,0.9803419546594956,0.7440710741788921,0.9560372324144932,0.9685768160911717,0.944442579108819,0.9145473033927394,0.9133717803787135,0.9489444320089017,0.9136096804697963
0.06	GEE	0.9864101221247048,0.9857274443046791,0.9603293387497588,0.9415046294479077,0.9738022674169325,0.9444966959178033,0.9590467208333666,0.9622867143038137,0.9787532504628654,0.9426930476795109,0.9669163289322059,0.9779421029864396,0.971432193746301,0.9607336984937866,0.9614771797171607,0.9761559976637202,0.981566215620866,0.9606324137463123,0.9809358593846119,0.9668540038620992,0.9420259221801099,0.9774226432778986,0.98749489297797,0.972345920106937,0.9805699855327599,0.9773794507377632,0.9508366411075796,0.9539582299565088,0.966772659497073,0.9636325113042499,0.9554129023947732,0.9569759738418533,0.9893113358637504,0.9525033067378941,0.9497999043501809,0.968839263255531,0.9744385712707203,0.9882155037874165,0.9557055457808533,0.9799163186408877,0.9549661256210888,0.9744708145406412,0.9697768229433705,0.98753981577589,0.9810770882845169,0.9434683903998934,0.9732282440827594,0.9845840986617685,0.9773092865384645,0.9503068342810856
0.06	GNN	0.699026771540766,0.7567231985310393,0.7699238961760122,0.7578154239810447,0.7485389804999628,0.7635683545047046,0.7517850400983168,0.7397425876167355,0.7950624300670525,0.7256460891944336,0.7775565947744173,0.819927007987729,0.7612153576697398,0.7629914335868703,0.7679924095581068,0.7691473405956696,0.7366354834564091,0.7094119530384811,0.699343694401121,0.7323745162320725,0.7358349055527748,0.7141185727230192,0.7740601807864789,0.7611394507020698,0.7117313279966613,0.809267821097633,0.7823183637262272,0.7704068589262127,0.7481678098963965,0.7305784362149017,0.7564377563895001,0.7847562725763355,0.7819254949081672,0.7875161859182681,0.7861360742382103,0.8248634758332488,0.6755904738014021,0.7796719284579061,0.7463157374832267,0.7442672285509568,0.7450069068797374,0.7685609093439767,0.7724487571705981,0.7750900781592545,0.7514323899052873,0.7550378553714634,0.7417009676328336,0.7401245465674696,0.795031680722059,0.7955752002427801
0.06	GG	0.9801878556400835,0.8997983875915803,0.9341718959750624,0.8901332106105301,0.9509996179418685,0.9108354687312473,0.7592786189733869,0.9364041068129195,0.9494702054883198,0.8640241142553343,0.923252789128793,0.9196214931023824,0.8467086556251558,0.879823921462689,0.9198959877800188,0.9552832985345716,0.9763071089583699,0.8107548586125597,0.7938524171532196,0.9355213313514358,0.9474712457091184,0.9449978532416278,0.9223620393199531,0.9509222603958772,0.9589978386479298,0.9559441537812392,0.9014375443952997,0.9048048453114486,0.9319046932803556,0.9361969357427394,0.9049579591153873,0.7928923156797811,0.8945187601474112,0.9060626219631243,0.8575823725675024,0.9476601977208791,0.9328653816034753,0.758403243840675,0.8859581999341049,0.8753260799562579,0.8283970819711592,0.9371181856582746,0.9449551808055126,0.8414559236322645,0.9824298872072399,0.8964340255284251,0.9450450666843546,0.945523291067245,0.877743779461508,0.9490764553399579
0.07	GEE	0.9202780642239766,0.9082887852365122,0.9066781758768198,0.9184093128438955,0.7138486158028121,0.8992294682651699,0.8894940836586953,0.7639611660648733,0.9041394347447367,0.7387857146669697,0.7808473989454037,0.9121504995322223,0.8657919875448787,0.9164972072691686,0.8993323384965433,0.9326831310667375,0.6950941959016699,0.8658836970636877,0.9147531554333587,0.916011406102625,0.7558356247411523,0.7124229913099906,0.8252833229979076,0.8799939066474862,0.8816057187383606,0.7255563994098252,0.7120554678474248,0.796491694157018,0.8324120437929561,0.7805520664479897,0.8833469011958693,0.7384411279545988,0.8871651461995302,0.8728508598953003,0.9087213112222237,0.8379785710526476,0.9248340134199025,0.9098010544661707,0.7064801918637429,0.8325712450641053,0.8541719921743749,0.8892330662914115,0.8275527716196346,0.9196236359818827,0.9214155532939011,0.8841683102294264,0.8675278601273559,0.887125972650756,0.7421798336555588,0.8937987904776843
0.07	GNN	0.7226241304112399,0.6950292732906175,0.7281975538081156,0.7070160025137817,0.6748691836800347,0.7126424504433726,0.7060354920197083,0.7299494345912175,0.7059936146544719,0.7270675804110727,0.6689114897360297,0.681894240567801,0.7163193875506917,0.7443470675996738,0.7315940339237493,0.665998912741528,0.6909346570839916,0.7323982034752585,0.7204907316870371,0.6629460594005095,0.7070263023453522,0.6970009701660796,0.7188775423739648,0.753347389411968,0.7180604214374662,0.6689792210157579,0.7137806179602187,0.6652691371672166,0.6968877071933248,0.7530155093838384,0.6869510131346306,0.6498590972114388,0.7094834363150503,0.7355558490835615,0.6939276671480998,0.7139654748037032,0.7054374309688267,0.72766990170905,0.6904842384621328,0.6894568661159552,0.6437298844873589,0.6938199100987339,0.7197465449505531,0.7452102960719809,0.7167283223104093,0.6434836170219355,0.7140527798576353,0.6937101368387824,0.711865198571598,0.6327192157288233
0.07	GG	0.8846478252537948,0.8581850874380871,0.8721334274622737,0.7045582090246587,0.6847700021375651,0.8789075384528724,0.8476406165820457,0.8430647245754481,0.7633205223244761,0.789487297217792,0.8863612732310495,0.8951548007426566,0.847408312555857,0.8426042661982213,0.9079057977321503,0.8594121280613947,0.7408286723359444,0.798119501915244,0.8359529993440433,0.899019690671966,0.9093656147973175,0.9031567417118029,0.8482304116749189,0.8994475250871647,0.9282079053307941,0.7578800100073283,0.6913837058848767,0.7289897785506759,0.8631722117251415,0.7987174308604252,0.855407588152046,0.8965274074721364,0.9084980158125513,0.8684478389693202,0.7864503177946025,0.7985064364202946,0.9202801506239803,0.8167445944993917,0.7709195492468129,0.8503179449952983,0.7756138125755415,0.878900087909973,0.7697331264327302,0.8368977477169316,0.863577924636124,0.8511660077811242,0.7235112604656859,0.7757044202224317,0.8651676108639342,0.8901699530912548
0.08	GEE	0.5590640234853251,0.5871285016987674,0.6137573384511777,0.6160189745430642,0.6031694525481048,0.6015350387331618,0.6419691262167767,0.6780575308185267,0.7479931849366228,0.7578905792114086,0.6168811475922603,0.7284542259921533,0.6935171198745453,0.6480509090866595,0.6894449192220454,0.6190922715056337,0.7008405048800224,0.6718221496103035,0.6416471024299281,0.676212892345752,0.6368062929423847,0.6325489703421562,0.6234685029245405,0.7634909082482085,0.7934607652047412,0.7380671198057062,0.6607843904897852,0.6839161976200365,0.6571050226038269,0.6875200761657783,0.32158149333281677,0.7596948996395259,0.5922505573211158,0.6316660188847482,0.39854787129139907,0.6357162692397881,0.5993328961043952,0.5887940329929614,0.728634126181179,0.6379555524333959,0.6165417307521064,0.6806626357437477,0.7997121086676849,0.7321399489448035,0.7945592810727748,0.7113818480959694,0.6189758180273782,0.693952084934958,0.7120449067864322,0.6801965175127839
0.08	GNN	0.5495962797820173,0.6189110027412772,0.5911818772714407,0.5958446561760237,0.6315028225358679,0.6029949045702985,0.6056755253467064,0.6129256620220714,0.6054958217840017,0.6007902906671811,0.6018005135219838,0.6167801111676581,0.645421630433608,0.6199780873873804,0.559533029039538,0.6357874300210625,0.6439736941211609,0.6310029303516592,0.5757962731865528,0.6493493244917438,0.6102152186904801,0.6268839938190924,0.4474558224564466,0.5982510270507598,0.6571486431733948,0.671878677239086,0.650026873485719,0.6310969939534601,0.5946403484558359,0.6063388590901415,0.6266323487245857,0.6752175679610891,0.618594878724646,0.5488600760973104,0.47412006815155777,0.6187847397224389,0.6019705506888166,0.5866036107228715,0.6636537139160461,0.5915106805987408,0.610037519533062,0.6210423514351725,0.6227702458200516,0.6377355267068417,0.6802738895289021,0.656499367362458,0.5958907703988467,0.6523757620183822,0.6622334670507808,0.5894695315760834
0.08	GG	0.6951916837129876,0.6600712532326236,0.6209526659944428,0.6323027395480952,0.6347221632549154,0.6322762566866585,0.6935680328210929,0.6674004117066359,0.7036878483901821,0.76834244338385,0.3463275353386328,0.6885924373669299,0.7330413380662756,0.760217270145702,0.6730134338630672,0.7070061559070986,0.6491246353545287,0.7845998073382788,0.6399736014440418,0.8385938344194764,0.7584018560884035,0.7815742247710409,0.5948071542282878,0.7720126992134847,0.8366017756878179,0.6468584679978681,0.7850152039935928,0.6238164955382194,0.7392658258838454,0.681487159394132,0.6176291309140276,0.7152020453187761,0.6638688551852105,0.6586708507475939,0.6104297383655272,0.6887111410999114,0.7258101427459968,0.7555298079375702,0.7056854862924419,0.6413809846113485,0.7289712773106516,0.7930785284562548,0.7143624334037457,0.7016492814174168,0.7445622158593483,0.6514941509784775,0.7017166122710493,0.6626932611756211,0.6290860220208635,0.7357272337174752
0.09	GEE	0.022988019317247546,0.5167712184607743,0.2316175640060287,0.14971376925574184,0.3767072493452157,0.0830639965468293,0.2081310247824511,0.26823713361004636,0.246407528591212,0.08815463306077549,0.43796241539830066,0.008967920522641688,0.29430260391733626,0.1832129653808409,0.25382786838376004,0.2906051684214459,0.5089376711640919,0.06885647989425828,0.026114021136456986,0.08661620231914903,0.2822880513837085,0.13878522826574666,0.0021472258699348325,0.010882013717713914,0.1719809998389041,0.035855592579144786,0.21497602488221657,0.07765194058903493,0.09561461947946358,0.014552109692726106,0.2846956628250191,0.08282238437575462,0.2402525679580763,0.08733098425284191,0.06648491613032596,0.30328455646025476,0.46060343063638975,0.03151397351720227,0.04053529435178623,0.13370386647132768,0.016074678743548742,0.356124555955838,0.12623268563617718,0.27201878510995087,0.4188947858906613,0.31500786836955,0.30736718426680976,0.44064944782598625,0.21291394499690322,0.2768819807988018
0.09	GNN	0.2808322514518514,0.5288411999480619,0.32556741577067416,0.4412244897359162,0.5467645447379224,0.3558034793596065,0.3996464883924365,0.4827198519570797,0.28415261833228656,0.521653961146889,0.3031115597524561,0.43346541146959255,0.40292102801023705,0.2999040710995889,0.4466998146422258,0.49496691783513663,0.4619707455814129,0.3336627689210293,0.4684403882387082,0.3901377871407404,0.4739128338491302,0.3182944687323054,0.34321530833808783,0.4735156023390804,0.5384343574949885,0.4889442232138864,0.4330065844646415,0.258160597875154,0.24844478376401394,0.43827270433428894,0.46657629739266354,0.4258439311148914,0.5205977873142593,0.44995193129490557,0.3952834560926582,0.4737911392049088,0.486492584006177,0.5103826796650972,0.3622322896258474,0.44576443216639206,0.5207064505558453,0.5027954383125325,0.46623854924288094,0.45176099598251634,0.5024525326795832,0.27509855302461184,0.4762126427171737,0.5233302929447572,0.4983799935796705,0.4248554912162311
0.09	GG	0.23502922235900942,0.5627381717485331,0.37549215204491226,0.43216477766483796,0.4554385730521781,0.4061066140155078,0.44596490208846085,0.4922220985080717,0.37172369190359206,0.3855177821844228,0.11478947707906816,0.4340748956139482,0.3196796028811893,0.47263285779208364,0.1664565784788426,0.509845105665368,0.52196786228236,0.42936114431723726,0.40529710034299843,0.23917272065882603,0.4186387060763443,0.33102733355945385,0.41815670233815055,0.37637078305671334,0.5034385154852177,0.2679958224820264,0.4538452557694492,0.222238189528361,0.43408436471008105,0.42652160061616534,0.4940859924100622,0.39091303198523786,0.4036141258646871,0.4888219881588082,0.44475539596229086,0.4088904554470064,0.66873336745557,0.4843006307673271,0.36763343375466073,0.20318325114294722,0.04451723841884125,0.4694116493062908,0.27557978994384186,0.4636849877494312,0.6358964919192763,0.5049421310668302,0.4589449847338342,0.4745266587881639,0.4961294349918848,0.33321116347250374
0.09999999999999999	GEE	0.026487914078260594,0.01409884876294875,0.0030405727337504654,0.04444606185519669,0.019448994300230206,0.02701870963573102,0.03385958904270761,0.03858464130063743,0.0541097821341278,0.005151441203942822,0.019111354608028187,0.01106462896210088,0.08456959807999079,0.11977022690374564,0.062103795740279466,0.03978420101626586,0.021910566137856115,0.0377332086741213,-0.00021294410967131458,0.0066954186104813415,0.05175373782222617,0.05451999174926449,0.027549054511850277,0.02942721982835844,0.004035879588241643,0.01687544626897102,0.006897798846881162,0.007199677836365686,0.018828033062131152,0.006589436971091001,0.03489137828471962,0.002204762397664561,0.020225766121966682,0.002894245092629129,0.009308308723833366,0.009952292998692805,0.006916693693686183,0.00339971187755609,0.05965998688105083,0.006162040706016907,0.0022321616898312202,0.023879649828708417,0.025922844638052753,0.013662861228168417,0.004629627632965696,0.06783344162981798,0.030006351254711384,0.008987994595047379,0.01793078965695805,0.019393010169924462
0.09999999999999999	GNN	0.14862664664940248,0.32033427582157536,0.027561238276021718,0.1388350156054705,0.16721320403665108,0.1384401855296052,0.03921314346844724,0.15561828035564357,0.13050389434791662,0.055865853950993714,0.10329785220653034,0.1263657235278472,0.18082920157833568,0.24620097295192167,0.2013182181034467,0.23476986238411526,0.12846451442666884,0.19187199588592058,0.278838826387319,0.07470295306734342,0.19230960365322763,0.2633751730836717,0.16127480820094658,0.14335515835231658,0.18584404044286348,0.2483679431223826,0.08597813144658059,0.04273476574758401,0.1801943833098714,0.21645134506337796,0.11654617458743909,0.15510062750256498,0.17438098972742838,0.15196081032663386,0.04075746800320489,0.14733010928027054,0.24645364329366418,0.040059719175589314,0.17520635569488122,0.22007736355161867,0.17855855249629662,0.1680586819920807,0.10656092604770807,0.047048496238695246,0.08132848995596798,0.05100742265593613,0.09551634445928257,0.24250932445727424,0.03592978922259731,0.1560975832750979
0.09999999999999999	GG	0.1348070977774771,0.23136892152587749,0.02993134973959492,0.23696562461886442,0.03237692821001312,0.06128208107128132,0.21515969268998497,0.23707610218993577,0.21270649272756184,0.04326693618938168,0.16370226507941027,0.05168292929605607,0.23677555439871134,0.26825212479026134,0.19048120304243604,0.21547356647110133,0.18207656985240686,0.2719522334268384,0.012792699876333939,0.026540060027221677,0.22602473470936646,0.2829484217025996,0.18460077895584165,0.11953149433562381,0.0336119607511345,0.1653907004709716,0.08530405668051168,0.014461151215395015,0.15683665222799328,0.018851044424795245,0.24768565344176988,0.02190337681805531,0.21115991988790533,0.14197031939131205,0.016285127559042295,0.154807964478329,0.020712403709472863,0.09758829267645751,0.1422851921137437,0.03115364510116171,0.07371539714800465,0.027594966412498076,0.17743094750228094,0.2745546457408021,0.03646873512909822,0.045907188248312615,0.04800078352618836,0.0490087667831427,0.025966149915248052,0.17356593486136762
0.11	GEE	0.010162388994216412,0.013902415358401447,0.012313594372685019,0.008280948788212065,0.016617548701303952,0.004518439567005504,0.003603718288137172,0.004871127698955984,0.003161026478263808,0.0024207992986450266,0.007781446245161091,0.0026973027923447297,0.018510342022430695,0.00322326525977008,0.002504976684024204,0.010415079017632655,0.0011217994788084165,-0.0013269039073909256,0.0012368199723353595,0.00042953140472805264,0.009474619230351231,0.006610219351380114,0.0027898581774363686,0.0065836923875790135,0.0061634005488788975,0.0040593301408003955,0.0009650603391050885,-0.00023914042735608408,0.002422079046255219,0.00404214902131492,-0.002045134441800529,0.004054928772948119,0.003172643004826016,0.0021241041368794153,0.004667342740712137,0.004136343929644102,0.005922511676041975,0.011577861166354654,0.00253607255638287,0.005884338143457106,0.0019636961519427626,0.00027320020565491576,0.019388253990499673,0.0039293415455557154,0.004349258393385224,-9.894629551513656e-05,0.00889908610289846,0.006095721930301947,0.00014338469807562967,0.0140301059179108
0.11	GNN	0.012658861885906305,0.016947304885754008,0.010237172586803452,0.022886548035681305,0.004852472791336372,0.03546504601048543,0.04409483897364935,0.030009693759666247,0.0050543577364832335,0.004440119984005662,0.013896481381425295,0.011900978026653432,0.03548630278660134,0.03417135070933704,0.014336835859337135,0.018124513274555856,0.016074863047976944,0.004745678617706771,0.04945468971864315,0.007592222146753163,0.008506225219405783,0.016513634191769058,0.026321317364366513,0.03435080365186489,0.012617902478864662,0.03899743654103225,0.005321372944595354,0.036294840194290794,0.03316904375089561,0.006875212870862948,0.006857005699374122,0.01896352862723879,0.06395614425956564,0.01579355319682698,0.03195810000731438,0.014717259700942434,0.07261620478527037,0.055950720032991695,0.03288109250575122,0.01843264956874496,0.010721127751345042,0.03669607919613531,0.038692948832028416,0.015434377314203414,0.01647915018140673,0.02765254029152372,0.05319928642681093,0.01847058066814449,0.00830533571381554,0.07598790822476276
0.11	GG	0.01936778491936348,0.04423728807075083,0.02804951668193326,0.029955036536316766,0.024185900858503206,0.01822248347142042,0.023507438599019603,0.04480872122525906,0.02511818816897369,0.05521235795820304,0.018367108812458083,0.04146258963332744,0.057808029715837206,0.014729826121223647,0.015778734369803604,0.02335348057273058,0.012011050385935506,0.010971062277688275,0.03177696776180345,0.013976042591378994,0.05735660534517374,0.028319715831726638,0.018916578583752147,0.015569342017251556,0.024765068431639448,0.03199035316723917,0.024042834959945088,0.03753620323222958,0.025739396833179502,0.01750331838539158,0.010974119217566808,0.01750805939120835,0.034253289733521305,0.002488627587032404,0.018722430320317847,0.02502301463853227,0.041983808065323036,0.02929676426222105,0.029606928265953618,0.01747809021165122,0.008609902816748937,0.007468304867232705,0.023485129870518852,0.031752698385584255,0.017700314262152583,0.013576193750023242,0.1192525869214396,0.01591825469721641,0.040326851666219424,0.056198073742411925
0.12	GEE	0.005004006406525603,-0.00027033608547327254,0.006126554273796324,0.005757340159304505,0.0010780355247300012,0.0008277359000730545,-0.0010472066878778124,0.001103791653223773,0.006127604423076361,0.005249312569030592,-0.0003177886616547839,0.003999865796582484,-0.0005114608058162238,-0.0001704459994171296,0.000821141240311138,-0.0017809118688433515,0.0057617790381120915,0.003622178445494629,0.006178686395958217,0.0012498726873479645,0.009332903025398253,-0.0015008341713992183,0.005601603459676064,0.00065475977951294,-0.0001889370448844326,0.0008697316922748937,0.0018622854478711265,0.0010032082839220862,-0.0020622427141995213,0.00021687628220725278,0.00036698195672046127,0.012233532800379903,-0.0009245865536700973,-0.000775012112014339,0.006884528451048491,0.004974141617350797,0.0029372760409885714,0.00789932309625583,0.012001505487127598,0.0008358027609780545,0.0025363595668189336,0.008032346776306973,-0.0016545434524217093,-0.0016670744660830187,-0.0015732195603364077,0.0019335250598819507,0.001311182365038184,0.014476895388085302,0.002753449519660936,0.00761322654998081
0.12	GNN	0.012652774893179166,0.006969114280826701,0.0035891733185137195,0.01702765440207917,0.005378616694392499,0.010654195377717257,0.024555026534347324,0.012309119813643086,0.0049918998352522,0.016136664355913183,0.010337672413893636,0.001760064893877483,0.023256040927659535,0.0074888542135447544,0.010457162056506826,0.0052456416065276845,0.0037414589647066982,0.013221737064874787,0.006683051865291673,0.015760315288285223,0.049287977955993184,0.003980147107193937,0.006621753489406043,0.009534175983038275,0.011143376912259001,0.011776187961972268,0.00471922039329272,0.012343481890712854,0.005646615568469047,0.019276081920459157,0.020342060620289065,0.019235230236813745,0.00715331308541883,0.007762320566682203,0.004567902046453692,0.009860480546148404,0.005323847257786742,0.009235272921270504,0.004547278211505927,0.005433326114452653,0.010772862643206378,0.008407789633084868,0.0103169539656211,0.024843866019336656,0.006352040561552352,0.006480982008947677,0.005374063776243926,0.01774312228627019,0.024428254000050085,0.021199841472860456
0.12	GG	0.009388828685016039,0.019669225631677202,0.014299380887081015,0.01816036665856092,0.024783731141044468,0.001807764377915542,0.01637776583050386,0.009748380740564944,0.016687276836523657,0.015535400419165535,0.005922375524411432,0.016429559650967176,0.01934637796867209,0.015107579164665751,0.014902728556889011,0.00550514403055216,0.03328006812965466,0.012658078873821267,0.008076680278791354,0.014398255685636973,0.02849524106229761,0.016009383157128264,0.025063778171611827,0.02307332275721293,0.0023409715084451227,0.010888577809095459,0.012614666551964655,0.015050157565548002,3.731712597650501e-05,0.00787394139724026,0.008975380735176758,0.04722667047629336,0.012082421258822137,0.019322665066655833,0.009292069054279251,0.02326983782412671,0.008801210749891887,0.020550662244094825,0.03604017468275371,0.011147681402601905,0.01311390003481433,0.018775033645209598,0.017890935658174206,0.00804210423147347,0.012341707960047682,0.01188473037117715,0.003617106535153113,0.03789152342452697,0.009618143473589962,0.019814240144725312
0.13	GEE	-0.0008001995637810789,0.0018542164466356689,0.000767563766394036,-0.0008554504696462492,-0.0005288980889267419,0.0006346293097971753,0.0002881397518976333,-0.001370311845841035,0.0019484885526934125,-0.001406806339888704,-0.0022870591706129614,-0.0005781811753206948,-0.0019407435621354137,-0.0016216454905660905,-0.0013589696811713813,0.0021201517763027498,0.003540835765596198,-0.002311466356688346,0.0006386547822029809,0.0021739453012632596,0.000554552444981245,0.007913376704823599,-0.00028234604857656106,-0.0003041556557377732,0.0028667322362273743,-0.00013952783705400537,0.004574521111826155,-0.0020469777450641186,-0.0025190531703719516,0.0009175641707346524,-0.00155779598518374,-0.0012448728527442335,0.003121101190674293,0.0012831543331602796,0.008345959162829774,-0.0021720276910178944,-3.7839449723084695e-05,-0.0004761393471017972,0.001090598106595612,0.0002697074709616754,0.0007503987007835183,-0.0002647669692201729,-0.000350170352707121,0.000144669845473334,-0.0009540268597985252,0.0002612333835829928,0.0014305500782234393,0.0020552140402285654,0.0015526361092673866,9.650853364598621e-05
0.13	GNN	0.002503178693703965,0.0043151514750648335,0.005756928664931706,0.008659939383345356,0.015548186059833666,0.0046768557175169805,0.0016437962301344554,0.006354555066629256,0.006708876649570686,0.0023147374583656964,0.008280603007385671,0.0013601135628419118,0.0022623462312306255,0.010371835277967431,0.006355642314818369,0.01524198143934445,0.0048722718985869115,0.005862822587832523,0.006587673971083641,0.002628599784699772,0.009984584929346915,0.0062386725882828545,0.0032174551478718312,0.00636625743758186,0.01208588918593009,0.006229334098876271,0.0058461803290561646,0.003964611638728053,-6.569759263196805e-05,0.005436979355683278,0.0059714280462781705,0.004749683896820532,0.0005150283082803701,0.007807338545726257,0.004466445819184968,0.001890555552957527,0.0004990695420522119,0.004157594162441212,0.011508204026678393,0.005100945881721092,0.012089587805527392,0.00021186537491673066,0.01688395975080638,0.0071646650965560355,0.010730557205910086,0.001030114476148258,0.005261512213736437,0.00803393933583779,0.002136498209078308,0.008022185932102145
0.13	GG	0.011078694748879972,0.0022909957692323615,0.017772090572142556,0.01289414591540786,0.02152056190535874,0.010348347972752291,0.004102677628538166,0.01676450092071934,0.012038261750218838,0.011522077208025127,0.023485929155137978,0.0054149117401749314,0.007718185685008314,0.00582179703570689,0.009847565948892172,0.022060346913715435,0.030323493067544654,0.004555217916159613,0.019488375352237495,0.012179499639781457,0.013083481581851191,0.017984455104758396,0.009264769559365858,0.01773020056477035,0.011228824150775613,0.011008221609665298,0.012304362442506388,0.0016953219686431482,0.024494353676750756,0.0031691118215216793,0.02604301900355113,0.019986608076413226,0.008776402723008366,0.017761727300908674,0.013715070996138962,0.002183008163629927,0.005149852996025167,0.02617783895663844,0.004657746365843473,0.0133500514263182,0.027857057838591177,0.012602221188952472,0.013822598221398636,0.01247018788791131,0.011065212196382759,0.02528271804919152,0.020514550990936298,0.004807008464272632,0.007750418757158372,0.011426807478392684
0.13999999999999999	GEE	-0.0018006351539797923,0.003465124016042663,-0.002426575026984189,0.0013232708813708384,0.004321062079374199,-0.0022853985592791496,0.0012907371961028138,-0.0011032133250603424,0.0023781210743232745,0.0010230140530222333,0.0038045562425078235,2.914270058699204e-05,-0.0015433141528276195,-0.0024249645586516735,0.0020067399476851764,0.0019941011581548,0.004180096515050338,0.009687336552664034,0.0026816296949447368,0.004079870278253029,0.0034438564094810614,0.0006289444078428632,-0.00018772003117283102,0.008727293508143302,-9.572735937854426e-05,-0.0021765835421633244,-0.001647567975574531,-0.003046626302020081,-0.0021466464805050575,0.00045480932530280615,-0.0017119953159250173,0.002055576932615319,-0.0009849027219904004,-0.0003869235872500577,-0.0017652290068140542,0.0023152528457780976,0.0017503024459337338,0.0009086742833402698,0.0032866383236594934,0.0014515915285903246,-0.0018047096483155647,-0.0006256395183036415,0.0004243455602242998,-0.0002633297379098009,-0.00235212347037176,-0.0006879778531313426,0.00035535016029882553,0.00023604599182789186,-7.907534174810418e-05,0.004295979314649972
0.13999999999999999	GNN	0.0006507527899262841,0.004892327028664588,0.0023668649069348824,0.0010810853911276577,0.004034273681075152,0.0030539197269634343,0.00801029574034196,0.011590253657858228,0.004780150296067089,0.001914042309702465,0.003846900486381679,0.007806764833948237,0.006149469585548862,0.011829768561402321,0.006440984357061342,0.0010130246190557125,0.0030448051915573865,0.0021327191005465996,0.008719236095536416,0.0011833087504715995,0.0014056747796353532,0.013279811314617173,0.0018667455478929723,0.004112431625874829,0.0018983211036975496,0.01178886850269779,0.002867061523626672,0.006068207757543323,0.0010319430443006244,0.006437309050448945,0.0002634972261328238,0.0031486384080333316,0.011115564048031757,0.005781849074927212,0.00578188463983594,0.0006023252837864603,0.004899754243478762,0.005167388017833743,0.01207256121652024,0.013970728146834052,0.0019533456798836715,0.007433364644920763,-8.417953934110347e-05,0.0036198504665323748,0.0015696491090967989,0.0027776460485681247,0.0024059186225780477,0.007692913946962315,0.0017117450594969265,-0.0003325819585799622
0.13999999999999999	GG	0.010587246578466424,0.016239829382820408,0.0062415299675614615,0.013497562989212886,0.011715881269228373,0.0110835425238937,0.006594550425027478,0.003240295147887592,0.018296379752657847,0.0039081494089147255,0.01225489716967553,0.0031983544618745165,0.023844845290773947,0.006514666884437272,0.016967616785121868,0.005778271015915076,0.024770713725717368,0.009471466979033718,0.011343565154923553,0.019380832173093148,0.02057356960279989,0.007048226299419306,0.014843370129581616,0.012375485028220015,0.006644980743008742,0.02431574159484095,0.0018182082134445032,0.009710698360671323,0.0032045357432091575,0.004414716864723678,0.014324637767384305,0.019223311129572557,0.007592867165869774,0.020816622030765047,0.012086752217772813,0.012436608649154598,0.0063562806746533355,0.0038995457699559015,0.006970469659256214,0.008937840481372148,0.0037614710910388836,0.01720159095436218,0.009376533590128185,0.010177514219386752,0.015029304099782169,0.015034973097872025,0.03523205422700233,0.020786055809571432,0.013405222507838967,0.0033795305838781415
0.14999999999999997	GEE	0.0004943778675956795,-0.00150614803830853,1.200428413905563e-05,0.001190988154988218,4.0309785700186806e-05,0.0003697167521204614,-0.0011803058071998792,-0.0015289633208928981,-0.001996315533707809,-0.00010355696405140885,2.478866074557335e-05,-0.0016245738807771945,0.0008473904650694624,-0.0007110187013516134,-0.0004628912645672695,-0.0008823005824880576,-0.0004939270829675896,-0.0003180832869192162,0.0003953043968648646,-0.0015658158065355154,-0.0006107577420465294,-0.0021094541954285364,-0.002966509329198796,0.00010856082459266637,0.0001448925649603867,-0.0024622770059475924,-0.001200395551000794,-0.001497922120573245,-0.002211790075977295,0.0013767278473801085,0.0007687976780777192,0.0027829413470146155,-0.001201445447214991,0.0005472775431191255,-0.001333954736478395,1.6995527343720712e-05,-0.00025965390034989944,-0.00041339004533123906,0.0006836561755969908,-0.0006761187203185888,-0.001180829130800479,-0.0014892995016678027,-3.9808106511447444e-05,0.0007858603271632445,0.0023868884347500834,-0.0013967706590232538,-0.0012322417996790097,0.0007476604935997066,-0.0009405882601708741,0.003329654540023208
0.14999999999999997	GNN	0.007476562100152855,0.003973376318540322,0.0031304163771957824,0.010711304569832126,0.0047870994507620826,0.0024803593539712413,0.00192973170735305,0.0029295672481159823,0.0027788072321070774,0.011442819468840753,0.0004113857677698652,0.009655921968180766,0.0010346520068861076,0.002711652870358385,0.005342101548792487,0.0032943250501078986,0.004391067871427452,0.005048041599093499,0.008412458077363317,0.0018194983816465003,0.0012002683790213189,0.0024108201650538496,0.0013877151220401144,0.0010211627304482595,0.005328818430763591,0.003556780411764361,0.002236999402909972,0.008094712864996767,0.0009697501239957772,0.006388080155665061,0.0035121969172706123,0.0013271339360955417,0.004983824545493445,0.005012188015152027,0.00565908875790452,0.0018164266442078773,-0.0006373069668112477,0.0021873458462095927,0.0016200811393529489,0.010436558200571615,0.0026230419566457366,0.002391399205051655,0.0073067886948164195,0.001935126407225119,0.0051516401799140445,0.007348409817295001,0.0062965673695892675,0.004518261832931476,0.0031143047310405085,0.0003012206843336239
0.14999999999999997	GG	0.008788177861123897,0.012409123927070059,0.0045209669724165505,0.004868686877191694,0.011948416104070237,0.013748865543796316,-0.0009883752205652767,0.002958893147949138,0.03123737678178198,0.012856165337251332,0.0019518942980909736,0.003928955009836312,0.022949172179645483,0.011156184599442467,0.002659116746924277,0.0022663263791435325,0.020508992955811534,0.005884279558957229,0.01297883792723439,0.0019248774633164197,0.014178582451177795,0.0039055806290114996,0.0017574088394420768,0.0009097423140017725,0.02112937615683584,0.01802721910783659,0.006068800010764224,0.007711082894165304,0.01657381410616378,0.0028181362602617875,0.011958624689430658,0.01279597780269417,0.0075497841715663466,0.015448109580645766,0.011652304295627964,0.0029802772498233533,0.021420527097831567,0.0010906050631847985,0.01628602749045485,-3.137614097253075e-07,0.0050624141536755336,0.028632236946152283,0.02336382731304822,0.005119279931990276,0.004215621397136871,0.03423045086206478,0.007841604272669736,0.008581247428204883,0.011511722722097363,0.004651157459299507
