0.0	GEE	0.39693307876586914,0.2633652687072754,0.3106410503387451,0.3019702434539795,0.26679491996765137,0.29765796661376953,0.27071309089660645,0.2601039409637451,0.2853739261627197,0.3224771022796631,0.3368220329284668,0.24915814399719238,0.2684030532836914,0.266603946685791,0.3143458366394043,0.27182698249816895,0.28955698013305664,0.32538485527038574,0.2811448574066162,0.263261079788208,0.37952685356140137,0.26508116722106934,0.2543811798095703,0.2821929454803467,0.26813483238220215,0.2743110656738281,0.26654505729675293,0.24106192588806152,0.266071081161499,0.2693140506744385,0.29865288734436035,0.287747859954834,0.28919506072998047,1.1709749698638916,0.3011636734008789,0.33692097663879395,0.2856149673461914,0.41362833976745605,0.3060801029205322,0.27747464179992676,0.2462601661682129,0.29269886016845703,0.2807788848876953,0.2599008083343506,0.2812480926513672,0.3182559013366699,0.2759411334991455,0.2723350524902344,0.33286094665527344,0.29955291748046875
0.0	GNN	2.6291487216949463,3.075676202774048,1.3923211097717285,1.8645079135894775,2.3386728763580322,1.7570538520812988,1.6970438957214355,2.527745008468628,1.3073830604553223,1.510761022567749,2.132150888442993,3.7473361492156982,4.528687000274658,1.5454912185668945,1.63608980178833,1.6748781204223633,1.0767111778259277,1.755479097366333,3.99747896194458,1.001758098602295,1.12626314163208,1.512225866317749,1.4652459621429443,3.7209911346435547,0.8993418216705322,1.5147478580474854,0.7063779830932617,1.3957157135009766,3.2816691398620605,1.9026453495025635,0.7980673313140869,3.5185728073120117,1.777575969696045,1.127410888671875,2.1622352600097656,1.136134147644043,1.1305229663848877,2.723498821258545,1.651458978652954,1.9606339931488037,1.475492238998413,1.187540054321289,2.4655396938323975,0.9089899063110352,3.0543007850646973,1.8127520084381104,2.346061944961548,2.344972848892212,0.9808030128479004,1.5112888813018799
0.0	GG	0.07552313804626465,0.07460188865661621,0.07999682426452637,0.07938289642333984,0.07986187934875488,0.07773733139038086,0.07547807693481445,0.07744407653808594,0.07716894149780273,0.07778573036193848,0.07617998123168945,0.3035619258880615,0.07792067527770996,0.07892394065856934,0.07612013816833496,0.07689690589904785,0.07826590538024902,0.07634997367858887,0.07675695419311523,0.07778501510620117,0.0784461498260498,0.07702994346618652,0.07737898826599121,0.3015320301055908,0.07482695579528809,0.07764220237731934,0.07736802101135254,0.8177318572998047,0.07447099685668945,0.15446996688842773,0.30150699615478516,0.07782411575317383,0.07612490653991699,0.07620906829833984,0.0787358283996582,0.0790700912475586,0.07759571075439453,0.07774686813354492,0.07763385772705078,0.07908821105957031,0.07702398300170898,0.08317708969116211,0.15076780319213867,0.07625389099121094,0.07598209381103516,0.07654714584350586,0.0782008171081543,0.4711568355560303,0.07672691345214844,0.08041691780090332
0.0	GG2	0.07552313804626465,0.07460188865661621,0.07999682426452637,0.07938289642333984,0.07986187934875488,0.07773733139038086,0.07547807693481445,0.07744407653808594,0.07716894149780273,0.07778573036193848,0.07617998123168945,0.3035619258880615,0.07792067527770996,0.07892394065856934,0.07612013816833496,0.07689690589904785,0.07826590538024902,0.07634997367858887,0.07675695419311523,0.07778501510620117,0.0784461498260498,0.07702994346618652,0.07737898826599121,0.3015320301055908,0.07482695579528809,0.07764220237731934,0.07736802101135254,0.8177318572998047,0.07447099685668945,0.15446996688842773,0.30150699615478516,0.07782411575317383,0.07612490653991699,0.07620906829833984,0.0787358283996582,0.0790700912475586,0.07759571075439453,0.07774686813354492,0.07763385772705078,0.07908821105957031,0.07702398300170898,0.08317708969116211,0.15076780319213867,0.07625389099121094,0.07598209381103516,0.07654714584350586,0.0782008171081543,0.4711568355560303,0.07672691345214844,0.08041691780090332
0.01	GEE	0.425462007522583,0.39894890785217285,0.37360525131225586,0.3504490852355957,0.4099740982055664,0.39389514923095703,0.423321008682251,0.35918617248535156,0.47993016242980957,0.38414478302001953,0.4118924140930176,0.36699795722961426,0.43733811378479004,0.41164183616638184,0.3778841495513916,0.45178794860839844,0.4457998275756836,0.42836976051330566,0.34499621391296387,0.38027501106262207,0.36298203468322754,0.3843107223510742,0.453143835067749,0.37534070014953613,0.5351951122283936,0.3811459541320801,0.4573056697845459,0.45607709884643555,0.42320895195007324,0.4214918613433838,0.39092302322387695,0.40126895904541016,0.36290597915649414,0.41464710235595703,0.4538419246673584,0.40912675857543945,0.3505089282989502,0.4020960330963135,0.37326884269714355,0.34455108642578125,0.40584897994995117,0.38381290435791016,0.386660099029541,0.385800838470459,0.3513960838317871,0.3697948455810547,0.4148099422454834,0.3988373279571533,0.3518693447113037,0.4020087718963623
0.01	GNN	1.8723669052124023,2.070734977722168,2.5357797145843506,3.1518120765686035,2.445984125137329,3.1537489891052246,2.2144768238067627,2.677051067352295,2.569124937057495,3.2117629051208496,1.9524860382080078,1.7535901069641113,3.257106065750122,2.226757049560547,3.0866312980651855,3.0236029624938965,2.8871710300445557,2.6106128692626953,1.8609559535980225,4.557849645614624,4.795581102371216,3.9231581687927246,2.3548429012298584,2.4176840782165527,2.7397072315216064,3.473416805267334,5.7498369216918945,4.803921937942505,4.396934747695923,5.752019882202148,6.6354310512542725,7.56682276725769,2.352187156677246,4.535764932632446,3.4568660259246826,3.3883047103881836,2.6374409198760986,2.1994049549102783,5.062371015548706,3.6171529293060303,3.9689300060272217,2.1807868480682373,2.2809650897979736,2.478037118911743,4.144197940826416,3.041782855987549,5.319542169570923,4.967842102050781,3.016846179962158,2.5599782466888428
0.01	GG	0.15630102157592773,0.399691104888916,2.326624870300293,0.08437490463256836,0.5571448802947998,0.08261513710021973,0.23962712287902832,0.32230710983276367,0.0804591178894043,8.289352178573608,1.0914433002471924,0.08199691772460938,0.4805159568786621,0.9444360733032227,6.957244873046875,0.08199286460876465,6.441596031188965,0.4793238639831543,1.1160871982574463,0.15944194793701172,0.5596170425415039,0.08180117607116699,0.08153796195983887,3.488908052444458,0.08083295822143555,7.349074125289917,0.08160996437072754,1.032909870147705,0.08387470245361328,8.21894097328186,0.08353424072265625,0.08400487899780273,2.420192003250122,0.8120782375335693,0.6517879962921143,0.08638906478881836,0.08276987075805664,0.08339190483093262,0.1655590534210205,0.08231616020202637,0.16154074668884277,0.1611957550048828,0.6665620803833008,0.08317875862121582,0.16319704055786133,0.4880530834197998,0.8745279312133789,0.47535085678100586,0.08083105087280273,4.1416990756988525
0.01	GG2	0.15630102157592773,0.399691104888916,2.326624870300293,0.08437490463256836,0.5571448802947998,0.08261513710021973,0.23962712287902832,0.32230710983276367,0.0804591178894043,8.289352178573608,1.0914433002471924,0.08199691772460938,0.4805159568786621,0.9444360733032227,6.957244873046875,0.08199286460876465,6.441596031188965,0.4793238639831543,1.1160871982574463,0.15944194793701172,0.5596170425415039,0.08180117607116699,0.08153796195983887,3.488908052444458,0.08083295822143555,7.349074125289917,0.08160996437072754,1.032909870147705,0.08387470245361328,8.21894097328186,0.08353424072265625,0.08400487899780273,2.420192003250122,0.8120782375335693,0.6517879962921143,0.08638906478881836,0.08276987075805664,0.08339190483093262,0.1655590534210205,0.08231616020202637,0.16154074668884277,0.1611957550048828,0.6665620803833008,0.08317875862121582,0.16319704055786133,0.4880530834197998,0.8745279312133789,0.47535085678100586,0.08083105087280273,4.1416990756988525
0.02	GEE	0.5007748603820801,0.46020030975341797,0.5929818153381348,0.4554409980773926,0.44309282302856445,0.5736818313598633,0.49706578254699707,0.5368292331695557,0.4965510368347168,0.5620579719543457,0.48458075523376465,0.49582886695861816,0.6009612083435059,0.4997708797454834,0.6442549228668213,0.4368927478790283,0.4288959503173828,0.6016671657562256,0.5342729091644287,0.5502631664276123,0.5119011402130127,0.5104289054870605,0.5109810829162598,0.5650486946105957,0.6285800933837891,0.5753560066223145,0.5200719833374023,0.5176467895507812,0.4672882556915283,0.5100259780883789,0.5576968193054199,0.5118839740753174,0.556643009185791,0.42702531814575195,0.5454871654510498,0.5194110870361328,0.47991490364074707,0.7131357192993164,0.5560038089752197,0.6648249626159668,0.4658472537994385,0.5742559432983398,0.5778582096099854,0.5658938884735107,0.5104269981384277,0.5934872627258301,0.5271899700164795,0.554344892501831,0.48783183097839355,0.5518379211425781
0.02	GNN	2.8831708431243896,3.2178890705108643,4.004817962646484,6.486901044845581,7.648965835571289,3.4991509914398193,2.844528913497925,2.674241065979004,3.692394971847534,3.1629951000213623,4.506365060806274,3.6838159561157227,5.243502140045166,2.7086691856384277,2.4252889156341553,3.1588258743286133,4.10507607460022,2.1935667991638184,3.4216368198394775,2.895212173461914,2.74271297454834,5.453153133392334,5.371785879135132,3.0664267539978027,5.741044998168945,3.7672688961029053,6.65696382522583,2.7263379096984863,6.672033071517944,4.809890985488892,9.35023808479309,4.919417858123779,4.094056129455566,3.609159231185913,6.346537113189697,5.599184274673462,6.416152000427246,3.8244078159332275,4.347886085510254,4.6632702350616455,3.5139169692993164,3.7324061393737793,6.599971055984497,3.7707338333129883,3.7455499172210693,4.744681119918823,5.108642101287842,4.757725954055786,7.863701343536377,7.071796894073486
0.02	GG	0.08916878700256348,0.6706647872924805,0.08716392517089844,3.044593095779419,0.8304738998413086,0.08707809448242188,0.8384201526641846,3.2079789638519287,7.396178960800171,0.08608698844909668,0.7608020305633545,1.0917329788208008,0.0875709056854248,0.2545149326324463,11.902196884155273,0.5969688892364502,2.5169999599456787,0.8604121208190918,0.08781909942626953,13.85037112236023,0.2602717876434326,0.3444359302520752,1.0354807376861572,0.17423796653747559,4.608323097229004,2.323282241821289,0.8744168281555176,0.08683514595031738,3.0895678997039795,0.09079122543334961,0.343994140625,0.08692789077758789,0.08935379981994629,1.0700721740722656,0.09079289436340332,1.6742658615112305,0.7278459072113037,1.4756500720977783,4.4199888706207275,0.7895221710205078,0.09266400337219238,2.7816340923309326,1.0783238410949707,0.8197963237762451,1.0368459224700928,0.09022307395935059,0.17807292938232422,0.26758885383605957,2.515261173248291,0.6148660182952881
0.02	GG2	0.08916878700256348,0.6706647872924805,0.08716392517089844,3.044593095779419,0.8304738998413086,0.08707809448242188,0.8384201526641846,3.2079789638519287,7.396178960800171,0.08608698844909668,0.7608020305633545,1.0917329788208008,0.0875709056854248,0.2545149326324463,11.902196884155273,0.5969688892364502,2.5169999599456787,0.8604121208190918,0.08781909942626953,13.85037112236023,0.2602717876434326,0.3444359302520752,1.0354807376861572,0.17423796653747559,4.608323097229004,2.323282241821289,0.8744168281555176,0.08683514595031738,3.0895678997039795,0.09079122543334961,0.343994140625,0.08692789077758789,0.08935379981994629,1.0700721740722656,0.09079289436340332,1.6742658615112305,0.7278459072113037,1.4756500720977783,4.4199888706207275,0.7895221710205078,0.09266400337219238,2.7816340923309326,1.0783238410949707,0.8197963237762451,1.0368459224700928,0.09022307395935059,0.17807292938232422,0.26758885383605957,2.515261173248291,0.6148660182952881
0.03	GEE	0.689162015914917,0.6712250709533691,0.7851903438568115,0.6994218826293945,0.6697249412536621,0.7393720149993896,0.7279818058013916,0.9087100028991699,0.6981849670410156,0.7096958160400391,0.6139230728149414,0.7358729839324951,0.640667200088501,0.8460531234741211,0.7413179874420166,0.7051351070404053,0.9820911884307861,0.8017899990081787,0.7861518859863281,0.654407262802124,0.7006220817565918,0.7358620166778564,0.72027587890625,0.7738659381866455,0.7273588180541992,0.708672046661377,0.7852201461791992,0.7915260791778564,0.8839211463928223,0.7353289127349854,0.9222559928894043,0.768449068069458,0.8860101699829102,0.8115260601043701,0.6532201766967773,0.7184760570526123,0.682513952255249,0.6833429336547852,0.762686014175415,0.7636809349060059,0.7045550346374512,0.7842447757720947,0.7904391288757324,0.6867899894714355,0.6809637546539307,0.6924521923065186,0.7163791656494141,0.7869548797607422,0.7595539093017578,0.7360880374908447
0.03	GNN	6.064396142959595,3.0071609020233154,4.614323854446411,8.68612790107727,7.076496124267578,5.533857107162476,6.544457197189331,3.347078800201416,5.474678039550781,4.504815101623535,6.826582193374634,5.442496061325073,3.433522939682007,4.881074905395508,4.90867805480957,5.109843969345093,5.588385105133057,5.89406418800354,4.140316009521484,4.725582838058472,4.680064916610718,4.151001930236816,9.147931098937988,5.716134071350098,4.113171100616455,3.872452974319458,5.483763933181763,5.876760005950928,5.2332000732421875,5.36613392829895,5.341824054718018,5.074552059173584,4.167256832122803,4.359502077102661,7.4575560092926025,3.9826250076293945,3.7679412364959717,4.887883901596069,4.579187870025635,5.2603981494903564,7.767150163650513,6.876323938369751,8.59927225112915,3.5674901008605957,6.175861358642578,3.388857126235962,7.711061000823975,7.458076238632202,5.611788034439087,3.476875066757202
0.03	GG	1.5846099853515625,1.8595678806304932,0.5559899806976318,1.631937026977539,6.807875156402588,1.0047531127929688,0.6439049243927002,1.1771492958068848,1.2663278579711914,1.8419408798217773,2.228318214416504,2.2234091758728027,2.6497950553894043,3.037933111190796,2.2958946228027344,8.452193975448608,1.3215749263763428,0.2932150363922119,2.4422571659088135,1.1905972957611084,0.9136972427368164,0.0964210033416748,1.007627010345459,0.8360841274261475,3.837589979171753,1.484825849533081,4.329040765762329,6.656430721282959,1.2236599922180176,1.0128650665283203,1.866119384765625,0.37219834327697754,0.18984103202819824,1.8501458168029785,1.6862170696258545,4.30197286605835,4.165511846542358,2.2186930179595947,0.55381178855896,1.5729379653930664,0.0976710319519043,2.1740798950195312,1.359753131866455,2.139916181564331,4.9306299686431885,3.2523062229156494,1.5293641090393066,0.09544920921325684,0.18843507766723633,1.9313390254974365
0.03	GG2	1.5846099853515625,1.8595678806304932,0.5559899806976318,1.631937026977539,6.807875156402588,1.0047531127929688,0.6439049243927002,1.1771492958068848,1.2663278579711914,1.8419408798217773,2.228318214416504,2.2234091758728027,2.6497950553894043,3.037933111190796,2.2958946228027344,8.452193975448608,1.3215749263763428,0.2932150363922119,2.4422571659088135,1.1905972957611084,0.9136972427368164,0.0964210033416748,1.007627010345459,0.8360841274261475,3.837589979171753,1.484825849533081,4.329040765762329,6.656430721282959,1.2236599922180176,1.0128650665283203,1.866119384765625,0.37219834327697754,0.18984103202819824,1.8501458168029785,1.6862170696258545,4.30197286605835,4.165511846542358,2.2186930179595947,0.55381178855896,1.5729379653930664,0.0976710319519043,2.1740798950195312,1.359753131866455,2.139916181564331,4.9306299686431885,3.2523062229156494,1.5293641090393066,0.09544920921325684,0.18843507766723633,1.9313390254974365
0.04	GEE	0.882681131362915,0.9068069458007812,1.0595269203186035,0.9738509654998779,1.0041208267211914,0.9686911106109619,1.267557144165039,1.116206169128418,0.9552786350250244,0.9988961219787598,0.9426722526550293,1.2621560096740723,1.300901174545288,0.8106899261474609,0.9457223415374756,1.1622042655944824,1.09877610206604,0.9521982669830322,0.9572830200195312,1.335684061050415,0.8116180896759033,1.0026659965515137,0.9301691055297852,0.8981108665466309,0.9889991283416748,1.2343339920043945,1.1013309955596924,1.0165350437164307,0.9305453300476074,0.931938886642456,1.475724220275879,1.0394670963287354,1.0875799655914307,0.9361460208892822,1.075678825378418,0.9945170879364014,1.091076135635376,0.9370300769805908,1.0604660511016846,1.0536136627197266,1.0663819313049316,1.0318913459777832,1.01798677444458,0.963097095489502,1.1188390254974365,0.885875940322876,1.0002098083496094,1.0910298824310303,1.1657509803771973,0.9854919910430908
0.04	GNN	8.866530895233154,7.014244079589844,10.657849788665771,3.920098066329956,7.344022035598755,3.850734233856201,8.495966911315918,5.0626060962677,5.168321132659912,8.059459209442139,9.183735132217407,6.098717927932739,10.55579400062561,5.943416118621826,4.723794937133789,4.39709997177124,9.179333686828613,6.650636196136475,6.877699851989746,14.721780061721802,6.465025901794434,8.951659917831421,7.176481008529663,7.338230133056641,7.911553859710693,8.791617155075073,7.044987916946411,7.156395196914673,3.685666799545288,8.752240180969238,8.598603010177612,5.61151909828186,6.386793851852417,3.7193191051483154,9.599772930145264,3.078505039215088,7.504194021224976,4.02900505065918,8.912435054779053,3.1844921112060547,11.246020078659058,6.890908241271973,6.8078532218933105,5.10162878036499,4.149414777755737,9.926361083984375,8.670376062393188,6.16352915763855,14.03907299041748,10.270915031433105
0.04	GG	3.739480972290039,7.196805715560913,2.5135498046875,2.511151075363159,1.7713038921356201,3.549359083175659,1.0713410377502441,2.632896900177002,0.8813297748565674,3.4559860229492188,8.67339277267456,0.10336995124816895,1.9238438606262207,3.5543649196624756,1.1916239261627197,2.6313610076904297,0.7857620716094971,3.5952749252319336,1.7618670463562012,2.973435163497925,3.4972500801086426,1.1982877254486084,0.3929409980773926,3.041201114654541,2.1930878162384033,8.772629976272583,0.19823193550109863,6.206315040588379,1.1884820461273193,0.19887590408325195,3.14966082572937,3.662353277206421,1.1816530227661133,0.7838408946990967,2.863492012023926,1.745351791381836,6.465644121170044,3.983581066131592,1.958996057510376,2.1262459754943848,0.1025388240814209,3.873966932296753,10.484844207763672,1.0796279907226562,4.710284948348999,8.522021770477295,1.9696950912475586,1.6903250217437744,3.318678140640259,0.1018528938293457
0.04	GG2	3.739480972290039,7.196805715560913,2.5135498046875,2.511151075363159,1.7713038921356201,3.549359083175659,1.0713410377502441,2.632896900177002,0.8813297748565674,3.4559860229492188,8.67339277267456,0.10336995124816895,1.9238438606262207,3.5543649196624756,1.1916239261627197,2.6313610076904297,0.7857620716094971,3.5952749252319336,1.7618670463562012,2.973435163497925,3.4972500801086426,1.1982877254486084,0.3929409980773926,3.041201114654541,2.1930878162384033,8.772629976272583,0.19823193550109863,6.206315040588379,1.1884820461273193,0.19887590408325195,3.14966082572937,3.662353277206421,1.1816530227661133,0.7838408946990967,2.863492012023926,1.745351791381836,6.465644121170044,3.983581066131592,1.958996057510376,2.1262459754943848,0.1025388240814209,3.873966932296753,10.484844207763672,1.0796279907226562,4.710284948348999,8.522021770477295,1.9696950912475586,1.6903250217437744,3.318678140640259,0.1018528938293457
0.05	GEE	1.575845718383789,1.4469668865203857,1.3304178714752197,1.3778679370880127,1.5640828609466553,1.640340805053711,1.5314600467681885,1.9500658512115479,1.4042370319366455,1.6009509563446045,2.0656588077545166,1.8529939651489258,1.469451665878296,1.4050450325012207,1.6285932064056396,1.403196096420288,1.3462638854980469,1.82090425491333,1.4083662033081055,1.7069151401519775,1.6092290878295898,1.3043639659881592,1.4828999042510986,1.5461528301239014,9.194570064544678,1.4681341648101807,1.8938250541687012,1.5624639987945557,1.3526692390441895,1.2099549770355225,1.8294918537139893,2.1594078540802,1.3104498386383057,1.3820481300354004,1.4152119159698486,1.5502240657806396,1.9683177471160889,1.9220690727233887,9.242568969726562,1.3458638191223145,1.4065871238708496,1.5968177318572998,2.3706271648406982,9.375714778900146,2.0093088150024414,1.6135869026184082,1.622910976409912,1.3879280090332031,1.8139019012451172,1.5085058212280273
0.05	GNN	5.88897180557251,14.06939697265625,10.96558928489685,12.758643865585327,8.304522037506104,13.882633924484253,13.745280981063843,9.427704811096191,10.149142026901245,12.412414073944092,14.308435916900635,10.688064098358154,11.541568040847778,7.229726791381836,12.204192161560059,7.361220121383667,7.042703866958618,9.219063997268677,9.376477003097534,11.100959062576294,6.349605083465576,10.4724280834198,10.032568216323853,10.818075895309448,13.781243085861206,9.39133882522583,11.537055969238281,11.402753591537476,11.41698694229126,15.369715929031372,10.232680797576904,11.645768880844116,9.163758993148804,13.041964054107666,9.546695947647095,7.504812955856323,13.05731987953186,18.50228714942932,16.251667976379395,14.644670009613037,10.076222896575928,13.823671102523804,12.167601823806763,11.887680053710938,9.040553092956543,14.32459807395935,10.187294960021973,12.45625114440918,10.96637511253357,11.088860988616943
0.05	GG	2.5351669788360596,1.2218601703643799,3.6617650985717773,11.287718057632446,3.289997100830078,5.901472806930542,9.042349100112915,8.907299041748047,8.994946956634521,9.478137254714966,9.100417137145996,1.726274013519287,10.7342848777771,0.821094274520874,9.077453851699829,5.5868518352508545,8.344014167785645,9.209000825881958,6.394474983215332,9.29942798614502,6.4647040367126465,5.1885740756988525,8.968651056289673,9.034810304641724,9.119487047195435,9.03771686553955,8.975657939910889,9.610958814620972,5.147603988647461,9.164193868637085,9.128382921218872,11.229511976242065,9.215220212936401,8.9690260887146,3.191343069076538,0.7091972827911377,8.951903104782104,9.099121809005737,10.250225067138672,16.513862133026123,10.32561206817627,3.363105058670044,9.205742835998535,8.967334985733032,3.9541046619415283,9.183719158172607,8.961854934692383,4.522947788238525,9.029001951217651,10.343494892120361
0.05	GG2	2.5351669788360596,1.2218601703643799,3.6617650985717773,11.287718057632446,3.289997100830078,5.901472806930542,9.042349100112915,8.907299041748047,8.994946956634521,9.478137254714966,9.100417137145996,1.726274013519287,10.7342848777771,0.821094274520874,9.077453851699829,5.5868518352508545,8.344014167785645,9.209000825881958,6.394474983215332,9.29942798614502,6.4647040367126465,5.1885740756988525,8.968651056289673,9.034810304641724,9.119487047195435,9.03771686553955,8.975657939910889,9.610958814620972,5.147603988647461,9.164193868637085,9.128382921218872,11.229511976242065,9.215220212936401,8.9690260887146,3.191343069076538,0.7091972827911377,8.951903104782104,9.099121809005737,10.250225067138672,16.513862133026123,10.32561206817627,3.363105058670044,9.205742835998535,8.967334985733032,3.9541046619415283,9.183719158172607,8.961854934692383,4.522947788238525,9.029001951217651,10.343494892120361
0.06	GEE	5.443197965621948,3.0573678016662598,8.822735071182251,2.0107579231262207,2.057680130004883,1.628995656967163,1.6032650470733643,3.9317708015441895,1.628321886062622,1.7664062976837158,3.2891719341278076,8.95188283920288,2.620112895965576,2.0599019527435303,1.9057090282440186,2.1854422092437744,6.0085320472717285,3.0184690952301025,8.686843156814575,2.0902130603790283,1.9659850597381592,2.357672929763794,3.05024790763855,2.1991348266601562,1.8052899837493896,9.418897867202759,2.4812779426574707,2.0759871006011963,1.9045166969299316,3.4300899505615234,2.251384973526001,2.7277939319610596,3.2578487396240234,1.982226848602295,2.4070801734924316,3.372668981552124,1.9096088409423828,2.476062059402466,9.425683975219727,2.0809860229492188,2.4095728397369385,9.449750185012817,2.9013140201568604,2.5978822708129883,9.49022889137268,9.465499877929688,8.861015796661377,2.1012418270111084,3.066894292831421,3.6720399856567383
0.06	GNN	12.44937801361084,13.457450151443481,15.932169914245605,11.627100229263306,15.197433233261108,15.638651847839355,11.069216012954712,15.39132809638977,15.040046691894531,13.247581005096436,12.807790994644165,15.446463108062744,10.666149854660034,14.655316829681396,16.606091022491455,10.16652798652649,15.896859884262085,11.715240955352783,6.1718220710754395,15.683569192886353,11.20306396484375,15.038222074508667,10.256340026855469,14.903235912322998,16.299495220184326,14.880990266799927,17.10935878753662,14.401417970657349,12.838698863983154,10.035384893417358,21.10232901573181,12.335694789886475,13.135147094726562,19.162678003311157,10.671140909194946,15.67262887954712,13.354007005691528,13.6540367603302,15.092634916305542,13.682569026947021,14.36250376701355,12.598339796066284,14.419839859008789,15.520349979400635,16.360082864761353,20.680089712142944,19.175048112869263,14.687567234039307,15.418540954589844,11.932651042938232
0.06	GG	12.394518852233887,8.895453929901123,9.386903047561646,8.504179954528809,13.599394083023071,8.59540319442749,6.290125131607056,8.629753112792969,14.888633012771606,8.59650182723999,10.65880799293518,10.054880142211914,8.667847871780396,8.898212909698486,9.16589617729187,13.030500650405884,14.565385818481445,10.696063041687012,1.5957708358764648,14.590501308441162,11.82529878616333,8.970897912979126,13.706058025360107,9.108556032180786,10.082373857498169,9.66181206703186,12.548645973205566,14.084296226501465,8.994639158248901,9.11103892326355,8.879370927810669,9.05843997001648,11.584333896636963,9.388757944107056,9.559303998947144,8.96573519706726,8.926177024841309,15.273650169372559,11.761866092681885,10.563277244567871,9.033413887023926,11.333914995193481,9.454540014266968,9.019108057022095,15.217022895812988,9.092416048049927,8.9913489818573,8.973665714263916,8.981484174728394,12.529380798339844
0.06	GG2	12.394518852233887,8.895453929901123,9.386903047561646,8.504179954528809,13.599394083023071,8.59540319442749,6.290125131607056,8.629753112792969,14.888633012771606,8.59650182723999,10.65880799293518,10.054880142211914,8.667847871780396,8.898212909698486,9.16589617729187,13.030500650405884,14.565385818481445,10.696063041687012,1.5957708358764648,14.590501308441162,11.82529878616333,8.970897912979126,13.706058025360107,9.108556032180786,10.082373857498169,9.66181206703186,12.548645973205566,14.084296226501465,8.994639158248901,9.11103892326355,8.879370927810669,9.05843997001648,11.584333896636963,9.388757944107056,9.559303998947144,8.96573519706726,8.926177024841309,15.273650169372559,11.761866092681885,10.563277244567871,9.033413887023926,11.333914995193481,9.454540014266968,9.019108057022095,15.217022895812988,9.092416048049927,8.9913489818573,8.973665714263916,8.981484174728394,12.529380798339844
0.07	GEE	9.239734888076782,3.865386962890625,8.487255096435547,8.406646728515625,7.089123010635376,10.440550088882446,10.455304861068726,10.39949893951416,10.419749021530151,5.282036781311035,9.203227996826172,3.9627442359924316,8.93683409690857,10.48312759399414,10.527557134628296,6.726223707199097,7.688009023666382,4.6288001537323,10.516950130462646,8.916654825210571,10.36197304725647,3.5844080448150635,10.537205934524536,10.506151914596558,3.710387945175171,7.414879083633423,7.796839952468872,7.554830074310303,7.474091053009033,9.436867952346802,6.684935092926025,10.498827934265137,5.072729825973511,10.428893327713013,10.408577919006348,9.007490873336792,4.198390007019043,8.472929239273071,10.358404874801636,10.38099479675293,10.361131191253662,8.496423959732056,6.890980243682861,10.29733395576477,10.337238073348999,10.110651016235352,8.477426052093506,10.20901083946228,10.309376001358032,10.388322830200195
0.07	GNN	14.299430847167969,13.92867112159729,21.247055053710938,14.007579803466797,16.15614628791809,18.266731023788452,18.023911237716675,21.026258945465088,15.39854621887207,16.887454986572266,22.706228017807007,15.354772090911865,22.994627237319946,21.657968997955322,20.061203956604004,19.253007888793945,15.227001667022705,27.12886381149292,19.73109197616577,16.622473001480103,15.261596202850342,21.153194904327393,22.233763933181763,17.146526336669922,16.8343448638916,21.137950897216797,20.387346029281616,24.306502103805542,17.93710994720459,16.74822688102722,17.972503185272217,16.27875804901123,14.330956935882568,16.773627996444702,14.26114010810852,19.465147972106934,21.180970907211304,20.213881969451904,21.73895502090454,24.963538885116577,22.513346910476685,22.29342007637024,23.60686206817627,19.645570039749146,20.796859979629517,14.813337087631226,20.721328258514404,19.01737380027771,26.032354831695557,19.446269273757935
0.07	GG	9.218045949935913,12.194512844085693,13.152881860733032,10.032818794250488,15.639493227005005,12.342903852462769,9.375724792480469,9.286364078521729,9.40912413597107,11.312541961669922,16.19209098815918,13.861132860183716,13.855972051620483,19.251492023468018,10.060258626937866,9.310611009597778,11.29420280456543,13.634115934371948,18.471403121948242,10.298221111297607,9.310391187667847,12.938848972320557,12.063880205154419,13.80825424194336,11.04935598373413,15.94006085395813,9.385416030883789,15.880182027816772,11.801011323928833,14.35787320137024,9.617454767227173,13.345916032791138,19.42643666267395,9.391427040100098,11.657512903213501,10.258510828018188,11.904390096664429,14.47062373161316,11.73582410812378,13.454094886779785,10.642723083496094,15.083000898361206,15.325242042541504,11.866939783096313,9.145262956619263,12.100221872329712,13.92648696899414,12.056582927703857,13.376446008682251,14.664529085159302
0.07	GG2	9.218045949935913,12.194512844085693,13.152881860733032,10.032818794250488,15.639493227005005,12.342903852462769,9.375724792480469,9.286364078521729,9.40912413597107,11.312541961669922,16.19209098815918,13.861132860183716,13.855972051620483,19.251492023468018,10.060258626937866,9.310611009597778,11.29420280456543,13.634115934371948,18.471403121948242,10.298221111297607,9.310391187667847,12.938848972320557,12.063880205154419,13.80825424194336,11.04935598373413,15.94006085395813,9.385416030883789,15.880182027816772,11.801011323928833,14.35787320137024,9.617454767227173,13.345916032791138,19.42643666267395,9.391427040100098,11.657512903213501,10.258510828018188,11.904390096664429,14.47062373161316,11.73582410812378,13.454094886779785,10.642723083496094,15.083000898361206,15.325242042541504,11.866939783096313,9.145262956619263,12.100221872329712,13.92648696899414,12.056582927703857,13.376446008682251,14.664529085159302
0.08	GEE	11.240232944488525,11.223061084747314,11.356693983078003,11.14753794670105,10.983774900436401,10.97809100151062,10.935280323028564,11.17536211013794,11.250681161880493,11.080703973770142,10.996468782424927,11.02258014678955,10.988001108169556,10.658129930496216,11.104805946350098,11.14272403717041,11.080609798431396,10.961581230163574,10.793295860290527,10.97278094291687,11.113783836364746,11.131216764450073,11.226058006286621,11.268306732177734,11.190575122833252,11.198998928070068,11.291522026062012,11.240793943405151,11.296202898025513,11.364838123321533,11.243283987045288,11.41833782196045,11.568374872207642,11.345079898834229,11.263002872467041,11.488802194595337,11.62009596824646,11.367856979370117,11.702647924423218,11.371122121810913,11.546889066696167,11.592545986175537,11.653763055801392,11.38878583908081,11.404465198516846,11.378253936767578,11.324039220809937,11.460258722305298,11.30791687965393,11.409520149230957
0.08	GNN	22.757617712020874,33.58372712135315,28.50057816505432,16.92177391052246,26.84108304977417,37.1344518661499,22.790514945983887,20.16604781150818,24.916505813598633,17.639438152313232,33.77330708503723,21.55555820465088,26.090564727783203,22.80511498451233,27.333775997161865,22.138678073883057,17.95219922065735,29.76807403564453,25.640918016433716,22.620811939239502,28.39470601081848,37.72505021095276,31.218969106674194,22.557992935180664,26.210772037506104,23.582205057144165,25.646664142608643,19.036888122558594,21.13625192642212,29.646931171417236,29.70646905899048,26.46148109436035,28.126528024673462,31.665626049041748,32.2726788520813,29.05851912498474,22.029453992843628,19.45260715484619,22.142560958862305,23.24010705947876,18.770397901535034,25.82595205307007,25.762256145477295,22.0577290058136,22.177475929260254,28.92087984085083,28.26187229156494,27.214038133621216,25.32189393043518,28.86588406562805
0.08	GG	10.161175966262817,10.413429021835327,24.477549076080322,14.96327018737793,10.392524003982544,9.480448007583618,15.894257307052612,13.16392183303833,37.976885080337524,9.404363870620728,14.185109853744507,9.491786003112793,9.428881883621216,13.957286834716797,29.95284605026245,10.459206104278564,11.058948040008545,18.110713958740234,13.848381996154785,9.761953830718994,9.498358964920044,15.605126142501831,13.97624397277832,13.31707215309143,24.344492197036743,19.04962706565857,12.47666883468628,12.686142921447754,12.374693870544434,11.27922797203064,17.47693395614624,9.875134229660034,16.68080163002014,25.099156856536865,11.527531147003174,16.745632886886597,12.548991918563843,23.96006417274475,18.761936902999878,12.957045078277588,10.478194952011108,12.369402170181274,18.388836145401,13.004711866378784,17.803704977035522,12.667402029037476,13.539503812789917,10.708646297454834,15.53761887550354,9.849581241607666
0.08	GG2	10.161175966262817,10.413429021835327,24.477549076080322,14.96327018737793,10.392524003982544,9.480448007583618,15.894257307052612,13.16392183303833,37.976885080337524,9.404363870620728,14.185109853744507,9.491786003112793,9.428881883621216,13.957286834716797,29.95284605026245,10.459206104278564,11.058948040008545,18.110713958740234,13.848381996154785,9.761953830718994,9.498358964920044,15.605126142501831,13.97624397277832,13.31707215309143,24.344492197036743,19.04962706565857,12.47666883468628,12.686142921447754,12.374693870544434,11.27922797203064,17.47693395614624,9.875134229660034,16.68080163002014,25.099156856536865,11.527531147003174,16.745632886886597,12.548991918563843,23.96006417274475,18.761936902999878,12.957045078277588,10.478194952011108,12.369402170181274,18.388836145401,13.004711866378784,17.803704977035522,12.667402029037476,13.539503812789917,10.708646297454834,15.53761887550354,9.849581241607666
0.09	GEE	12.422866344451904,12.160388946533203,12.286120891571045,12.293733835220337,12.192187070846558,12.188091039657593,12.424124956130981,12.300352096557617,12.430269002914429,12.164326906204224,12.341124057769775,12.609150886535645,12.33843994140625,12.205060720443726,12.257304906845093,12.080690860748291,12.204118967056274,12.064880132675171,12.120747089385986,12.253494024276733,12.17916202545166,12.407230138778687,12.130557775497437,12.145498037338257,12.285567283630371,12.127559185028076,12.31197214126587,12.133631944656372,11.972868919372559,12.475024938583374,12.326900005340576,12.09854793548584,12.317249059677124,12.153142929077148,12.280455112457275,12.114868879318237,12.394523859024048,12.189627170562744,12.377454042434692,12.107392072677612,12.694145917892456,12.025047779083252,12.022228240966797,12.03777813911438,12.090803861618042,11.912258863449097,12.113929271697998,11.89962911605835,11.976032018661499,11.98153805732727
0.09	GNN	37.961151123046875,35.940303802490234,42.27906084060669,39.23476195335388,57.439247131347656,51.29219603538513,38.33129906654358,57.894882678985596,35.554486989974976,58.46023082733154,56.761879205703735,39.81129693984985,58.30029010772705,43.96107316017151,36.71029877662659,57.34739589691162,45.36773204803467,26.295671939849854,57.68980598449707,49.40923094749451,57.664117097854614,47.73492670059204,57.472312211990356,57.309398889541626,40.71345114707947,47.6987099647522,57.40604305267334,40.03964686393738,57.62572693824768,53.55276584625244,29.28989291191101,32.15701389312744,57.46319103240967,31.70527482032776,50.82717704772949,33.8695809841156,33.902597188949585,36.13345217704773,40.022315979003906,52.427257776260376,43.13563823699951,55.01896810531616,58.0870099067688,24.61060881614685,58.19101810455322,53.73928213119507,36.467602014541626,45.98846507072449,43.19514989852905,45.09417486190796
0.09	GG	19.43643808364868,24.550736904144287,28.051538944244385,33.77191615104675,59.514655113220215,51.01178598403931,46.70660996437073,24.315301179885864,48.11944818496704,20.495357990264893,11.766471862792969,36.89520287513733,22.284496068954468,53.87982702255249,43.60631608963013,58.333576917648315,58.53567814826965,56.09711265563965,59.30899095535278,38.872982025146484,15.090903043746948,58.46663498878479,38.824177980422974,54.852022886276245,55.71903371810913,59.051275968551636,42.416224002838135,18.690056085586548,49.08712410926819,11.472349166870117,32.69734716415405,58.63588094711304,58.851258277893066,59.65161681175232,14.242303133010864,14.931384086608887,46.55925679206848,58.959019899368286,58.56920909881592,59.618165016174316,46.88542103767395,57.442952394485474,58.40138792991638,42.32119274139404,11.100008964538574,60.62677192687988,59.3528950214386,28.413036823272705,43.55158305168152,57.77011489868164
0.09	GG2	19.43643808364868,24.550736904144287,28.051538944244385,33.77191615104675,59.514655113220215,51.01178598403931,46.70660996437073,24.315301179885864,48.11944818496704,20.495357990264893,11.766471862792969,36.89520287513733,22.284496068954468,53.87982702255249,43.60631608963013,58.333576917648315,58.53567814826965,56.09711265563965,59.30899095535278,38.872982025146484,15.090903043746948,58.46663498878479,38.824177980422974,54.852022886276245,55.71903371810913,59.051275968551636,42.416224002838135,18.690056085586548,49.08712410926819,11.472349166870117,32.69734716415405,58.63588094711304,58.851258277893066,59.65161681175232,14.242303133010864,14.931384086608887,46.55925679206848,58.959019899368286,58.56920909881592,59.618165016174316,46.88542103767395,57.442952394485474,58.40138792991638,42.32119274139404,11.100008964538574,60.62677192687988,59.3528950214386,28.413036823272705,43.55158305168152,57.77011489868164
0.1	GEE	11.00562596321106,11.812643051147461,12.240198850631714,12.260244846343994,12.076092958450317,12.045282125473022,12.02406907081604,12.583800077438354,13.042458772659302,13.060476064682007,12.95645785331726,13.053539752960205,13.055509090423584,12.912585973739624,12.462722063064575,12.407925128936768,12.648378849029541,12.595719814300537,12.625319957733154,12.68557596206665,12.578788757324219,12.391884803771973,12.47849702835083,12.283308982849121,12.57138991355896,12.520167827606201,12.481190919876099,12.67990493774414,12.75141716003418,12.735484838485718,12.408682107925415,12.640193939208984,12.730471134185791,12.63483715057373,12.616328001022339,12.618295192718506,12.782068967819214,12.795444011688232,12.67222785949707,12.639386892318726,12.740086793899536,12.586306810379028,12.88077998161316,12.613960266113281,12.633191108703613,12.89244794845581,12.673709630966187,12.796814203262329,12.731128215789795,12.539078950881958
0.1	GNN	10.490103721618652,27.93898296356201,12.274939060211182,38.25954008102417,23.892637968063354,11.642504930496216,25.75020694732666,20.29319405555725,59.49367332458496,35.00254011154175,10.903257131576538,16.751508951187134,15.901949882507324,30.286823987960815,17.738893032073975,18.81296706199646,45.78275012969971,18.368743896484375,28.252142906188965,14.199313879013062,35.574825048446655,21.959349155426025,16.67645287513733,19.308876037597656,20.760672092437744,23.241687059402466,10.968729019165039,16.307801008224487,42.71723413467407,31.686792850494385,27.32892370223999,18.65250515937805,42.22552990913391,15.959954261779785,23.6300151348114,20.287851095199585,25.079360008239746,30.57225275039673,29.23108696937561,24.547040939331055,21.29196786880493,10.638024091720581,30.877124071121216,10.92702579498291,38.46171998977661,27.183391094207764,22.907011032104492,12.330259323120117,18.757952213287354,30.321712017059326
0.1	GG	25.963409900665283,18.092114210128784,32.59647011756897,32.014041900634766,29.00413203239441,31.18876075744629,17.951961755752563,38.732170820236206,27.814144134521484,20.10184597969055,19.991851806640625,41.16371202468872,21.983844757080078,21.920902967453003,41.818357944488525,20.52096676826477,11.821816205978394,25.134116888046265,24.293100833892822,18.571797847747803,19.858012914657593,22.97187113761902,23.358464002609253,32.00789976119995,23.887416124343872,39.68710780143738,13.28004789352417,13.403816938400269,12.198441982269287,24.39316487312317,20.310944080352783,22.646785020828247,25.099067211151123,22.077529907226562,21.20686388015747,20.300390005111694,23.5366690158844,31.115823984146118,16.608215808868408,12.284745931625366,28.367992877960205,53.4235200881958,28.056728839874268,18.132204055786133,40.186771869659424,11.80580186843872,27.79653000831604,24.104218006134033,17.961395025253296,38.49858999252319
0.1	GG2	25.963409900665283,18.092114210128784,32.59647011756897,32.014041900634766,29.00413203239441,31.18876075744629,17.951961755752563,38.732170820236206,27.814144134521484,20.10184597969055,19.991851806640625,41.16371202468872,21.983844757080078,21.920902967453003,41.818357944488525,20.52096676826477,11.821816205978394,25.134116888046265,24.293100833892822,18.571797847747803,19.858012914657593,22.97187113761902,23.358464002609253,32.00789976119995,23.887416124343872,39.68710780143738,13.28004789352417,13.403816938400269,12.198441982269287,24.39316487312317,20.310944080352783,22.646785020828247,25.099067211151123,22.077529907226562,21.20686388015747,20.300390005111694,23.5366690158844,31.115823984146118,16.608215808868408,12.284745931625366,28.367992877960205,53.4235200881958,28.056728839874268,18.132204055786133,40.186771869659424,11.80580186843872,27.79653000831604,24.104218006134033,17.961395025253296,38.49858999252319
0.11	GEE	11.406809091567993,12.221688747406006,12.399406909942627,12.65910816192627,12.956357717514038,14.721613883972168,15.415246963500977,16.083376169204712,16.159708976745605,16.124220848083496,16.01423692703247,16.378859996795654,16.601969003677368,16.437736988067627,16.691418886184692,16.900027990341187,16.90508794784546,17.078186988830566,17.667468070983887,17.041449785232544,17.08405375480652,17.165527820587158,17.353326082229614,17.283634901046753,17.3963520526886,17.324878215789795,17.23425817489624,17.41261315345764,17.407539129257202,17.290465116500854,17.27159023284912,17.1954026222229,17.606909036636353,17.2955641746521,17.284423112869263,17.455579042434692,17.54552912712097,17.649972915649414,17.183101892471313,17.372170209884644,17.278311014175415,17.199583768844604,17.47772192955017,17.484020233154297,17.33145761489868,17.4624502658844,17.308290719985962,17.49790906906128,17.265618085861206,17.273330211639404
0.11	GNN	18.2130229473114,16.664736032485962,11.892231225967407,22.889657020568848,16.34020209312439,12.110038042068481,27.3821702003479,19.202823162078857,21.90899085998535,35.3615198135376,21.65671396255493,15.797087907791138,20.785960912704468,13.490991115570068,21.765127897262573,46.65320611000061,34.63384485244751,33.131645917892456,12.98586916923523,13.164452075958252,28.364866018295288,30.415119171142578,16.80204486846924,14.494193077087402,29.027745008468628,15.511979103088379,26.094785690307617,19.765956163406372,16.74691891670227,15.248860836029053,47.01415014266968,14.033045053482056,26.626288175582886,17.881432056427002,19.496110200881958,29.799152135849,19.573173999786377,26.715707063674927,14.791938066482544,15.87942099571228,16.68304705619812,12.847028970718384,28.59262776374817,13.052320957183838,40.90318179130554,18.69202995300293,18.747559309005737,19.479048013687134,13.04898977279663,16.322344064712524
0.11	GG	22.077927112579346,19.533998012542725,15.789817094802856,34.808676958084106,18.003602981567383,12.886198043823242,13.356424331665039,29.041085243225098,20.40050721168518,17.361819982528687,35.651535987854004,15.807074069976807,19.642701148986816,44.30426216125488,18.028176069259644,13.391539096832275,13.667281150817871,13.959743976593018,12.885958909988403,13.485936164855957,19.087836027145386,18.171837091445923,18.617791175842285,21.29149889945984,13.946290731430054,41.030686378479004,17.573909759521484,19.341045141220093,13.75341510772705,19.077497005462646,15.648760080337524,15.099975347518921,30.449082136154175,16.706130027770996,14.173828840255737,17.421902179718018,18.59661889076233,18.31775999069214,26.272504091262817,24.787033796310425,13.7755126953125,40.302366971969604,14.175082206726074,22.33269715309143,33.579562187194824,14.133270740509033,27.777019023895264,29.92482614517212,35.94701790809631,13.428217887878418
0.11	GG2	22.077927112579346,19.533998012542725,15.789817094802856,34.808676958084106,18.003602981567383,12.886198043823242,13.356424331665039,29.041085243225098,20.40050721168518,17.361819982528687,35.651535987854004,15.807074069976807,19.642701148986816,44.30426216125488,18.028176069259644,13.391539096832275,13.667281150817871,13.959743976593018,12.885958909988403,13.485936164855957,19.087836027145386,18.171837091445923,18.617791175842285,21.29149889945984,13.946290731430054,41.030686378479004,17.573909759521484,19.341045141220093,13.75341510772705,19.077497005462646,15.648760080337524,15.099975347518921,30.449082136154175,16.706130027770996,14.173828840255737,17.421902179718018,18.59661889076233,18.31775999069214,26.272504091262817,24.787033796310425,13.7755126953125,40.302366971969604,14.175082206726074,22.33269715309143,33.579562187194824,14.133270740509033,27.777019023895264,29.92482614517212,35.94701790809631,13.428217887878418
0.12	GEE	18.266525983810425,18.55872893333435,18.55428194999695,18.385735034942627,18.560158014297485,18.60151505470276,18.407526969909668,18.31357216835022,16.989298105239868,16.47925901412964,16.58214282989502,16.561126947402954,16.887096881866455,16.94673490524292,16.651514053344727,16.713654041290283,16.8731369972229,16.880981922149658,17.221699237823486,16.80170202255249,16.845027923583984,16.74777388572693,16.575872659683228,16.72528600692749,16.793849229812622,16.70966410636902,16.64380407333374,16.642637014389038,16.702898025512695,16.768141269683838,17.143680095672607,16.69179892539978,17.090077877044678,16.991531133651733,16.811625957489014,16.58493185043335,16.52926206588745,16.949666023254395,16.75023102760315,16.345702171325684,16.98928165435791,16.719462156295776,16.59376287460327,16.788334131240845,17.00991702079773,16.699154138565063,16.71157670021057,16.695298194885254,16.794210195541382,16.80457592010498
0.12	GNN	41.05402708053589,21.105133056640625,19.796520948410034,14.844300031661987,31.807090044021606,18.405496835708618,17.37098217010498,18.942620992660522,40.094695806503296,12.34469723701477,12.689831972122192,28.44078493118286,24.574243783950806,18.256592988967896,19.083778142929077,12.84485912322998,12.573395013809204,14.46675992012024,12.65884804725647,12.525290966033936,15.190776109695435,14.239993810653687,27.04618000984192,28.951873064041138,12.604373931884766,15.240185022354126,12.870907068252563,18.642192840576172,23.34675884246826,12.386395931243896,17.055361032485962,18.20913815498352,12.27997088432312,12.613774061203003,12.6581392288208,20.0974338054657,12.479595184326172,12.544765949249268,13.906001806259155,30.62680411338806,27.60373282432556,12.445144176483154,12.628368854522705,13.381359100341797,12.77946400642395,12.611069917678833,25.959836959838867,12.422888994216919,12.74623990058899,12.567545890808105
0.12	GG	13.497095108032227,22.710712671279907,17.893508911132812,16.748414039611816,22.636998891830444,13.868465185165405,13.61281704902649,13.321013927459717,19.908993005752563,18.754966020584106,13.323667049407959,24.343026161193848,16.993731021881104,13.30314016342163,13.217582941055298,12.848917007446289,22.220230102539062,18.14278507232666,14.265320777893066,23.31135106086731,19.408569812774658,13.100830078125,13.238935947418213,13.65653395652771,28.127259254455566,13.5624418258667,19.670583963394165,13.567330121994019,22.72491192817688,13.420928716659546,18.637969970703125,27.47623085975647,16.70449995994568,21.01352310180664,13.23284101486206,19.8228919506073,15.818506956100464,12.964688301086426,14.764826774597168,21.594812870025635,28.410457849502563,13.266270875930786,15.249429941177368,13.698929071426392,18.702177047729492,12.66511082649231,13.258356809616089,13.414225816726685,13.408939123153687,18.782536029815674
0.12	GG2	13.497095108032227,22.710712671279907,17.893508911132812,16.748414039611816,22.636998891830444,13.868465185165405,13.61281704902649,13.321013927459717,19.908993005752563,18.754966020584106,13.323667049407959,24.343026161193848,16.993731021881104,13.30314016342163,13.217582941055298,12.848917007446289,22.220230102539062,18.14278507232666,14.265320777893066,23.31135106086731,19.408569812774658,13.100830078125,13.238935947418213,13.65653395652771,28.127259254455566,13.5624418258667,19.670583963394165,13.567330121994019,22.72491192817688,13.420928716659546,18.637969970703125,27.47623085975647,16.70449995994568,21.01352310180664,13.23284101486206,19.8228919506073,15.818506956100464,12.964688301086426,14.764826774597168,21.594812870025635,28.410457849502563,13.266270875930786,15.249429941177368,13.698929071426392,18.702177047729492,12.66511082649231,13.258356809616089,13.414225816726685,13.408939123153687,18.782536029815674
0.13	GEE	17.759641647338867,17.731505870819092,17.448210954666138,18.01795196533203,17.64825201034546,17.560044050216675,17.586633920669556,17.637252807617188,17.83175301551819,17.76250696182251,17.613769054412842,17.563373804092407,17.607994079589844,17.648528814315796,17.498651266098022,17.671303033828735,17.559494972229004,17.454689025878906,17.450777769088745,17.77261781692505,17.51604676246643,17.692595958709717,17.61405324935913,17.61915922164917,17.465710639953613,17.594090938568115,17.858216047286987,17.715006828308105,17.364073038101196,17.580873012542725,17.5820472240448,17.686858892440796,17.67956805229187,17.490070104599,17.703469038009644,17.563438892364502,17.65264916419983,17.53081703186035,18.451112031936646,17.68797516822815,17.515328884124756,17.641095876693726,17.472299098968506,17.916057109832764,17.632367849349976,17.829256772994995,17.504415035247803,17.520209074020386,17.38055396080017,17.678553819656372
0.13	GNN	13.606158018112183,13.07250189781189,17.87940812110901,16.082812786102295,18.199291944503784,12.978201150894165,16.59491515159607,12.48220705986023,12.863924026489258,12.891010046005249,12.78718900680542,13.520586967468262,17.8526771068573,12.86946988105774,12.846383810043335,12.813582181930542,12.95773196220398,12.811649084091187,12.764945983886719,12.676532983779907,13.223474264144897,25.18507695198059,12.886853694915771,17.080071926116943,12.845119953155518,12.788769006729126,12.809077024459839,28.443734884262085,12.726110935211182,12.73255181312561,22.962923049926758,20.770641803741455,16.423781871795654,12.573269128799438,23.1566641330719,13.062682867050171,12.701941013336182,17.126267194747925,12.798758029937744,14.699453115463257,12.734008073806763,12.750555753707886,15.832234144210815,18.21674680709839,12.784617900848389,16.991708040237427,12.836957931518555,17.091583967208862,17.862406969070435,12.819080829620361
0.13	GG	51.19519567489624,13.474751949310303,13.665830850601196,25.316661834716797,13.649463176727295,13.50658392906189,19.495762825012207,13.803126096725464,13.789180755615234,17.31429409980774,20.960529327392578,19.127543210983276,23.24859595298767,20.374269008636475,13.905375003814697,13.75650691986084,13.40716004371643,13.626279830932617,13.849877834320068,13.341186046600342,23.028361797332764,15.060271739959717,27.56828498840332,14.193221092224121,24.029432773590088,43.03344011306763,13.434993028640747,13.274649858474731,16.354730129241943,18.131101846694946,15.158612966537476,13.504552125930786,13.564768075942993,17.839812755584717,22.563436031341553,33.04897403717041,26.183037996292114,13.851343154907227,16.63179087638855,13.377189874649048,13.441127300262451,13.497805118560791,13.392170906066895,20.718160152435303,13.24753189086914,19.881304025650024,13.478924036026001,16.776420831680298,21.489320039749146,21.595232009887695
0.13	GG2	51.19519567489624,13.474751949310303,13.665830850601196,25.316661834716797,13.649463176727295,13.50658392906189,19.495762825012207,13.803126096725464,13.789180755615234,17.31429409980774,20.960529327392578,19.127543210983276,23.24859595298767,20.374269008636475,13.905375003814697,13.75650691986084,13.40716004371643,13.626279830932617,13.849877834320068,13.341186046600342,23.028361797332764,15.060271739959717,27.56828498840332,14.193221092224121,24.029432773590088,43.03344011306763,13.434993028640747,13.274649858474731,16.354730129241943,18.131101846694946,15.158612966537476,13.504552125930786,13.564768075942993,17.839812755584717,22.563436031341553,33.04897403717041,26.183037996292114,13.851343154907227,16.63179087638855,13.377189874649048,13.441127300262451,13.497805118560791,13.392170906066895,20.718160152435303,13.24753189086914,19.881304025650024,13.478924036026001,16.776420831680298,21.489320039749146,21.595232009887695
0.13999999999999999	GEE	18.520130157470703,18.412826776504517,18.528486967086792,18.4310941696167,18.58713126182556,18.482354879379272,18.50709891319275,18.605523109436035,18.58181118965149,18.617120027542114,18.645660877227783,18.77194905281067,18.628382921218872,18.52153491973877,18.50766110420227,18.306272983551025,18.649292945861816,18.50974178314209,18.435985803604126,18.653888940811157,18.515578985214233,18.705697059631348,18.376963138580322,18.578447103500366,19.08243417739868,18.62059497833252,18.802693128585815,18.275562047958374,18.555572032928467,18.55675220489502,18.63406205177307,18.42336630821228,18.44008994102478,18.429616928100586,18.803502798080444,18.632171869277954,18.501699924468994,18.641714334487915,18.468223094940186,18.40281081199646,18.744794130325317,18.508081912994385,18.80653691291809,18.478734016418457,18.707674741744995,18.533071041107178,18.55937385559082,18.629482984542847,18.724052906036377,18.56664204597473
0.13999999999999999	GNN	13.107196807861328,13.002597093582153,15.223418235778809,13.128232955932617,20.7848219871521,16.220804929733276,14.371726989746094,13.282011270523071,13.03045392036438,13.090342998504639,13.010704040527344,14.174958229064941,12.870644092559814,14.47740888595581,13.05726408958435,13.130865335464478,12.899333000183105,12.891849040985107,13.024915933609009,14.242021799087524,13.120270252227783,16.334491968154907,26.745866060256958,12.95877718925476,12.851054191589355,12.843792915344238,13.065356016159058,13.097249984741211,13.039385080337524,13.245068073272705,13.431731939315796,21.984353065490723,12.858415126800537,12.712467193603516,13.196474075317383,13.05635690689087,12.949831008911133,13.910635948181152,12.805684328079224,14.663341283798218,13.164334774017334,13.050435066223145,14.908641815185547,12.943371057510376,13.105396032333374,13.184677124023438,13.111378908157349,13.091535091400146,13.061972856521606,15.725677013397217
0.13999999999999999	GG	15.915925979614258,15.650207042694092,18.82133412361145,13.92745304107666,13.845423221588135,13.747559309005737,17.819432973861694,19.235070943832397,13.775821208953857,14.084560871124268,13.978040933609009,13.592063903808594,24.98905324935913,17.148211002349854,13.491341829299927,15.833414316177368,13.861456871032715,13.643764972686768,14.011609077453613,14.117491960525513,37.95945692062378,14.175664901733398,20.275346994400024,19.234906911849976,27.275675058364868,13.920522928237915,18.60387420654297,14.314414024353027,17.901511907577515,15.980398178100586,13.860644102096558,18.363918781280518,13.500751972198486,18.37330198287964,13.956751823425293,13.892789125442505,13.933572769165039,20.045690059661865,13.833802938461304,13.970129013061523,17.920839071273804,19.113017082214355,19.69394588470459,28.230432987213135,20.236600160598755,21.578314304351807,13.924134969711304,14.026892900466919,14.005759000778198,13.332964658737183
0.13999999999999999	GG2	15.915925979614258,15.650207042694092,18.82133412361145,13.92745304107666,13.845423221588135,13.747559309005737,17.819432973861694,19.235070943832397,13.775821208953857,14.084560871124268,13.978040933609009,13.592063903808594,24.98905324935913,17.148211002349854,13.491341829299927,15.833414316177368,13.861456871032715,13.643764972686768,14.011609077453613,14.117491960525513,37.95945692062378,14.175664901733398,20.275346994400024,19.234906911849976,27.275675058364868,13.920522928237915,18.60387420654297,14.314414024353027,17.901511907577515,15.980398178100586,13.860644102096558,18.363918781280518,13.500751972198486,18.37330198287964,13.956751823425293,13.892789125442505,13.933572769165039,20.045690059661865,13.833802938461304,13.970129013061523,17.920839071273804,19.113017082214355,19.69394588470459,28.230432987213135,20.236600160598755,21.578314304351807,13.924134969711304,14.026892900466919,14.005759000778198,13.332964658737183
0.14999999999999997	GEE	19.53233313560486,19.53817915916443,19.447711944580078,19.593870162963867,19.92486310005188,19.571897983551025,19.555588006973267,19.63333821296692,19.49392008781433,19.462217807769775,19.812680959701538,19.060672998428345,19.46716284751892,19.883054971694946,19.456525087356567,19.43014907836914,19.824487924575806,19.499318838119507,19.404083013534546,19.508221864700317,19.386240005493164,19.420395135879517,19.703180074691772,19.4251492023468,19.52092218399048,19.068108081817627,19.226924180984497,19.545915842056274,19.463723182678223,20.208153009414673,19.42287588119507,19.417598009109497,19.38642406463623,19.348938941955566,19.52713108062744,19.388346910476685,19.432968854904175,20.028209924697876,19.588260889053345,19.361539125442505,19.478535175323486,19.561548948287964,19.516434907913208,19.418577194213867,19.467622756958008,19.744006156921387,19.43532109260559,19.450471878051758,19.493726015090942,19.525165796279907
0.14999999999999997	GNN	13.56305193901062,13.073607921600342,13.7848961353302,19.804095029830933,13.5034499168396,16.334210872650146,13.456470966339111,13.493098020553589,13.228255987167358,13.507181167602539,13.399500131607056,18.69170093536377,13.947897672653198,13.52456784248352,13.242809057235718,13.33222508430481,15.64504885673523,13.407363653182983,13.284506797790527,13.546142816543579,13.375059843063354,14.72897481918335,13.323869943618774,13.631445169448853,13.461993932723999,13.28003191947937,16.83095097541809,13.297774076461792,17.268700122833252,13.389965057373047,14.081505060195923,13.253830909729004,13.282455682754517,13.203116178512573,13.635872840881348,13.20960807800293,13.351001024246216,18.67306089401245,15.131862163543701,13.314068078994751,13.298898935317993,13.344015121459961,13.609504699707031,13.301599025726318,27.96402621269226,16.17013907432556,13.245162010192871,13.414149761199951,13.3629732131958,13.253630876541138
0.14999999999999997	GG	19.2115318775177,14.098857879638672,13.961327075958252,13.933732748031616,18.832854747772217,14.181790828704834,13.322479963302612,13.786303997039795,21.77475905418396,14.375295162200928,13.796847820281982,19.528955221176147,14.573812007904053,19.80621886253357,14.164168119430542,21.711289167404175,14.375135898590088,18.231520891189575,13.905030727386475,17.801877975463867,14.334962129592896,13.982594013214111,21.34647822380066,19.745599031448364,22.241068840026855,16.82547879219055,14.100530862808228,20.378318071365356,14.312472105026245,13.515100955963135,13.98264193534851,23.63309407234192,21.284700870513916,14.163168907165527,18.84096097946167,14.157761096954346,14.11574101448059,22.73388695716858,14.181052207946777,14.169724702835083,14.147923946380615,18.46287703514099,13.903854131698608,17.76003885269165,13.997262001037598,14.273375988006592,13.900820970535278,14.124318838119507,14.016965866088867,15.245895147323608
0.14999999999999997	GG2	19.2115318775177,14.098857879638672,13.961327075958252,13.933732748031616,18.832854747772217,14.181790828704834,13.322479963302612,13.786303997039795,21.77475905418396,14.375295162200928,13.796847820281982,19.528955221176147,14.573812007904053,19.80621886253357,14.164168119430542,21.711289167404175,14.375135898590088,18.231520891189575,13.905030727386475,17.801877975463867,14.334962129592896,13.982594013214111,21.34647822380066,19.745599031448364,22.241068840026855,16.82547879219055,14.100530862808228,20.378318071365356,14.312472105026245,13.515100955963135,13.98264193534851,23.63309407234192,21.284700870513916,14.163168907165527,18.84096097946167,14.157761096954346,14.11574101448059,22.73388695716858,14.181052207946777,14.169724702835083,14.147923946380615,18.46287703514099,13.903854131698608,17.76003885269165,13.997262001037598,14.273375988006592,13.900820970535278,14.124318838119507,14.016965866088867,15.245895147323608
