0.06	GEE	5.396345853805542,2.962228775024414,8.47908616065979,1.961987018585205,2.0627410411834717,1.6208901405334473,1.5756502151489258,3.8707361221313477,1.6106979846954346,1.7634658813476562,3.2205631732940674,8.817697763442993,2.6032302379608154,2.022578001022339,1.8639769554138184,2.1391141414642334,5.934791088104248,2.9118409156799316,8.754180192947388,2.0931649208068848,1.932295322418213,2.2695178985595703,2.8484139442443848,2.0631678104400635,1.6863489151000977,9.006062984466553,2.3270928859710693,2.030679225921631,1.7874698638916016,3.256300210952759,2.107050895690918,2.585235834121704,3.067918062210083,1.9093961715698242,2.267238140106201,3.220571279525757,1.7939250469207764,2.3202931880950928,8.972978830337524,1.9731099605560303,2.318661689758301,9.216068029403687,2.8051609992980957,2.541027784347534,9.19036316871643,9.23346209526062,8.747776985168457,2.190236806869507,3.0324838161468506,3.6783251762390137
0.06	GNN	11.43175196647644,12.367392778396606,14.796127080917358,11.523088216781616,14.827208042144775,15.377676963806152,10.356758117675781,14.996020078659058,14.75691294670105,12.935910940170288,12.526181936264038,15.13979983329773,10.361364841461182,14.385655164718628,16.38306474685669,10.024854898452759,15.658439874649048,11.604436159133911,6.176032066345215,15.780499935150146,11.064918041229248,14.726380109786987,9.802735090255737,14.287524938583374,15.69468069076538,14.400223970413208,16.684705018997192,13.865432977676392,12.473245859146118,9.678869009017944,20.68687891960144,12.06819200515747,12.799263954162598,18.628225088119507,10.283423900604248,15.210093975067139,13.035770177841187,13.247623920440674,14.552395105361938,13.370151042938232,14.18444299697876,12.368101835250854,15.200996160507202,15.233432054519653,16.044334888458252,20.302002906799316,19.114073991775513,14.68485713005066,15.330156087875366,11.904216051101685
0.06	GG	10.877750873565674,8.121938943862915,8.43781566619873,8.316789150238037,13.221594095230103,8.431089878082275,5.5328381061553955,8.47743272781372,14.497110843658447,8.503334999084473,10.369323015213013,9.74734616279602,8.486001968383789,8.6476309299469,9.089717149734497,12.797786951065063,14.365483045578003,10.536808967590332,1.5710210800170898,14.697074174880981,11.67656421661377,8.635367155075073,13.048556089401245,8.764813899993896,9.694354772567749,9.421809196472168,12.17462706565857,13.606307029724121,8.665482997894287,8.942590951919556,8.65995192527771,8.821285247802734,11.278890132904053,8.692779064178467,9.242647886276245,8.736418008804321,8.734442949295044,14.712709188461304,11.439414024353027,10.368796825408936,8.819685220718384,11.243090867996216,9.199464082717896,11.498594045639038,14.974575757980347,9.009724140167236,9.02332592010498,8.822439908981323,9.119684934616089,12.326977014541626
0.06	GG2	10.877750873565674,8.121938943862915,8.43781566619873,8.316789150238037,13.221594095230103,8.431089878082275,5.5328381061553955,8.47743272781372,14.497110843658447,8.503334999084473,10.369323015213013,9.74734616279602,8.486001968383789,8.6476309299469,9.089717149734497,12.797786951065063,14.365483045578003,10.536808967590332,1.5710210800170898,14.697074174880981,11.67656421661377,8.635367155075073,13.048556089401245,8.764813899993896,9.694354772567749,9.421809196472168,12.17462706565857,13.606307029724121,8.665482997894287,8.942590951919556,8.65995192527771,8.821285247802734,11.278890132904053,8.692779064178467,9.242647886276245,8.736418008804321,8.734442949295044,14.712709188461304,11.439414024353027,10.368796825408936,8.819685220718384,11.243090867996216,9.199464082717896,11.498594045639038,14.974575757980347,9.009724140167236,9.02332592010498,8.822439908981323,9.119684934616089,12.326977014541626
0.0625	GEE	7.9194440841674805,2.3005781173706055,4.265661239624023,3.0537731647491455,3.4238550662994385,1.8906800746917725,9.30503797531128,7.4931299686431885,9.284251928329468,3.5541539192199707,2.1921541690826416,2.481097936630249,2.28476881980896,9.319447755813599,2.930058002471924,4.462119817733765,4.021281957626343,3.219191074371338,7.165083885192871,3.052443027496338,6.445782899856567,4.375685691833496,5.0212931632995605,9.327184200286865,3.700853109359741,4.286584138870239,2.099324941635132,3.899489164352417,9.249231815338135,3.2532451152801514,7.3262951374053955,9.617273807525635,7.511485815048218,3.087526798248291,2.3524439334869385,2.614326000213623,9.220742225646973,9.267460823059082,1.8310539722442627,3.2965168952941895,3.5972900390625,2.8807873725891113,2.291022777557373,9.40985107421875,2.580936908721924,1.9343531131744385,2.1001176834106445,9.261835098266602,9.229414939880371,2.794236898422241
0.0625	GNN	13.517178297042847,9.692739009857178,14.562435150146484,16.637181997299194,12.53260612487793,14.798712968826294,14.57197380065918,12.280009031295776,12.81064486503601,12.399502992630005,15.869942903518677,13.246886968612671,16.573591947555542,19.179311990737915,15.20900583267212,13.633399963378906,15.05445408821106,17.224488973617554,14.302709102630615,16.490352869033813,16.753303050994873,13.24129319190979,12.572746992111206,12.143832921981812,13.66542100906372,13.319072961807251,10.31193494796753,16.843410968780518,18.013341903686523,14.182383060455322,17.180786848068237,16.062468767166138,12.067206144332886,14.85707402229309,12.833517074584961,12.65506386756897,14.118216037750244,14.1488938331604,12.769262790679932,14.478113889694214,21.299447059631348,15.453135967254639,16.471801042556763,12.828881978988647,15.404422044754028,15.982361793518066,16.393402099609375,12.43160104751587,16.25462794303894,12.433542013168335
0.0625	GG	8.825471878051758,11.16682505607605,18.956490993499756,10.48010778427124,12.360108137130737,8.622405052185059,8.628913164138794,8.603144884109497,10.66542387008667,10.933588027954102,10.794013261795044,10.079140901565552,11.705712080001831,16.808454036712646,15.052386999130249,8.551196098327637,8.673558712005615,11.931894063949585,10.694257736206055,8.702095746994019,10.555773973464966,8.585794925689697,12.181154012680054,11.645800113677979,8.512881994247437,12.106498003005981,8.713012933731079,11.226919174194336,10.660131216049194,11.352185010910034,9.098990201950073,9.374460935592651,15.560051918029785,8.626695156097412,10.529636144638062,10.827351093292236,9.583241939544678,12.939013242721558,9.951231002807617,8.797089099884033,8.862389087677002,13.271692037582397,11.942153930664062,9.71025013923645,8.603837251663208,8.396510124206543,8.56693410873413,13.0485098361969,10.145823001861572,11.349338054656982
0.0625	GG2	8.825471878051758,11.16682505607605,18.956490993499756,10.48010778427124,12.360108137130737,8.622405052185059,8.628913164138794,8.603144884109497,10.66542387008667,10.933588027954102,10.794013261795044,10.079140901565552,11.705712080001831,16.808454036712646,15.052386999130249,8.551196098327637,8.673558712005615,11.931894063949585,10.694257736206055,8.702095746994019,10.555773973464966,8.585794925689697,12.181154012680054,11.645800113677979,8.512881994247437,12.106498003005981,8.713012933731079,11.226919174194336,10.660131216049194,11.352185010910034,9.098990201950073,9.374460935592651,15.560051918029785,8.626695156097412,10.529636144638062,10.827351093292236,9.583241939544678,12.939013242721558,9.951231002807617,8.797089099884033,8.862389087677002,13.271692037582397,11.942153930664062,9.71025013923645,8.603837251663208,8.396510124206543,8.56693410873413,13.0485098361969,10.145823001861572,11.349338054656982
0.065	GEE	5.117938995361328,2.9448301792144775,2.4056897163391113,9.41675877571106,9.366330862045288,9.455469131469727,8.240908145904541,6.602976083755493,6.398128032684326,9.624264001846313,3.010732889175415,3.3791890144348145,9.524572849273682,8.03496789932251,9.662516117095947,2.8170361518859863,4.507293939590454,2.4631600379943848,3.935028314590454,4.127238035202026,2.645843029022217,9.375991821289062,2.794029951095581,3.1668570041656494,2.374466896057129,9.532493114471436,3.773674249649048,4.297811031341553,2.9948017597198486,10.024919986724854,3.175935983657837,9.729045629501343,2.8659181594848633,8.274604082107544,9.43161392211914,5.783827066421509,9.526118993759155,4.645701885223389,2.9234471321105957,9.546640157699585,9.437417984008789,9.261284112930298,9.37690806388855,2.964463949203491,2.8123598098754883,6.068418025970459,3.8199410438537598,3.579608917236328,9.454097032546997,9.422248840332031
0.065	GNN	18.602351903915405,26.43091106414795,13.612151145935059,17.95672106742859,14.392466306686401,20.648935079574585,13.926031827926636,18.326464891433716,18.359727144241333,13.025268316268921,17.319435119628906,18.094000101089478,15.576820850372314,13.779370069503784,13.08949613571167,17.406514883041382,14.674188137054443,15.25661015510559,14.046809196472168,17.10620617866516,15.213830709457397,16.7276930809021,14.628836154937744,14.76046895980835,14.63371992111206,17.033621072769165,12.28548812866211,17.34501314163208,15.808672904968262,14.941787004470825,19.51252508163452,15.543356895446777,11.70554494857788,14.63448190689087,14.205550909042358,15.11666202545166,12.866236925125122,13.194175958633423,19.142289876937866,13.95192003250122,13.27549123764038,17.597270965576172,12.03701901435852,12.167133808135986,13.761507987976074,14.910242080688477,15.561245918273926,17.52988600730896,11.669798135757446,13.651112079620361
0.065	GG	8.583450317382812,8.722989082336426,8.584275245666504,12.556085109710693,11.051385879516602,8.69348669052124,9.590229988098145,16.740089893341064,10.514810800552368,8.632771015167236,9.447382926940918,8.73065972328186,17.335770845413208,8.714602947235107,10.643152952194214,8.984852075576782,16.586400747299194,10.160601139068604,10.301138162612915,15.456629991531372,8.58524203300476,11.148981809616089,9.858633995056152,8.659852981567383,12.293274879455566,12.235357999801636,8.592687845230103,9.372078895568848,9.66414475440979,9.814697980880737,16.158629894256592,8.631181240081787,8.793521881103516,12.771239042282104,11.927441120147705,11.402103662490845,8.715553760528564,9.590561151504517,9.275776147842407,10.078694105148315,17.05443000793457,13.831223964691162,15.094415187835693,11.16372299194336,8.577322006225586,15.09736180305481,8.611976146697998,11.3122878074646,12.338488101959229,12.231904029846191
0.065	GG2	8.583450317382812,8.722989082336426,8.584275245666504,12.556085109710693,11.051385879516602,8.69348669052124,9.590229988098145,16.740089893341064,10.514810800552368,8.632771015167236,9.447382926940918,8.73065972328186,17.335770845413208,8.714602947235107,10.643152952194214,8.984852075576782,16.586400747299194,10.160601139068604,10.301138162612915,15.456629991531372,8.58524203300476,11.148981809616089,9.858633995056152,8.659852981567383,12.293274879455566,12.235357999801636,8.592687845230103,9.372078895568848,9.66414475440979,9.814697980880737,16.158629894256592,8.631181240081787,8.793521881103516,12.771239042282104,11.927441120147705,11.402103662490845,8.715553760528564,9.590561151504517,9.275776147842407,10.078694105148315,17.05443000793457,13.831223964691162,15.094415187835693,11.16372299194336,8.577322006225586,15.09736180305481,8.611976146697998,11.3122878074646,12.338488101959229,12.231904029846191
0.0675	GEE	9.80803108215332,9.717792987823486,9.743085145950317,7.902042865753174,9.857653856277466,4.671966075897217,9.900851011276245,3.0020201206207275,2.423677921295166,9.77581000328064,9.978368997573853,9.953454971313477,9.883023977279663,9.746870756149292,9.787853956222534,3.3565940856933594,8.112438917160034,3.410139799118042,8.486665964126587,8.734371662139893,9.764426946640015,3.249206066131592,9.724298000335693,3.7448129653930664,3.308912992477417,3.4834537506103516,9.685644149780273,9.78395700454712,9.652734994888306,9.76481819152832,9.961779117584229,4.0630998611450195,7.070267915725708,9.747196912765503,9.827493906021118,4.606737852096558,9.919959783554077,5.004655838012695,9.851387023925781,9.858605146408081,8.04392695426941,4.42366886138916,4.363276958465576,9.82482385635376,9.846145629882812,4.948532342910767,9.897615194320679,9.910104036331177,3.524991989135742,4.549139022827148
0.0675	GNN	17.43491816520691,13.164863109588623,15.786809206008911,17.70011615753174,15.389372825622559,21.774486780166626,18.384039163589478,12.71872091293335,17.299733877182007,15.571298122406006,12.304321050643921,15.699606657028198,13.872748136520386,16.499037981033325,13.709238767623901,15.045670986175537,13.824220895767212,13.65744400024414,21.807814836502075,17.37380886077881,19.96075701713562,13.386077880859375,17.170012950897217,14.981743812561035,12.268537044525146,15.509274244308472,19.29654312133789,15.573951005935669,17.08758020401001,17.36442804336548,23.01133704185486,15.173704385757446,16.78142499923706,14.168374061584473,23.270389080047607,17.742582082748413,15.138705968856812,16.309947967529297,15.573582887649536,14.498435020446777,17.143769025802612,18.55136799812317,19.534634113311768,12.950530767440796,17.153532028198242,15.538933992385864,16.201336145401,23.271991968154907,15.648223161697388,15.368344068527222
0.0675	GG	8.837271213531494,10.96818208694458,13.292587995529175,12.710094928741455,15.359958171844482,12.246132850646973,9.06543493270874,8.761743068695068,10.64435887336731,8.719310760498047,14.86047625541687,13.40280818939209,14.973374843597412,12.008993148803711,12.397200107574463,13.159383773803711,8.907593965530396,8.718158960342407,10.605211973190308,12.949191808700562,13.262961149215698,9.700799942016602,9.02936863899231,9.334206104278564,10.50336503982544,12.293128967285156,12.847020864486694,13.782881021499634,11.587954998016357,12.129768133163452,15.994815111160278,9.94453239440918,11.513122081756592,14.42313814163208,14.792500019073486,14.9787118434906,12.747334003448486,12.651615858078003,8.777440071105957,8.816721200942993,8.906487226486206,9.623134851455688,9.101683855056763,10.238110780715942,19.03835701942444,9.211329936981201,12.478962182998657,11.193219184875488,10.170528173446655,9.003880977630615
0.0675	GG2	8.837271213531494,10.96818208694458,13.292587995529175,12.710094928741455,15.359958171844482,12.246132850646973,9.06543493270874,8.761743068695068,10.64435887336731,8.719310760498047,14.86047625541687,13.40280818939209,14.973374843597412,12.008993148803711,12.397200107574463,13.159383773803711,8.907593965530396,8.718158960342407,10.605211973190308,12.949191808700562,13.262961149215698,9.700799942016602,9.02936863899231,9.334206104278564,10.50336503982544,12.293128967285156,12.847020864486694,13.782881021499634,11.587954998016357,12.129768133163452,15.994815111160278,9.94453239440918,11.513122081756592,14.42313814163208,14.792500019073486,14.9787118434906,12.747334003448486,12.651615858078003,8.777440071105957,8.816721200942993,8.906487226486206,9.623134851455688,9.101683855056763,10.238110780715942,19.03835701942444,9.211329936981201,12.478962182998657,11.193219184875488,10.170528173446655,9.003880977630615
0.07	GEE	10.126702070236206,3.7273430824279785,10.007338047027588,10.086531162261963,10.227797985076904,6.673727989196777,4.029124021530151,7.454751968383789,6.263285160064697,10.214498043060303,4.075153827667236,10.064077138900757,10.06420087814331,10.05921196937561,4.370919942855835,3.7866177558898926,8.534796953201294,10.107659101486206,10.269182205200195,3.7834630012512207,10.267531156539917,7.703370094299316,8.685017108917236,8.489502906799316,10.238548994064331,7.30761194229126,10.044226884841919,4.564404010772705,5.1061036586761475,8.50667691230774,7.0376739501953125,10.108745813369751,10.021443843841553,8.707510709762573,10.133759021759033,8.257086992263794,10.144638776779175,8.287017107009888,9.433048009872437,9.819256067276001,10.10061502456665,7.929654121398926,10.154881000518799,8.059269189834595,10.069021940231323,5.168808937072754,6.768269062042236,10.062445640563965,8.879406213760376,7.895272970199585
0.07	GNN	17.017591953277588,15.803339004516602,16.583888053894043,17.179447174072266,17.200947999954224,22.547356843948364,25.174401998519897,18.044853925704956,16.5022189617157,19.119160175323486,21.883162021636963,18.347786903381348,17.979538917541504,17.640557765960693,18.234200954437256,11.221837997436523,27.128475189208984,24.246696949005127,16.116523027420044,24.42754888534546,20.720207691192627,17.42205286026001,15.159226894378662,21.6912100315094,17.859578847885132,13.41608715057373,21.37276315689087,17.763131856918335,13.373413801193237,17.898717880249023,11.507031202316284,16.323787927627563,16.80722403526306,16.6892728805542,26.694697856903076,12.636584281921387,23.85772204399109,17.616244077682495,13.783432245254517,17.342241048812866,17.646350860595703,18.142797708511353,15.108166933059692,14.381907939910889,13.718554973602295,18.92946696281433,19.297454118728638,16.210341215133667,16.766795873641968,16.826170206069946
0.07	GG	10.664820909500122,14.327022075653076,10.2931969165802,8.86083984375,8.947726726531982,10.301186084747314,8.837589025497437,8.878383159637451,15.387461185455322,10.461181879043579,10.838887214660645,12.290698051452637,13.542951107025146,15.362606763839722,8.888309955596924,13.963871955871582,9.01993203163147,10.96373200416565,8.949551105499268,11.2025887966156,9.066595792770386,8.839491128921509,8.826987028121948,8.959908246994019,9.277132987976074,9.230039119720459,9.633825778961182,17.603636980056763,10.965667963027954,9.039817333221436,9.996882915496826,11.384155035018921,8.839883089065552,9.370652198791504,10.814718961715698,20.24529504776001,13.701565980911255,8.865360021591187,9.522173881530762,8.933592081069946,11.377515077590942,11.369636058807373,9.92507290840149,9.00244688987732,16.184871196746826,19.86302399635315,11.678977251052856,11.509053945541382,9.030349016189575,15.569354057312012
0.07	GG2	10.664820909500122,14.327022075653076,10.2931969165802,8.86083984375,8.947726726531982,10.301186084747314,8.837589025497437,8.878383159637451,15.387461185455322,10.461181879043579,10.838887214660645,12.290698051452637,13.542951107025146,15.362606763839722,8.888309955596924,13.963871955871582,9.01993203163147,10.96373200416565,8.949551105499268,11.2025887966156,9.066595792770386,8.839491128921509,8.826987028121948,8.959908246994019,9.277132987976074,9.230039119720459,9.633825778961182,17.603636980056763,10.965667963027954,9.039817333221436,9.996882915496826,11.384155035018921,8.839883089065552,9.370652198791504,10.814718961715698,20.24529504776001,13.701565980911255,8.865360021591187,9.522173881530762,8.933592081069946,11.377515077590942,11.369636058807373,9.92507290840149,9.00244688987732,16.184871196746826,19.86302399635315,11.678977251052856,11.509053945541382,9.030349016189575,15.569354057312012
0.07250000000000001	GEE	10.481826066970825,10.26437520980835,9.046859979629517,9.556024074554443,10.273714780807495,10.40184497833252,10.436722040176392,9.64861011505127,10.501680135726929,9.347577095031738,8.855868339538574,10.36312198638916,10.452353954315186,10.24207091331482,10.315196990966797,8.580393314361572,8.521974086761475,6.672973155975342,7.355795860290527,9.34997296333313,10.309148788452148,10.398859977722168,10.383258819580078,9.293092727661133,10.378627061843872,10.346357107162476,8.008362054824829,10.300658226013184,10.362062692642212,10.409317970275879,10.414846181869507,10.354772090911865,9.117550134658813,10.350966930389404,10.336404085159302,10.339293956756592,10.305914163589478,10.276057958602905,10.012995958328247,10.430874109268188,9.211205959320068,8.802901983261108,8.347355127334595,10.415380954742432,10.254522800445557,10.328539848327637,10.307978868484497,5.85981297492981,8.871794939041138,8.906979084014893
0.07250000000000001	GNN	18.532045125961304,22.128599166870117,18.14487600326538,20.29022789001465,14.042715787887573,22.357216119766235,13.608731985092163,15.786581993103027,24.02401614189148,19.265042781829834,18.322346925735474,30.70887589454651,22.434913873672485,20.567466020584106,14.042987823486328,12.939190864562988,18.85869598388672,11.759757041931152,22.8197340965271,21.763728141784668,16.238008975982666,21.477572917938232,18.482668161392212,17.887115001678467,19.822651863098145,22.71777105331421,16.404661893844604,13.395207166671753,19.26617980003357,16.551265001296997,12.899577140808105,28.385766983032227,16.84729290008545,20.486868858337402,22.62125277519226,24.052473306655884,21.79493284225464,20.44538903236389,18.193973064422607,17.836134910583496,18.406939029693604,21.715121030807495,20.01915407180786,21.041794061660767,22.385130882263184,20.394242763519287,24.061942100524902,18.788156270980835,20.574360847473145,21.681504011154175
0.07250000000000001	GG	9.053741931915283,9.842037916183472,11.329638004302979,17.70148205757141,11.983375072479248,11.844444274902344,9.854749917984009,9.054351091384888,13.27320408821106,11.20227599143982,9.226909875869751,13.628878116607666,12.333372831344604,8.884183883666992,12.54310131072998,18.78215217590332,13.402451992034912,13.792086124420166,14.75653886795044,9.36060094833374,9.521819829940796,14.397681951522827,8.903836965560913,13.12215805053711,9.58462405204773,12.382022142410278,11.97597599029541,14.410311222076416,16.65895414352417,15.225697994232178,8.968897819519043,13.450510263442993,17.147790908813477,10.857500076293945,10.941975831985474,8.919352769851685,8.961372137069702,9.188908100128174,10.481127977371216,17.51963520050049,16.17447781562805,9.380770921707153,15.099143028259277,9.15261173248291,9.93876314163208,13.400487899780273,12.497205018997192,8.916636943817139,10.22573709487915,10.629084825515747
0.07250000000000001	GG2	9.053741931915283,9.842037916183472,11.329638004302979,17.70148205757141,11.983375072479248,11.844444274902344,9.854749917984009,9.054351091384888,13.27320408821106,11.20227599143982,9.226909875869751,13.628878116607666,12.333372831344604,8.884183883666992,12.54310131072998,18.78215217590332,13.402451992034912,13.792086124420166,14.75653886795044,9.36060094833374,9.521819829940796,14.397681951522827,8.903836965560913,13.12215805053711,9.58462405204773,12.382022142410278,11.97597599029541,14.410311222076416,16.65895414352417,15.225697994232178,8.968897819519043,13.450510263442993,17.147790908813477,10.857500076293945,10.941975831985474,8.919352769851685,8.961372137069702,9.188908100128174,10.481127977371216,17.51963520050049,16.17447781562805,9.380770921707153,15.099143028259277,9.15261173248291,9.93876314163208,13.400487899780273,12.497205018997192,8.916636943817139,10.22573709487915,10.629084825515747
0.07500000000000001	GEE	10.731555223464966,10.696852922439575,10.510184049606323,10.605592012405396,10.678782939910889,10.545679092407227,10.602245807647705,10.623901128768921,9.083716869354248,10.592020988464355,10.792430877685547,10.740264892578125,10.506044149398804,10.507256984710693,10.713134050369263,10.613900184631348,10.562144994735718,10.519931316375732,10.622408866882324,10.544096946716309,10.569658994674683,10.693445920944214,10.566053867340088,10.568867921829224,10.724580764770508,10.684242963790894,10.634766101837158,10.634028911590576,10.632339239120483,10.583119869232178,10.796727180480957,10.680999040603638,10.5296471118927,10.560678958892822,10.614794969558716,10.685662984848022,10.810194730758667,9.302345991134644,10.750034809112549,10.578163862228394,10.608642101287842,10.599851608276367,10.6038978099823,10.536611080169678,10.638748168945312,9.28603196144104,10.60192322731018,10.681471824645996,10.498577356338501,10.573299884796143
0.07500000000000001	GNN	23.262727975845337,27.689197063446045,18.405097007751465,26.390554189682007,26.561636924743652,26.398317098617554,19.684531927108765,13.792107105255127,29.68229603767395,24.40397024154663,25.289647817611694,18.39794898033142,30.25658392906189,20.893035173416138,22.745012998580933,19.719194889068604,26.508429050445557,26.82784366607666,19.61229920387268,19.60999608039856,28.752843141555786,24.038959741592407,33.649961948394775,30.336287260055542,22.921809196472168,20.614502906799316,17.71853518486023,19.722051858901978,17.499264001846313,21.00098490715027,15.979225873947144,16.826725006103516,31.64753818511963,20.548835039138794,23.59326195716858,19.215342044830322,18.172768115997314,23.17595100402832,20.658950805664062,18.131833791732788,13.699819087982178,18.764776945114136,17.485106945037842,19.663302898406982,17.248507738113403,15.94402289390564,20.318071842193604,21.578904151916504,20.362032890319824,20.716778993606567
0.07500000000000001	GG	9.651914834976196,16.339176893234253,21.718796014785767,17.249358892440796,15.236356973648071,27.779921770095825,11.419283866882324,13.220350742340088,11.244348049163818,9.174484968185425,22.293999195098877,14.285279035568237,9.217924118041992,10.40569019317627,12.576485872268677,13.707959175109863,12.286490201950073,15.127778768539429,12.153013944625854,8.983364820480347,9.125765800476074,24.892601013183594,13.057919025421143,18.627784729003906,9.01208782196045,14.538527250289917,21.05861806869507,16.33172082901001,13.55605411529541,13.837191820144653,14.1374032497406,12.325078964233398,12.154019832611084,22.41702103614807,8.919387102127075,9.064792156219482,9.705801010131836,18.0760178565979,13.19356894493103,11.049083948135376,14.3019700050354,14.176762819290161,12.64630675315857,9.32951283454895,11.26970386505127,15.383589267730713,9.042654991149902,9.5169837474823,9.02142596244812,11.151045083999634
0.07500000000000001	GG2	9.651914834976196,16.339176893234253,21.718796014785767,17.249358892440796,15.236356973648071,27.779921770095825,11.419283866882324,13.220350742340088,11.244348049163818,9.174484968185425,22.293999195098877,14.285279035568237,9.217924118041992,10.40569019317627,12.576485872268677,13.707959175109863,12.286490201950073,15.127778768539429,12.153013944625854,8.983364820480347,9.125765800476074,24.892601013183594,13.057919025421143,18.627784729003906,9.01208782196045,14.538527250289917,21.05861806869507,16.33172082901001,13.55605411529541,13.837191820144653,14.1374032497406,12.325078964233398,12.154019832611084,22.41702103614807,8.919387102127075,9.064792156219482,9.705801010131836,18.0760178565979,13.19356894493103,11.049083948135376,14.3019700050354,14.176762819290161,12.64630675315857,9.32951283454895,11.26970386505127,15.383589267730713,9.042654991149902,9.5169837474823,9.02142596244812,11.151045083999634
0.07750000000000001	GEE	11.106648206710815,10.837503910064697,10.745408058166504,10.767301797866821,10.885448932647705,10.841949939727783,10.823272943496704,10.772032976150513,10.868721961975098,10.942780017852783,10.861001014709473,10.897183895111084,10.69387412071228,10.834702968597412,10.83837103843689,10.824755191802979,10.9444899559021,10.781276941299438,10.833779096603394,10.170789241790771,10.905340194702148,10.807096242904663,10.992563962936401,10.835697889328003,10.784463882446289,10.764364957809448,11.00098204612732,10.965009927749634,10.779155015945435,10.809250116348267,11.121309041976929,9.49575400352478,10.812557220458984,10.871681928634644,10.769053936004639,10.776569128036499,11.038899183273315,10.829469919204712,11.00547981262207,10.775546789169312,10.914159774780273,10.869526147842407,10.877389907836914,10.789511919021606,10.775628089904785,10.84119701385498,10.74474811553955,10.6804780960083,10.845920085906982,11.064839363098145
0.07750000000000001	GNN	19.191953897476196,26.451295137405396,21.638314962387085,18.55100965499878,28.58449411392212,22.402519941329956,19.07059621810913,27.764305114746094,21.42840003967285,25.009119987487793,21.634782791137695,21.35682201385498,19.89320707321167,26.114702701568604,30.805376052856445,23.174324989318848,27.522659063339233,16.00224018096924,23.875004291534424,31.411861181259155,15.561478853225708,29.65528130531311,29.82894015312195,16.61057996749878,20.695414781570435,23.62348985671997,18.142639875411987,23.02384376525879,25.55726408958435,20.26771593093872,18.06965708732605,18.36734104156494,21.292813777923584,30.76150393486023,18.673698902130127,23.55656671524048,31.603466033935547,18.05872678756714,19.26384425163269,18.890318870544434,23.040433168411255,21.864192008972168,21.491641998291016,21.67618989944458,20.794371128082275,19.083951950073242,25.58190679550171,24.220129013061523,21.977660179138184,41.00870084762573
0.07750000000000001	GG	9.258787155151367,15.4961678981781,11.961291074752808,9.152382850646973,12.654645919799805,23.980077028274536,9.241326093673706,14.451126098632812,15.510422945022583,20.709099054336548,16.513062000274658,9.479619026184082,19.977471113204956,9.584789991378784,16.22975492477417,15.84725308418274,13.75121521949768,9.15588092803955,13.802650928497314,12.03489375114441,17.447867155075073,21.12663698196411,9.20146918296814,11.517067193984985,10.091291904449463,12.6580810546875,9.728631734848022,27.64367389678955,14.415043115615845,17.226696968078613,10.419965267181396,14.050818920135498,15.168372869491577,21.38181710243225,9.61866283416748,14.385959148406982,19.631477117538452,12.415684700012207,10.64808702468872,11.89121413230896,14.709872007369995,9.31344223022461,13.034819602966309,14.09575891494751,11.783341884613037,13.866162061691284,16.252338886260986,18.4724280834198,15.372901201248169,18.90944004058838
0.07750000000000001	GG2	9.258787155151367,15.4961678981781,11.961291074752808,9.152382850646973,12.654645919799805,23.980077028274536,9.241326093673706,14.451126098632812,15.510422945022583,20.709099054336548,16.513062000274658,9.479619026184082,19.977471113204956,9.584789991378784,16.22975492477417,15.84725308418274,13.75121521949768,9.15588092803955,13.802650928497314,12.03489375114441,17.447867155075073,21.12663698196411,9.20146918296814,11.517067193984985,10.091291904449463,12.6580810546875,9.728631734848022,27.64367389678955,14.415043115615845,17.226696968078613,10.419965267181396,14.050818920135498,15.168372869491577,21.38181710243225,9.61866283416748,14.385959148406982,19.631477117538452,12.415684700012207,10.64808702468872,11.89121413230896,14.709872007369995,9.31344223022461,13.034819602966309,14.09575891494751,11.783341884613037,13.866162061691284,16.252338886260986,18.4724280834198,15.372901201248169,18.90944004058838
0.08000000000000002	GEE	11.269037008285522,10.921448945999146,11.161335706710815,11.057131052017212,10.913784980773926,11.241734981536865,11.155596733093262,11.112200021743774,11.267332315444946,11.11423110961914,9.204422950744629,11.114577054977417,11.292053937911987,11.097477912902832,11.068633794784546,11.158754110336304,11.175101041793823,10.922230958938599,10.969074964523315,11.171927690505981,11.040280103683472,11.262022256851196,11.071108102798462,11.13671875,11.112450122833252,11.052671194076538,11.099808931350708,11.074028015136719,11.142360210418701,11.20395302772522,11.0778329372406,11.176781177520752,11.125562906265259,11.008586168289185,10.988581895828247,11.105900049209595,11.100275993347168,11.072914838790894,11.309201002120972,11.376768112182617,10.987678050994873,11.123196125030518,11.16208004951477,11.108049869537354,11.12258505821228,11.093055009841919,11.038514852523804,11.075042963027954,11.231122970581055,10.976457118988037
0.08000000000000002	GNN	20.486878871917725,18.1283278465271,34.86726903915405,20.9364070892334,22.710530042648315,34.15555000305176,24.202203035354614,30.286853075027466,28.99393105506897,35.94003391265869,22.510493755340576,39.88496708869934,25.608339071273804,26.699347972869873,22.636921167373657,28.66099977493286,20.53419589996338,21.38364291191101,30.945902109146118,34.390864849090576,28.639098167419434,27.305536031723022,26.306700229644775,42.87443399429321,27.51710820198059,40.10191011428833,23.063917636871338,20.401936054229736,34.67331600189209,27.673667192459106,19.89258599281311,33.132888078689575,22.037630796432495,21.28746509552002,18.30727195739746,25.081730127334595,22.23907494544983,26.668851137161255,28.82413601875305,29.27791404724121,22.796087980270386,32.16770815849304,19.847434997558594,30.61735510826111,25.19169020652771,26.43827199935913,23.87171196937561,24.956541299819946,23.00945210456848,27.27011513710022
0.08000000000000002	GG	9.6680006980896,11.819627046585083,9.518365144729614,32.41095209121704,14.99556016921997,9.567111730575562,14.803405046463013,12.845834970474243,15.508648872375488,9.308881998062134,25.627852201461792,9.34948992729187,10.733962059020996,15.460771799087524,9.481780052185059,17.482885122299194,26.068364143371582,20.4666588306427,12.03491997718811,9.549734830856323,15.44163179397583,9.20950198173523,27.600891828536987,18.355452060699463,13.483415842056274,12.019248008728027,24.667799949645996,10.15629506111145,28.373288869857788,12.983382940292358,9.285587310791016,25.945509910583496,22.966344356536865,14.810431003570557,9.20589804649353,37.79400181770325,21.290649890899658,27.000833749771118,18.690912008285522,12.39499807357788,9.23871898651123,17.215638160705566,16.17128896713257,11.1371750831604,27.665956020355225,9.371106147766113,9.36172890663147,25.18848204612732,23.409500122070312,9.536624193191528
0.08000000000000002	GG2	9.6680006980896,11.819627046585083,9.518365144729614,32.41095209121704,14.99556016921997,9.567111730575562,14.803405046463013,12.845834970474243,15.508648872375488,9.308881998062134,25.627852201461792,9.34948992729187,10.733962059020996,15.460771799087524,9.481780052185059,17.482885122299194,26.068364143371582,20.4666588306427,12.03491997718811,9.549734830856323,15.44163179397583,9.20950198173523,27.600891828536987,18.355452060699463,13.483415842056274,12.019248008728027,24.667799949645996,10.15629506111145,28.373288869857788,12.983382940292358,9.285587310791016,25.945509910583496,22.966344356536865,14.810431003570557,9.20589804649353,37.79400181770325,21.290649890899658,27.000833749771118,18.690912008285522,12.39499807357788,9.23871898651123,17.215638160705566,16.17128896713257,11.1371750831604,27.665956020355225,9.371106147766113,9.36172890663147,25.18848204612732,23.409500122070312,9.536624193191528
0.08250000000000002	GEE	11.83273196220398,11.320147037506104,11.222667932510376,11.319818019866943,11.633685827255249,11.356691837310791,11.124128103256226,11.493325233459473,11.237835168838501,11.274854898452759,11.45674991607666,11.182812929153442,11.299023151397705,11.313318967819214,11.228858947753906,11.258795022964478,11.35296893119812,11.159682750701904,11.280529260635376,11.129934072494507,11.44445538520813,11.098297119140625,11.34404993057251,11.259390115737915,11.225785732269287,11.375837087631226,11.231246948242188,11.472674131393433,11.189988136291504,11.43890905380249,11.308201789855957,11.309260129928589,11.390958786010742,11.34440279006958,11.328723907470703,11.454682111740112,11.512057065963745,11.376922130584717,11.223494052886963,11.197606086730957,11.262181758880615,11.200931072235107,11.429373025894165,11.425332069396973,11.281252145767212,11.107369899749756,11.228867053985596,11.239033937454224,11.36777114868164,11.301321983337402
0.08250000000000002	GNN	32.93632626533508,37.69152092933655,22.955307960510254,25.54378318786621,32.63588809967041,29.772457122802734,37.560911893844604,24.279382944107056,22.592177152633667,25.219064950942993,33.55486226081848,27.027785062789917,29.94892382621765,31.754854202270508,36.91386437416077,20.61235785484314,22.032970190048218,27.94274592399597,32.492881059646606,27.970103979110718,29.86777901649475,23.693301916122437,49.21292781829834,28.860449075698853,27.94590997695923,25.715352058410645,28.724818229675293,35.03617572784424,19.58503007888794,25.42018413543701,22.30530619621277,21.112324237823486,18.259578227996826,32.204895973205566,36.45895981788635,26.45301914215088,24.12567710876465,27.28322982788086,26.851637840270996,30.11945605278015,26.37954807281494,33.34257888793945,31.877536058425903,52.3048357963562,23.80868697166443,35.203953981399536,31.631436824798584,25.498317003250122,25.62417483329773,30.044984102249146
0.08250000000000002	GG	24.304599046707153,18.814265727996826,21.61606478691101,11.743645906448364,28.529778003692627,15.879728078842163,32.418659687042236,26.978126049041748,18.342586040496826,31.256116151809692,12.756266355514526,23.977755308151245,19.048504114151,18.4100182056427,22.416715145111084,33.442792892456055,16.443113088607788,25.87742304801941,14.012816905975342,21.92370104789734,13.600100040435791,12.1200110912323,16.349661827087402,14.140836000442505,10.742569208145142,11.824751853942871,13.492652893066406,19.15567374229431,40.901511907577515,9.732475280761719,28.059884071350098,17.201343059539795,16.64445209503174,29.058781147003174,12.704355239868164,15.245337009429932,31.397398233413696,39.20195198059082,10.482887268066406,34.51578688621521,9.394357919692993,27.5444118976593,17.696003675460815,42.65191411972046,20.497942686080933,27.805601119995117,20.33146595954895,25.706889867782593,28.38390588760376,16.95961594581604
0.08250000000000002	GG2	24.304599046707153,18.814265727996826,21.61606478691101,11.743645906448364,28.529778003692627,15.879728078842163,32.418659687042236,26.978126049041748,18.342586040496826,31.256116151809692,12.756266355514526,23.977755308151245,19.048504114151,18.4100182056427,22.416715145111084,33.442792892456055,16.443113088607788,25.87742304801941,14.012816905975342,21.92370104789734,13.600100040435791,12.1200110912323,16.349661827087402,14.140836000442505,10.742569208145142,11.824751853942871,13.492652893066406,19.15567374229431,40.901511907577515,9.732475280761719,28.059884071350098,17.201343059539795,16.64445209503174,29.058781147003174,12.704355239868164,15.245337009429932,31.397398233413696,39.20195198059082,10.482887268066406,34.51578688621521,9.394357919692993,27.5444118976593,17.696003675460815,42.65191411972046,20.497942686080933,27.805601119995117,20.33146595954895,25.706889867782593,28.38390588760376,16.95961594581604
0.08500000000000002	GEE	11.453094720840454,11.472143173217773,11.482840061187744,11.639607667922974,11.374805927276611,11.573519945144653,11.773108005523682,11.59490704536438,11.507007837295532,11.669265747070312,11.537421226501465,11.380052089691162,11.735207796096802,11.471527814865112,11.508954286575317,11.515172004699707,11.689511060714722,11.335149765014648,11.494943857192993,11.577666997909546,11.488208770751953,11.417551755905151,11.371958017349243,11.509167194366455,11.78917670249939,11.882101058959961,11.468132972717285,11.525223970413208,11.426971912384033,11.455839157104492,11.394575119018555,11.389328956604004,11.428176879882812,11.461819171905518,11.479684829711914,11.583844900131226,11.407020092010498,11.498176097869873,11.362283945083618,11.464836835861206,11.484340906143188,11.540956974029541,11.38686490058899,11.352337837219238,11.37216830253601,11.355438947677612,11.879853010177612,11.31486701965332,11.667927026748657,11.327165842056274
0.08500000000000002	GNN	47.14720892906189,25.048363208770752,54.00896883010864,44.064775228500366,37.86862802505493,33.65048313140869,27.29414701461792,39.11999201774597,40.87170600891113,41.771013259887695,54.144102811813354,38.630311250686646,35.248921155929565,33.99649000167847,27.176203727722168,49.11360692977905,42.05328011512756,29.653647661209106,24.061809301376343,31.26170325279236,28.14859890937805,39.023398876190186,31.112568140029907,46.18887519836426,40.39433193206787,40.866008043289185,53.81184411048889,32.95182800292969,31.565135955810547,25.39784288406372,31.083062171936035,45.62148308753967,34.265368938446045,29.9081871509552,39.495845079422,44.28765797615051,54.0421679019928,45.24066400527954,32.43146300315857,22.555018663406372,21.988263845443726,40.40095376968384,9.980239152908325,38.95533776283264,32.5110399723053,29.143791675567627,25.08937907218933,29.14690399169922,48.82311296463013,37.03398108482361
0.08500000000000002	GG	34.0201210975647,49.926762104034424,44.00279402732849,37.31738615036011,55.3100700378418,22.47103476524353,45.92877388000488,35.085294008255005,23.711812019348145,12.870140075683594,19.174649238586426,25.939885139465332,31.51377582550049,22.678324937820435,29.132164239883423,36.773903131484985,22.124732971191406,43.656331062316895,23.923022985458374,32.54912519454956,53.42818093299866,27.054905891418457,15.107880115509033,15.295453786849976,19.513699054718018,20.746161222457886,54.514854192733765,35.19495892524719,53.097063064575195,55.227717876434326,35.18660593032837,54.651886224746704,54.25278902053833,10.53713583946228,55.04393792152405,40.801021337509155,42.543708086013794,56.08986783027649,36.80543112754822,37.69004201889038,23.682602167129517,10.578872919082642,40.76532769203186,34.91775107383728,23.754828929901123,29.159782886505127,40.61127328872681,34.10904312133789,35.84650111198425,52.717947006225586
0.08500000000000002	GG2	34.0201210975647,49.926762104034424,44.00279402732849,37.31738615036011,55.3100700378418,22.47103476524353,45.92877388000488,35.085294008255005,23.711812019348145,12.870140075683594,19.174649238586426,25.939885139465332,31.51377582550049,22.678324937820435,29.132164239883423,36.773903131484985,22.124732971191406,43.656331062316895,23.923022985458374,32.54912519454956,53.42818093299866,27.054905891418457,15.107880115509033,15.295453786849976,19.513699054718018,20.746161222457886,54.514854192733765,35.19495892524719,53.097063064575195,55.227717876434326,35.18660593032837,54.651886224746704,54.25278902053833,10.53713583946228,55.04393792152405,40.801021337509155,42.543708086013794,56.08986783027649,36.80543112754822,37.69004201889038,23.682602167129517,10.578872919082642,40.76532769203186,34.91775107383728,23.754828929901123,29.159782886505127,40.61127328872681,34.10904312133789,35.84650111198425,52.717947006225586
0.08750000000000002	GEE	11.920429944992065,11.755435943603516,11.564157009124756,11.929348945617676,11.733994960784912,11.775170087814331,11.512360334396362,11.797212839126587,11.675790071487427,11.531648635864258,11.569694995880127,11.594844818115234,11.527530908584595,11.588495016098022,11.662178993225098,11.751166343688965,11.792151927947998,11.612408876419067,11.653094053268433,11.566181182861328,11.74703574180603,11.637781858444214,11.43724799156189,11.690356969833374,11.693939924240112,11.699625968933105,11.803632259368896,11.789541959762573,11.508102893829346,11.583070755004883,11.660383939743042,11.449116945266724,11.653857946395874,11.927704811096191,11.554507970809937,11.607320070266724,11.778596878051758,11.713941097259521,11.554306983947754,11.71619200706482,11.636936902999878,11.595765113830566,11.631134033203125,11.476521968841553,11.616858959197998,11.524287939071655,11.52751111984253,11.57158899307251,11.56520414352417,11.46917986869812
0.08750000000000002	GNN	45.35498309135437,40.20028591156006,41.50712490081787,42.972065925598145,43.321038007736206,44.92865705490112,41.845805168151855,35.20202422142029,30.898716926574707,34.73916268348694,48.63235688209534,28.9798641204834,36.79477000236511,37.05701684951782,43.65526580810547,54.87859010696411,38.21561908721924,29.06926918029785,29.65014886856079,38.414223194122314,36.020867109298706,47.248154163360596,39.92265200614929,45.84228873252869,51.59724187850952,22.573562145233154,31.48291277885437,54.870290994644165,27.96856713294983,37.01160502433777,32.34842872619629,42.25180172920227,50.197893142700195,51.39714002609253,26.442975997924805,47.479267835617065,47.58819317817688,31.603883981704712,49.238440990448,51.86644411087036,30.530817985534668,43.89726996421814,44.590880155563354,32.7882239818573,55.29970622062683,29.31247591972351,55.4803409576416,28.74136710166931,37.416152000427246,49.94928598403931
0.08750000000000002	GG	13.631370067596436,15.005339860916138,28.154067993164062,32.34081792831421,55.949426889419556,39.674245834350586,43.30271625518799,57.84985589981079,54.67237997055054,52.197498083114624,37.05834603309631,45.049439907073975,46.096248149871826,55.23964285850525,44.29939603805542,33.96050000190735,35.42029404640198,10.779588222503662,31.109464168548584,30.674134969711304,40.29802203178406,18.990811109542847,14.178186178207397,49.19618201255798,55.34136080741882,55.932634115219116,53.094682693481445,35.91632676124573,40.82915496826172,40.00121092796326,27.000837802886963,45.74125099182129,35.34384274482727,10.470492124557495,10.86956787109375,49.197920083999634,47.7037239074707,44.93051886558533,49.58051919937134,32.43437623977661,56.16297388076782,34.333516120910645,46.523123025894165,24.451337099075317,51.94195914268494,34.72749590873718,13.543756008148193,35.386778831481934,25.903202056884766,39.25783395767212
0.08750000000000002	GG2	13.631370067596436,15.005339860916138,28.154067993164062,32.34081792831421,55.949426889419556,39.674245834350586,43.30271625518799,57.84985589981079,54.67237997055054,52.197498083114624,37.05834603309631,45.049439907073975,46.096248149871826,55.23964285850525,44.29939603805542,33.96050000190735,35.42029404640198,10.779588222503662,31.109464168548584,30.674134969711304,40.29802203178406,18.990811109542847,14.178186178207397,49.19618201255798,55.34136080741882,55.932634115219116,53.094682693481445,35.91632676124573,40.82915496826172,40.00121092796326,27.000837802886963,45.74125099182129,35.34384274482727,10.470492124557495,10.86956787109375,49.197920083999634,47.7037239074707,44.93051886558533,49.58051919937134,32.43437623977661,56.16297388076782,34.333516120910645,46.523123025894165,24.451337099075317,51.94195914268494,34.72749590873718,13.543756008148193,35.386778831481934,25.903202056884766,39.25783395767212
0.09000000000000002	GEE	11.68230390548706,12.018759965896606,11.699527978897095,11.923877954483032,11.686706066131592,11.99572205543518,11.838918924331665,11.850739002227783,11.905207872390747,11.960418939590454,11.760482788085938,11.739804983139038,11.803322315216064,12.063740968704224,11.756518125534058,12.132627010345459,11.690621137619019,12.007077932357788,11.90285325050354,11.650923013687134,11.80795407295227,11.925009965896606,11.826206922531128,11.620429992675781,11.811630964279175,11.62039828300476,11.773071050643921,11.866813898086548,12.40522289276123,12.06891393661499,12.07843804359436,11.835871934890747,12.078726053237915,11.74275517463684,12.215845108032227,11.679780721664429,11.74021315574646,11.948481798171997,11.840271949768066,12.01700210571289,11.99027681350708,11.839076042175293,11.989617109298706,11.992402076721191,12.013861179351807,12.084179878234863,12.04055118560791,12.563095092773438,12.63878083229065,12.793415307998657
0.09000000000000002	GNN	55.37284517288208,47.28451895713806,50.21859002113342,56.53622341156006,55.12720489501953,36.70991587638855,45.89748501777649,12.80188512802124,38.51770877838135,36.010058879852295,28.77648425102234,45.08404898643494,51.06324601173401,37.4743709564209,41.31186890602112,43.37501406669617,29.248114109039307,28.085084199905396,56.27078819274902,44.100021839141846,56.27119994163513,46.77721285820007,29.082062005996704,24.33446216583252,36.57911705970764,55.307149171829224,43.03335118293762,54.9540810585022,55.060633182525635,48.61926984786987,53.94407796859741,47.94237017631531,51.099613904953,25.951708793640137,56.69623398780823,44.143110275268555,44.714640855789185,29.889731884002686,43.831737995147705,41.133419036865234,37.88811898231506,52.2063889503479,56.22224402427673,56.3075430393219,15.831769227981567,56.819889307022095,58.932891845703125,44.57795810699463,44.01236605644226,59.991858959198
0.09000000000000002	GG	35.82366323471069,57.76233983039856,52.75054097175598,56.90044903755188,56.08527994155884,52.85152721405029,57.40548014640808,46.4185688495636,30.16284489631653,34.722086906433105,57.489376068115234,57.87136483192444,20.9395649433136,46.342828035354614,24.135746002197266,57.363718032836914,26.303537130355835,49.04048776626587,54.9590380191803,53.34885382652283,33.78388023376465,56.709125995635986,57.22603487968445,28.5423800945282,37.58446788787842,56.16133499145508,38.72587203979492,35.75930190086365,24.210604190826416,43.99625492095947,26.76474404335022,45.662200927734375,41.19253182411194,42.233112812042236,35.43513774871826,55.75616002082825,57.02415990829468,11.152714014053345,57.318397998809814,55.027764081954956,22.77526330947876,59.20173907279968,58.731597900390625,57.01016712188721,11.11435317993164,11.48028016090393,59.84441590309143,58.78531098365784,54.01203203201294,35.72861313819885
0.09000000000000002	GG2	35.82366323471069,57.76233983039856,52.75054097175598,56.90044903755188,56.08527994155884,52.85152721405029,57.40548014640808,46.4185688495636,30.16284489631653,34.722086906433105,57.489376068115234,57.87136483192444,20.9395649433136,46.342828035354614,24.135746002197266,57.363718032836914,26.303537130355835,49.04048776626587,54.9590380191803,53.34885382652283,33.78388023376465,56.709125995635986,57.22603487968445,28.5423800945282,37.58446788787842,56.16133499145508,38.72587203979492,35.75930190086365,24.210604190826416,43.99625492095947,26.76474404335022,45.662200927734375,41.19253182411194,42.233112812042236,35.43513774871826,55.75616002082825,57.02415990829468,11.152714014053345,57.318397998809814,55.027764081954956,22.77526330947876,59.20173907279968,58.731597900390625,57.01016712188721,11.11435317993164,11.48028016090393,59.84441590309143,58.78531098365784,54.01203203201294,35.72861313819885
0.09250000000000003	GEE	12.996334075927734,12.796403884887695,12.75455093383789,13.720083951950073,12.509047985076904,13.211772203445435,15.091516017913818,13.10802698135376,13.247097253799438,12.48701524734497,12.30517292022705,12.42638897895813,13.413186073303223,16.432703971862793,12.669319868087769,12.427431106567383,12.294532775878906,12.308411836624146,12.100760221481323,12.59886908531189,12.479043006896973,12.348493099212646,12.42587423324585,12.313445091247559,12.38225793838501,12.757037162780762,12.44475531578064,12.680971145629883,12.595324993133545,12.851619958877563,12.924141883850098,12.6124849319458,12.585427045822144,12.71267294883728,12.691603899002075,12.975064754486084,12.412667036056519,12.525308847427368,12.456158876419067,12.308407068252563,12.588037967681885,12.928993940353394,12.483056783676147,12.966164827346802,12.457803964614868,12.764367818832397,12.470616817474365,12.604383945465088,12.68440294265747,12.623135089874268
0.09250000000000003	GNN	59.92850685119629,59.833170890808105,38.262539863586426,56.935545921325684,58.27183794975281,45.194406032562256,48.41549801826477,57.19000601768494,30.40028429031372,47.44581198692322,38.440211057662964,27.562196016311646,60.207266092300415,44.792381286621094,40.31962990760803,57.60004687309265,57.363197326660156,21.92683219909668,44.129541873931885,30.74872398376465,58.0794780254364,43.144116163253784,11.062854051589966,47.30120873451233,36.23903727531433,58.89419603347778,58.40045499801636,29.39251470565796,13.068039894104004,58.208210945129395,27.29269814491272,21.45143985748291,40.67679309844971,33.33940815925598,64.65626382827759,62.57664775848389,17.39261293411255,57.10466003417969,57.82897710800171,50.13256502151489,59.24633002281189,35.102765798568726,52.21429991722107,54.05529999732971,33.78965997695923,32.11409783363342,57.47830295562744,57.60055184364319,57.34681010246277,28.99893307685852
0.09250000000000003	GG	51.92028474807739,59.881452798843384,25.646794080734253,56.67294120788574,43.7634072303772,33.46341395378113,55.53261399269104,18.11485195159912,29.54589319229126,58.05976915359497,58.35523200035095,35.75907301902771,72.50150513648987,29.276586055755615,18.01815891265869,30.619006872177124,21.718509912490845,58.13567590713501,55.68640089035034,33.113736152648926,35.848775148391724,11.183028936386108,43.49075508117676,34.36979293823242,17.958250999450684,34.18621587753296,11.293153047561646,18.949275016784668,57.910767793655396,35.604105949401855,23.795470237731934,58.64341592788696,22.911654949188232,60.299559116363525,12.226761102676392,55.466729402542114,29.627660036087036,25.016375064849854,23.174458026885986,48.009780168533325,27.058309078216553,57.64695906639099,15.992960214614868,40.08911395072937,49.587358236312866,39.69867396354675,21.17267608642578,57.384758949279785,35.40668702125549,43.63845491409302
0.09250000000000003	GG2	51.92028474807739,59.881452798843384,25.646794080734253,56.67294120788574,43.7634072303772,33.46341395378113,55.53261399269104,18.11485195159912,29.54589319229126,58.05976915359497,58.35523200035095,35.75907301902771,72.50150513648987,29.276586055755615,18.01815891265869,30.619006872177124,21.718509912490845,58.13567590713501,55.68640089035034,33.113736152648926,35.848775148391724,11.183028936386108,43.49075508117676,34.36979293823242,17.958250999450684,34.18621587753296,11.293153047561646,18.949275016784668,57.910767793655396,35.604105949401855,23.795470237731934,58.64341592788696,22.911654949188232,60.299559116363525,12.226761102676392,55.466729402542114,29.627660036087036,25.016375064849854,23.174458026885986,48.009780168533325,27.058309078216553,57.64695906639099,15.992960214614868,40.08911395072937,49.587358236312866,39.69867396354675,21.17267608642578,57.384758949279785,35.40668702125549,43.63845491409302
0.09500000000000003	GEE	13.141683340072632,13.199160099029541,12.930924892425537,13.167284965515137,12.798977136611938,12.971251964569092,13.106429815292358,12.956335067749023,12.735880136489868,13.091624021530151,12.718442916870117,12.940346002578735,12.980869054794312,12.993215322494507,12.824265003204346,13.412461042404175,13.403940916061401,12.85243010520935,12.70245909690857,12.934360027313232,12.732340097427368,13.237905025482178,13.225843906402588,13.373847961425781,13.307648181915283,13.037333011627197,12.889941930770874,17.32731795310974,15.150637865066528,15.446940898895264,15.57545781135559,16.037170886993408,17.355210304260254,17.14663338661194,17.68366289138794,15.587899923324585,15.255307912826538,15.218055009841919,15.36770510673523,15.249129056930542,15.538212060928345,15.043284893035889,15.559923887252808,15.300285816192627,15.646771907806396,15.28160309791565,15.196659088134766,15.990432024002075,15.539313077926636,15.349969148635864
0.09500000000000003	GNN	33.82053518295288,17.69021701812744,10.40928316116333,57.857067823410034,43.48067116737366,45.55446100234985,21.230523109436035,41.918211936950684,57.871037006378174,26.725146055221558,37.75439190864563,14.431164979934692,41.14424705505371,44.66607308387756,16.267530918121338,35.77504086494446,31.067660808563232,37.77425265312195,48.90883731842041,46.28707480430603,14.263505935668945,63.593995094299316,66.21135401725769,20.42506504058838,12.461732149124146,30.544771909713745,40.882267236709595,44.64161205291748,68.71266293525696,33.67067503929138,48.50144004821777,70.71255922317505,21.74158501625061,24.822226762771606,75.32551074028015,66.8873519897461,67.39466905593872,36.12930202484131,45.068453788757324,13.202753782272339,27.71597719192505,45.99724102020264,63.912245988845825,67.37496280670166,36.9850549697876,16.100332736968994,67.55582118034363,34.753336906433105,27.50381302833557,31.628232955932617
0.09500000000000003	GG	59.41489624977112,39.482321977615356,24.44771099090576,22.099338054656982,15.425088882446289,58.8827919960022,22.58798909187317,43.4021577835083,11.577017784118652,26.758212089538574,23.18860411643982,54.35241889953613,20.736634016036987,33.25782108306885,30.375874996185303,37.46930193901062,23.978091955184937,12.669942617416382,11.040313959121704,11.394999027252197,55.85267186164856,11.817711114883423,33.159485816955566,11.734103202819824,22.055371046066284,27.783724069595337,53.224611043930054,68.00454139709473,16.44842219352722,27.104772090911865,73.60818386077881,30.899980783462524,28.401007890701294,67.87323117256165,36.37822604179382,65.53963875770569,35.898114919662476,14.905665159225464,13.190455675125122,48.26321792602539,30.78563666343689,23.438666105270386,21.15039587020874,68.52538919448853,26.61722207069397,16.669960975646973,16.12960934638977,48.33881115913391,23.739629983901978,29.875359058380127
0.09500000000000003	GG2	59.41489624977112,39.482321977615356,24.44771099090576,22.099338054656982,15.425088882446289,58.8827919960022,22.58798909187317,43.4021577835083,11.577017784118652,26.758212089538574,23.18860411643982,54.35241889953613,20.736634016036987,33.25782108306885,30.375874996185303,37.46930193901062,23.978091955184937,12.669942617416382,11.040313959121704,11.394999027252197,55.85267186164856,11.817711114883423,33.159485816955566,11.734103202819824,22.055371046066284,27.783724069595337,53.224611043930054,68.00454139709473,16.44842219352722,27.104772090911865,73.60818386077881,30.899980783462524,28.401007890701294,67.87323117256165,36.37822604179382,65.53963875770569,35.898114919662476,14.905665159225464,13.190455675125122,48.26321792602539,30.78563666343689,23.438666105270386,21.15039587020874,68.52538919448853,26.61722207069397,16.669960975646973,16.12960934638977,48.33881115913391,23.739629983901978,29.875359058380127
0.09750000000000003	GEE	15.817209959030151,16.159518241882324,15.92046594619751,15.690855979919434,16.62170910835266,16.868273973464966,15.994798183441162,14.269827842712402,13.817709922790527,13.345761060714722,13.293642044067383,13.480888843536377,13.883759021759033,13.702362060546875,14.141926288604736,13.271830081939697,14.74755311012268,14.185685157775879,13.521075010299683,14.201876878738403,13.340242862701416,13.513605117797852,13.477920055389404,13.299813270568848,13.470377922058105,13.655463933944702,13.253071069717407,13.42844295501709,13.657155752182007,14.17253589630127,13.631808042526245,14.068428993225098,13.176239013671875,13.395360946655273,13.77457308769226,13.595973014831543,13.199077129364014,13.376384019851685,13.643445014953613,14.063963890075684,13.427474975585938,13.885435104370117,13.67775273323059,13.625566959381104,13.958739042282104,14.104649782180786,14.004249095916748,14.665981769561768,14.945327997207642,13.982189893722534
0.09750000000000003	GNN	41.54333209991455,36.29461908340454,68.03233218193054,27.507665872573853,53.91165804862976,16.683528900146484,25.68462109565735,65.39829397201538,24.03807520866394,12.593398809432983,16.739267110824585,10.882160902023315,30.451081037521362,29.335538864135742,33.57751393318176,17.826552152633667,23.254194974899292,39.611809968948364,48.04419016838074,22.666473150253296,60.39269185066223,12.124430894851685,16.609293937683105,42.79392409324646,16.123521089553833,43.10292673110962,19.26816415786743,23.634225845336914,23.486756086349487,26.55838418006897,33.22421717643738,58.27332305908203,54.05846309661865,19.27550721168518,10.97484278678894,32.64431381225586,21.455182790756226,12.779664278030396,27.91418719291687,56.5561637878418,34.89139103889465,28.674389839172363,16.252469062805176,60.950835943222046,14.62809681892395,26.780422925949097,65.46135306358337,21.382947206497192,50.3486750125885,22.51510000228882
0.09750000000000003	GG	15.31142282485962,30.926769971847534,51.08022594451904,15.638733625411987,18.374528169631958,23.197638273239136,49.2373149394989,12.744889974594116,28.574634075164795,28.7621808052063,11.327408790588379,13.34128999710083,59.120755195617676,18.109532833099365,11.851370096206665,35.651304960250854,48.715174198150635,64.37982487678528,60.87970280647278,53.91961193084717,11.50136685371399,55.206100940704346,26.64918804168701,35.81500577926636,10.863155841827393,53.08638882637024,20.000404834747314,17.577625274658203,31.859881162643433,56.841617822647095,32.94963002204895,12.734673976898193,24.793179988861084,26.92463207244873,34.5583176612854,11.927372932434082,16.363707780838013,13.807190895080566,13.143622159957886,14.306130170822144,30.10461711883545,13.78077220916748,31.2679500579834,21.414615869522095,34.73492980003357,13.062338829040527,51.602416038513184,28.23281192779541,15.731163024902344,17.061234951019287
0.09750000000000003	GG2	15.31142282485962,30.926769971847534,51.08022594451904,15.638733625411987,18.374528169631958,23.197638273239136,49.2373149394989,12.744889974594116,28.574634075164795,28.7621808052063,11.327408790588379,13.34128999710083,59.120755195617676,18.109532833099365,11.851370096206665,35.651304960250854,48.715174198150635,64.37982487678528,60.87970280647278,53.91961193084717,11.50136685371399,55.206100940704346,26.64918804168701,35.81500577926636,10.863155841827393,53.08638882637024,20.000404834747314,17.577625274658203,31.859881162643433,56.841617822647095,32.94963002204895,12.734673976898193,24.793179988861084,26.92463207244873,34.5583176612854,11.927372932434082,16.363707780838013,13.807190895080566,13.143622159957886,14.306130170822144,30.10461711883545,13.78077220916748,31.2679500579834,21.414615869522095,34.73492980003357,13.062338829040527,51.602416038513184,28.23281192779541,15.731163024902344,17.061234951019287
0.1	GEE	11.00562596321106,11.812643051147461,12.240198850631714,12.260244846343994,12.076092958450317,12.045282125473022,12.02406907081604,12.583800077438354,13.042458772659302,13.060476064682007,12.95645785331726,13.053539752960205,13.055509090423584,12.912585973739624,12.462722063064575,12.407925128936768,12.648378849029541,12.595719814300537,12.625319957733154,12.68557596206665,12.578788757324219,12.391884803771973,12.47849702835083,12.283308982849121,12.57138991355896,12.520167827606201,12.481190919876099,12.67990493774414,12.75141716003418,12.735484838485718,12.408682107925415,12.640193939208984,12.730471134185791,12.63483715057373,12.616328001022339,12.618295192718506,12.782068967819214,12.795444011688232,12.67222785949707,12.639386892318726,12.740086793899536,12.586306810379028,12.88077998161316,12.613960266113281,12.633191108703613,12.89244794845581,12.673709630966187,12.796814203262329,12.731128215789795,12.539078950881958
0.1	GNN	10.490103721618652,27.93898296356201,12.274939060211182,38.25954008102417,23.892637968063354,11.642504930496216,25.75020694732666,20.29319405555725,59.49367332458496,35.00254011154175,10.903257131576538,16.751508951187134,15.901949882507324,30.286823987960815,17.738893032073975,18.81296706199646,45.78275012969971,18.368743896484375,28.252142906188965,14.199313879013062,35.574825048446655,21.959349155426025,16.67645287513733,19.308876037597656,20.760672092437744,23.241687059402466,10.968729019165039,16.307801008224487,42.71723413467407,31.686792850494385,27.32892370223999,18.65250515937805,42.22552990913391,15.959954261779785,23.6300151348114,20.287851095199585,25.079360008239746,30.57225275039673,29.23108696937561,24.547040939331055,21.29196786880493,10.638024091720581,30.877124071121216,10.92702579498291,38.46171998977661,27.183391094207764,22.907011032104492,12.330259323120117,18.757952213287354,30.321712017059326
0.1	GG	25.963409900665283,18.092114210128784,32.59647011756897,32.014041900634766,29.00413203239441,31.18876075744629,17.951961755752563,38.732170820236206,27.814144134521484,20.10184597969055,19.991851806640625,41.16371202468872,21.983844757080078,21.920902967453003,41.818357944488525,20.52096676826477,11.821816205978394,25.134116888046265,24.293100833892822,18.571797847747803,19.858012914657593,22.97187113761902,23.358464002609253,32.00789976119995,23.887416124343872,39.68710780143738,13.28004789352417,13.403816938400269,12.198441982269287,24.39316487312317,20.310944080352783,22.646785020828247,25.099067211151123,22.077529907226562,21.20686388015747,20.300390005111694,23.5366690158844,31.115823984146118,16.608215808868408,12.284745931625366,28.367992877960205,53.4235200881958,28.056728839874268,18.132204055786133,40.186771869659424,11.80580186843872,27.79653000831604,24.104218006134033,17.961395025253296,38.49858999252319
0.1	GG2	25.963409900665283,18.092114210128784,32.59647011756897,32.014041900634766,29.00413203239441,31.18876075744629,17.951961755752563,38.732170820236206,27.814144134521484,20.10184597969055,19.991851806640625,41.16371202468872,21.983844757080078,21.920902967453003,41.818357944488525,20.52096676826477,11.821816205978394,25.134116888046265,24.293100833892822,18.571797847747803,19.858012914657593,22.97187113761902,23.358464002609253,32.00789976119995,23.887416124343872,39.68710780143738,13.28004789352417,13.403816938400269,12.198441982269287,24.39316487312317,20.310944080352783,22.646785020828247,25.099067211151123,22.077529907226562,21.20686388015747,20.300390005111694,23.5366690158844,31.115823984146118,16.608215808868408,12.284745931625366,28.367992877960205,53.4235200881958,28.056728839874268,18.132204055786133,40.186771869659424,11.80580186843872,27.79653000831604,24.104218006134033,17.961395025253296,38.49858999252319
