0.0	GEE	0.7241710640344096,0.7614669962474545,0.7512661796633986,0.7551710844945684,0.7504709558307441,0.7956505649512454,0.7670538103774226,0.7330296456912236,0.7911946720938018,0.7798114842940064,0.7814161734770868,0.7733693373004108,0.7778732670838875,0.7639467625261005,0.769616008662545,0.7712482305605651,0.7777350463088776,0.7969392206261029,0.7719915117192555,0.7807173019236328,0.7274721333967017,0.7568839481968082,0.7957810150733597,0.7699792170243154,0.7565066110420005,0.7842253615054426,0.785527691626431,0.7548404165519736,0.7724285590656187,0.7449985886493014,0.7619045822340738,0.737513931227792,0.8074909009062291,0.7760621064571553,0.7558998305996913,0.7703083447027095,0.7733025729468487,0.7849993840128372,0.7769552874820327,0.7840327215781481,0.7756786633790129,0.7391305699120593,0.7738344578815031,0.7646657614452105,0.7753415212464102,0.7614765064001555,0.7715525166518715,0.7526049094624724,0.7922335602667497,0.7640510046982644
0.0	GNN	0.6652324920426519,0.6871066182528959,0.675856850787443,0.7258728436475352,0.6915181153666183,0.7405271139094265,0.6940187692843208,0.7042920218465896,0.6892395286456351,0.6710899860157843,0.669224415931291,0.696882372145532,0.7100872697568501,0.6767650310695867,0.672423796342008,0.6959681994117665,0.7149990352845851,0.685945229904708,0.6609639724934779,0.6751248174929151,0.6469781864531288,0.6373662395511713,0.6593525791490729,0.49560647644828754,0.6462415566286004,0.6681231253975914,0.7004717934426958,0.7084194991905125,0.6927936807467254,0.6870172700248418,0.7369928960193697,0.6542086353720169,0.7006775604758947,0.7076648760472135,0.6794429862055232,0.7099788170004826,0.6976967932852383,0.6535335745712489,0.6680031641103577,0.686383114356233,0.7090413654868192,0.69866049951046,0.7043617087606163,0.7113802137275481,0.6917884040049469,0.665636457698225,0.7112685140544495,0.6670391382643431,0.6793945785250542,0.6739425404128863
0.0	GG	0.6513815682171329,0.7702164139491398,0.7527876383500304,0.7598740241921901,0.6864286623055141,0.8010175184512821,0.767389978585251,0.7536839483808925,0.7980898616101519,0.7817447401741906,0.7673971776307495,0.7733693373004108,0.7783296909484977,0.7670308914022513,0.7475672291212204,0.7730636925870175,0.7180097286617558,0.8004387130752335,0.7732513010110078,0.7760252441738323,0.7080618245788813,0.7601129750056315,0.7805042736776343,0.7699792170243154,0.7628297505079632,0.7892695828422616,0.7886952213873055,0.769487869472313,0.7748960104147138,0.7567794664440365,0.7669496579437072,0.7477160317257353,0.809872198751448,0.7799501021992203,0.757749749579827,0.7732656629609583,0.7785726089165911,0.7885326556926044,0.7784166885902439,0.7870359305979477,0.7787016946375899,0.751909223662687,0.7787382870710577,0.7648634014696314,0.7771149460950268,0.7616605393836381,0.7715706506433931,0.7552229593911007,0.7951653245385565,0.7676654923834202
0.02	GEE	0.6909077364694406,0.675186333962849,0.7253494561724043,0.7258908874799422,0.7349688540759105,0.7242005289281785,0.7095958100638449,0.7135978086158421,0.5125719895299191,0.7456419143381936,0.7420963442268863,0.7494938877421244,0.7343882285429942,0.6920827913973641,0.7247333851206944,0.7658757801908328,0.7188366238486797,0.7325786152130893,0.7399429633314528,0.7181716273750377,0.7310754202754008,0.7013042841562379,0.6765224517667827,0.7172934052825839,0.7310132938172079,0.7142697172752871,0.7309455880094698,0.6981082307445406,0.728252101051053,0.7159299267927809,0.6676791524655294,0.7296572912954472,0.6971335638552031,0.6706433944496424,0.6970135472225041,0.7259435558951634,0.7090173511140292,0.7265012985714333,0.7215269299393887,0.7194438680403357,0.7222916218023893,0.7153502630369183,0.7188265077679025,0.6611213013767003,0.7449439316834173,0.7124753376694373,0.7395670409323685,0.7190939947480565,0.7285732883269114,0.7157002229702828
0.02	GNN	0.6064720585317978,0.641074789527327,0.6509425742640027,0.6187082467768218,0.6422180182423185,0.602913542109698,0.6195284486882751,0.6172046464936339,0.6551575129282883,0.6320014718154544,0.6250758138713272,0.6301494484055614,0.6264600073838031,0.6188449161599267,0.5535473623791645,0.6605932728677787,0.6666480294112394,0.6376557160155447,0.619008971886344,0.6248686577264103,0.6219127495087742,0.6232824662130392,0.6404349069678442,0.6253438694869381,0.6223724904676994,0.6341495676672031,0.6538433453679139,0.6198960903597386,0.6541835383388123,0.6615228034603309,0.6223781365442279,0.6045817088467023,0.5895837414057744,0.6389688087396489,0.6110301910022369,0.6466612569431598,0.6453224732445,0.6456779023631423,0.6616198587884042,0.6037580581482845,0.6298188822558365,0.658939641160863,0.6223260354974124,0.6179680640606156,0.6417983050102449,0.6325995251494799,0.6587139177210056,0.6058806691568182,0.6197167127173325,0.6516425333587923
0.02	GG	0.7059912853353044,0.6697889584130472,0.721119077245883,0.6790286401196548,0.7073990268069265,0.69481879729417,0.6963836842585336,0.6847173119136347,0.5963243655193803,0.6276862035249422,0.7275684416706062,0.7432093174061689,0.7188092409024878,0.6489731638139181,0.7260180282732633,0.7279383142806851,0.7002096365602012,0.6050103601356543,0.7265990928979434,0.7021924176804917,0.6817278247514987,0.7015629141034564,0.6457520812164919,0.6767965930056387,0.7163157306038938,0.694654305055126,0.6727767250588221,0.6965861427191794,0.709213845974111,0.7260621764655357,0.6306882983154042,0.7124894622613024,0.689023748083009,0.6799893590058155,0.6772187075784679,0.7119933656776167,0.7064296024243983,0.7019529456029547,0.720503210618768,0.6807386666241401,0.7141713673785827,0.7008896510099142,0.6786908178715014,0.6391398665808136,0.7221640946316892,0.7174492801741676,0.7403038222638397,0.7006672290195037,0.6937877768495746,0.7062821813721171
0.04	GEE	0.6419436509798755,0.6365080953851636,0.498423214472731,0.6396774539979426,0.648313484577573,0.599857525151672,0.6485324839838653,0.6469488969280536,0.6594728557737103,0.6630711289888914,0.6591774958096077,0.6316854869394478,0.6153477905928919,0.6410907958153876,0.6438319843851638,0.6366978966060047,0.43880612071106656,0.6833027044551421,0.6457119118494089,0.6591557187002363,0.6653984306290467,0.6055168600560581,0.5943439608333129,0.6467217713174408,0.6699720437152361,0.631210976313489,0.6204079196026879,0.5654074881196725,0.48495625122581254,0.6269673798055378,0.6733553515997136,0.6356632091618696,0.46576558091806075,0.6453711912933217,0.6823408574991684,0.6330277349094047,0.6555504021304867,0.6714931298236677,0.6161568218567929,0.6453569812242188,0.6630438121143014,0.624866789200407,0.6460126076846021,0.6563019818804646,0.6574710027930443,0.6050797397768339,0.656722024037293,0.5751953369200378,0.6611013816879954,0.6304555138453842
0.04	GNN	0.5755999666469822,0.5758397387133108,0.5535882621872013,0.554693011267656,0.5868303734145874,0.5339162183108064,0.5593594389919829,0.5983671635123239,0.5825061391372645,0.5876536402394509,0.6109827912374506,0.5894308414035102,0.5481356114728265,0.5670357057183428,0.5548690979743437,0.5624249139156258,0.5010751641373085,0.6036238080626151,0.5753303962094224,0.5846547234562105,0.5734496342451535,0.5451226987157014,0.5730883628878672,0.5602752794834626,0.6113780477183051,0.5838864499041236,0.5362501328091555,0.5620591390528572,0.6122840918475825,0.5891481245336605,0.5948212757155411,0.56306615631238,0.5687322218087814,0.5700672584351852,0.49658100122927973,0.5758278888144871,0.5802713389843249,0.5791721606804757,0.5805063269311227,0.5867345454271721,0.5558526348437561,0.5589848559796103,0.577336095846392,0.5909845928469889,0.5838109107911548,0.5779193583006902,0.5956291908212278,0.5848255278667281,0.573221261945401,0.5679972378318459
0.04	GG	0.6323967657023597,0.6282194950660457,0.6311115982513844,0.5903259972150962,0.63727889629517,0.6217244792975313,0.6443454425188664,0.6017293735408775,0.6373935416291806,0.6295358019233727,0.6213854040712221,0.6279187084249006,0.6320164971358547,0.6269632323917448,0.6419298666534984,0.6511498511720409,0.5495923536051931,0.6545081897538604,0.6351527655262678,0.6000776090339375,0.6086513335830362,0.6077818360974145,0.5673915339961981,0.5729798148955934,0.6313589716699773,0.607548209778204,0.6341248015390778,0.6012316613697529,0.600873190925188,0.6138137460741836,0.6621344401185019,0.6446694838354184,0.5565758827671942,0.5526705671622312,0.5891129303947217,0.5722293803154475,0.6516755044911366,0.6624207785988871,0.5734786545413604,0.6104195718400062,0.6380214019886683,0.5917433286694522,0.644911865480443,0.6162700998642514,0.6508802653910456,0.5737201553943028,0.6380091790940758,0.6047754958992133,0.5861655731753087,0.6370075865889749
0.06	GEE	0.5541513685244025,0.5907832798951174,0.5562398383158882,0.5230256930321532,0.5531526788809428,0.38880544811127266,0.5959426401612085,0.4054656604374791,0.4972885530206822,0.46844305208913417,0.5325862175418049,0.5680826417545035,0.5726011497894694,0.5616301777880435,0.5742998925641559,0.5946162112923867,0.43629512675861326,0.5640383690239981,0.6064098387168462,0.6103350094472056,0.5673581791196382,0.5159870991632298,0.5762207973510327,0.450149304071928,0.5687218576404565,0.5490220546718655,0.5399120571091384,0.5366342335173824,0.5899872403499707,0.5359088085876793,0.5566535290337038,0.5537253794458239,0.5615945335464825,0.568757140541817,0.23708340831336785,0.5642991276341244,0.5098060421014492,0.5868888174224595,0.5420926123004389,0.5607589415387122,0.5241495720982422,0.5732177686050145,0.5811404822430271,0.3940741384336955,0.5515456500874338,0.21132368509354196,0.5716511994143872,0.6088343092324698,0.576343961116003,0.5306249000721681
0.06	GNN	0.460658783652808,0.5165529869936176,0.48059253949927866,0.4832640522383827,0.4786137563796879,0.5014904285473863,0.3978091848141127,0.5252945689016212,0.5338277184769221,0.4848942906230007,0.5226225428277016,0.48986679706746966,0.4249057332745943,0.4947964853216429,0.4775039641345342,0.5171965598730397,0.49104219759805906,0.48969997832389306,0.5388982355275089,0.5176662606066409,0.48552694595202905,0.5342420206838077,0.4808226012603739,0.4732804883170378,0.48947986555125117,0.4897486443686604,0.5085495735378417,0.49920580222889227,0.533735731236624,0.45804310532010883,0.4474530361370314,0.4819292233162269,0.4678877722331821,0.5000462371773334,0.47583775158916136,0.4924124903900215,0.5033307471180073,0.5055672194931062,0.4381620074652647,0.5112721465747828,0.4808094688824177,0.30844561156852185,0.5030453274891205,0.4820354139237716,0.4235096412541656,0.5029178948834027,0.5133146900598994,0.4895365924060097,0.4981571177068192,0.50712358733306
0.06	GG	0.523681895986853,0.5341678079013025,0.5461733193964784,0.4811569577074731,0.5081123901913003,0.5058770834942475,0.47712512514697203,0.5205134777975973,0.5832448101899393,0.48362262253430205,0.5406327093597143,0.5675414775422472,0.5603692912710585,0.5293701186510392,0.5613657146151668,0.5612140912495738,0.4178457190456,0.4183066329646747,0.5899367343820804,0.5992752950780826,0.5605961075107188,0.5473263043527381,0.5775353008423724,0.5194126651682025,0.5352931589350851,0.558067494113157,0.5321370222316655,0.479148193782722,0.49817064758071183,0.5414591148529561,0.49593454319497793,0.5733724045874636,0.49833641834676634,0.5635481748550071,0.4617649085649475,0.5190102108159129,0.5163484156784607,0.5982891945731101,0.4950458892309587,0.5449943715714824,0.5139753311823431,0.578132899950034,0.5658064804486649,0.4404023109488172,0.4870267889854843,0.5061294585102825,0.5704825151922913,0.6069391577338775,0.5650006781104011,0.46395100026481695
0.08	GEE	0.32861800371342104,0.5256187693848768,0.03497555906662687,0.30441281409410986,0.5243201450276714,0.43422668335514225,0.2913208295478422,0.40107796319069483,0.4403558087745006,0.4884052282449343,0.36049571774460687,0.47887266115513133,0.4907744566761816,0.5103910327115591,0.2410692329404071,0.33058964157713094,0.4859468023269408,0.5030234563395075,0.500753161372261,0.4206701166566738,0.3215260314338038,0.3340440759606618,0.4856365150598759,0.31030788010689525,0.46355636755351826,0.4459396117678414,0.33626881164871897,0.15978196603331848,0.4148310876290175,0.3277660783866545,0.4936654467242315,0.42823930488640377,0.4793866044225775,0.4711006073608564,0.45116761589138676,0.4276519403130697,0.338175669970111,0.3383078868008788,0.39850897449256895,0.47361049334469324,0.4613128984403699,0.5017634977216291,0.3302509836261306,0.41337051436980077,0.459153113018981,0.46737684381642225,0.3479767137389294,0.3805428233821156,0.4968128001253055,0.41365722600425814
0.08	GNN	0.44594712198012504,0.4641951293346413,0.41900222414611304,0.4362761325443447,0.44586197173349995,0.39859339599505816,0.3768776264387657,0.3889067195409224,0.3645875285559157,0.4249817367047878,0.3659287626995875,0.38253343628266695,0.46590223936216985,0.4126259136949806,0.34167033927489376,0.3931226858088979,0.4124457817469065,0.4234303597754293,0.4296729282199454,0.4348008767066714,0.390909434514861,0.43375878460035955,0.3905407188732155,0.395061425172866,0.4122307988227453,0.3840752650018131,0.4350921007134062,0.31884969517981854,0.3910420061266662,0.42140131446361745,0.4255941126885671,0.44089332610333076,0.43388085641123414,0.37727510987606305,0.38095845973160075,0.44957656147801167,0.4245625565326227,0.3326576312005376,0.3878050281133055,0.43001276853944315,0.4354103077405731,0.41851860737758545,0.4307543998469608,0.378690620815277,0.37999959040316694,0.32752248269417966,0.42101106673400046,0.40424986736758883,0.44761907984958804,0.27661887418204595
0.08	GG	0.44466096166658137,0.4903343171646141,0.25628104470160445,0.35821286023265864,0.4855465485660943,0.4520272442162402,0.39089910461652927,0.44454633085599266,0.45674072173661184,0.47745168723238235,0.43137631520618563,0.4777314146900309,0.47838881193412813,0.4808677189467305,0.3760430306504737,0.37746797237861984,0.43320821437454315,0.4777788828960322,0.41755814811430864,0.46249013479735873,0.3411217492008463,0.4775307610794904,0.41823762127199987,0.40036280769046567,0.40672979787991786,0.3547432120858796,0.4427334714979141,0.4025611246793226,0.45034913199303844,0.401041072363277,0.41443118996623507,0.44105779854474986,0.39715974180334684,0.4563564292891802,0.4375966077030969,0.44305898806352156,0.3443293035641282,0.4069814446387721,0.4306047441207585,0.43803672126342136,0.4511054234472469,0.49221524033578284,0.4468180148789299,0.4028976816860362,0.46608045848556057,0.4650210670202827,0.3226674299596513,0.41189285787041235,0.4580994470661743,0.43039674327464744
0.1	GEE	0.267113705810616,0.1776974044885033,0.0027405115890121777,0.08006664089375296,0.048710149218185096,0.22057506069476,0.26197939867114695,0.2666751214417924,0.39530443791675407,0.2118539102470225,0.03064588008800668,0.25532724077235475,0.1832569058596159,0.20391997541184548,0.3893589237961003,0.21657405356060208,0.18605616927638804,0.04723310769057424,0.091819095966708,0.13234601320109554,0.3813584569899385,0.012412277374742427,0.28968146881516316,0.0021364977284000263,0.04601966111291145,0.1479323285515671,0.23371070592539697,0.2789571663148846,0.21216542550980433,0.1565497234396268,0.23560170847457318,0.024189343546206582,0.2820437068471211,0.21010714773870365,0.3892209947764086,0.03239166949790314,0.34335799559902175,0.23323555796713696,0.18265736526205748,0.21663591368401455,0.14402582333070882,0.17898762149820455,0.23813170431334957,0.02090442629753152,0.2716299706012401,0.22736478761859472,0.15896011730191292,0.22709641244120857,0.27028086717684774,0.20127128993300686
0.1	GNN	0.23582856297518143,0.3198162658252622,0.21952928383809578,0.2540078941542789,0.2251167373969642,0.24440356248092707,0.1864244454507722,0.189027556110986,0.32835082934710347,0.1926887662304207,0.2125818515855185,0.33714078754147886,0.26760285648349424,0.26785647525876227,0.20588454365295597,0.17500562933767727,0.33228802073116126,0.13259148843058938,0.34256708328441926,0.17832490469675105,0.2859260706609271,0.25824801811464193,0.21514720628974057,0.17522942308746298,0.35606132378433936,0.323460012118529,0.16292505424686998,0.2748853253457564,0.2607962117413381,0.3037745391500679,0.259687135083646,0.19687935841859117,0.3157117307227123,0.2073689838502524,0.3612057636202743,0.3174997620534981,0.33288763762354767,0.23818021223770902,0.254773439246055,0.24135342074210564,0.19074816611281542,0.31844755520721757,0.22465245121995614,0.2631640128038968,0.3210510876700253,0.28158623127804516,0.27248175451301765,0.299872442773114,0.12598117656734376,0.3006891468698895
0.1	GG	0.30587921397021484,0.31137219587511733,0.13179519194082825,0.18754768414654402,0.2534942636259604,0.2211683151501837,0.31278263732805756,0.3129785889228611,0.30089273457647125,0.2751585701950772,0.14339467429884203,0.23008676214647872,0.24810743463935453,0.2817470831308078,0.4074877874881994,0.3177226791094647,0.3478344508680338,0.1488254054798754,0.25354620685597035,0.2467274015998161,0.3828802049251202,0.17956692296003143,0.32695703028594014,0.14070685580804349,0.2624029444559633,0.2939310231478885,0.3389760355463418,0.32881396675275837,0.2241299123148812,0.26654613709505987,0.30231785965758673,0.2464576352436699,0.2707815538582671,0.267645875306654,0.4034318550199233,0.2180642243845394,0.3878019973090015,0.22265240360270233,0.28046243004779847,0.2888593699566424,0.19961963504751984,0.32250532577098495,0.33936323796896406,0.31035472707157946,0.3430388202488048,0.2550130204581196,0.29959700148694013,0.28517783637299626,0.31273633608789975,0.24575200298237052
0.12	GEE	0.079713771871705,0.03621341355552451,0.019080995876380746,0.029074813145440092,0.08479889254615451,0.018100300562676686,0.07938167776046368,0.07318283334386097,0.006571395588328829,0.04846095864830506,0.011678903301855876,0.08982795319176098,0.00808233522748688,0.009652517806151444,0.06199313912347465,0.12491778823879324,0.027314732619524783,0.11844542732458015,0.062363458050782555,0.013501866749742249,0.011725168025625225,0.12680713144416636,0.01156368306975878,0.03479924861644172,0.031119759429976586,0.1505264682107228,0.03932201020951218,0.010154648811332889,0.014950308646642796,0.13568551041664445,0.01611064752348591,0.01258412202591495,0.00955583962888595,0.02488097405293239,0.1771946618555923,0.009616535744718404,0.00844306326591141,0.09014842328076163,0.023904511681205866,0.008868635026647958,0.07798649734230584,0.013367800562737384,0.20034630672969245,0.1780119908289667,0.056895837805327976,0.007601755855661675,0.025953144835138223,0.022933327892222324,0.06810567009780596,0.07541452273389215
0.12	GNN	0.09730223099767289,0.07915522493461984,0.004019732177266282,0.05824307067125449,0.1714678706109094,0.01857376166204481,0.009735526409502739,0.20050894972707076,0.020374770805680835,0.13638373224581712,0.035936005205286614,0.09054236684753598,0.16246161450306323,0.019150752983277872,0.0675241992811332,0.12414674400486071,0.22247408834529012,0.057692884843461634,0.17985753997479115,0.04814744269118066,0.08254823758356557,0.05027545497431492,0.12140597177204854,0.048232832522329155,0.0048592946795166314,0.0970892510632651,0.10516526198745627,0.04306635212539658,0.024615187116751803,0.1206162839403442,0.011800342400827193,0.01114185519618713,0.08760666163517544,0.061514015744540726,0.14790201960460878,0.1115486816790538,0.13786570461203582,0.14418481897501903,0.10967337917685534,0.06278988772857401,0.08933268385707009,0.1427434725872235,0.13750114188100218,0.1648339571575276,0.12196815224678281,0.10918471892036424,0.12530510577868686,0.03925779674345319,0.16240428271817928,0.03458930726973246
0.12	GG	0.12569013469181028,0.09122403914701807,0.12092093990530173,0.12521841018349095,0.15998466473620965,0.15291028531674017,0.15632386417620167,0.14333742386399895,0.05527616717440397,0.10263929992202017,0.1109228937443331,0.13734212519230782,0.12302322760329043,0.016059160148334892,0.17483218062760966,0.18712137453012323,0.20216183064322382,0.20885215071017202,0.1725080842523426,0.12616248748636813,0.12238906708369289,0.18340047051062447,0.0845540333683924,0.1339228246024787,0.11377133836019948,0.19355626937100395,0.1390655473743069,0.06794538714514393,0.10586219624439511,0.23465594195098186,0.12090815196134833,0.07398166257454905,0.020280379957186498,0.0609396162985839,0.23995767100327237,0.15664767036791108,0.03145401464188861,0.17349451675468364,0.15614521484118832,0.1086655423031803,0.22283567723099024,0.04199871634145203,0.2605019900486451,0.18695485265650716,0.09864821265070955,0.09784438801808432,0.17259572632967546,0.18961035713523172,0.1465176092827519,0.14246205953499996
0.14	GEE	0.0010450990788517596,0.012945056662048855,0.10485402254419743,0.019455259800305477,0.01712088020646583,0.007987170954501455,0.007016289292370584,0.0031481722595631955,0.00790002517111268,0.0061806499218327714,0.015656781405126604,0.006033036593125345,0.002707447945644389,0.026795560013455278,0.012415405290630814,0.02601641574585179,0.01871150983556083,0.029517913418839716,0.008282622178989247,0.0058883581728845485,0.003095414188642231,0.020382919380429607,0.007523898616193765,0.012886269350975262,0.03091506420748674,0.018565006079384293,0.0035771320107412627,0.03883064269752456,0.007927281188400097,0.020709855783672307,0.015773441982403734,0.01814118210063762,0.07224645852038616,0.024402980356626584,0.01294631016161866,-0.0029513860417916173,0.005242192949772795,0.004325089552464973,0.006418085114755748,0.000984249453479378,0.005283967273916089,0.0035510066422927136,0.0043390118869285985,0.005651756160676105,0.0029288719226503407,0.006801099855098014,0.02447146793088668,0.01943899320033244,0.00200506512227776,0.008689616401404095
0.14	GNN	0.009233527153201195,0.015426631004708782,0.0029436273340908595,0.009608521841617987,0.059655772235241614,0.014360591465005694,0.0069742019279395336,0.008786307063135056,0.005638134157888231,0.014497073463899923,0.018417442985199393,0.037056580998200354,0.004773234048457669,0.10033604868568323,0.012931776362633976,0.02598424978142468,0.021262832123879357,0.0048858669152861,0.011602718421968429,0.049840144321347556,0.015036742826920467,0.009783520933017988,0.020144038917015536,0.02839797332317755,0.04518097269587887,0.011561668241600606,0.07790548422428437,0.04857747864325808,0.044326759138007106,0.008067082120881716,0.06160968592753437,0.050629675506465584,0.009362457849649095,0.03634461885352069,0.021172569322908803,0.010526663105531683,0.005022094333934314,0.027239930011250725,0.043442019493291795,0.007546514083389805,0.017950161045156406,0.017331439979688928,0.08448220214990831,0.034086318230633954,0.03551311939240226,0.012104961418161177,0.015686684556773852,0.0043526195160425675,0.025258030143838615,0.008185861707977258
0.14	GG	0.01792218362278006,0.026139529559731953,0.09522097388424249,0.03701308887117282,0.09987452816155884,0.013122610574642873,0.0647528737710423,0.009565374820494714,0.018037947340315146,0.011911433914120877,0.06998356068349937,0.015463356501716962,0.02622519391476186,0.14656749600801877,0.05342589569236801,0.06915412848730156,0.05382759314064988,0.05878780264388759,0.04655073945236401,0.05516120783965498,0.007855761363644104,0.06387999024924682,0.015608692193202793,0.04074775118308607,0.07467232864484076,0.04278526412133298,0.022130353343443,0.09495939610076007,0.014521090771173428,0.052711901865057385,0.08083593579441024,0.01650779047030052,0.09652299470136756,0.06912604572988605,0.025383223002147723,0.020509702963524445,0.027074022006344452,0.010339600663199985,0.026078290015629675,0.04621771507579161,0.006141437158690911,0.024700484447002374,0.018681187477346695,0.014304321011459075,0.04095600785007267,0.014950504650862432,0.05512387771349984,0.05334612144608129,0.015980461020765478,0.005513630514350785
0.16	GEE	0.01488575975194001,0.006892260800141847,0.0027752024577113615,0.004265806131422859,0.0031396097984095575,0.00043912217977921936,-0.0015044778028747887,0.006813885844876659,0.027528331318798824,0.007291851000054087,0.007783908332578628,0.007943268269463339,0.002171010610334546,0.0029844881327415656,0.006944177587191213,0.0049685507602593845,0.005083557437663934,0.006114402459175206,0.005648989655135999,0.007080024466403921,0.0034122400066121153,0.003410439297153666,-0.0016875508146741596,0.0027297802526772305,0.00045000186931706723,0.0020144464303841723,0.0016114416034021994,0.006428027981540537,0.009456626650804805,0.009058502867352772,0.006675441289817854,0.001079130979997464,0.003732605626107599,0.0047304979350188,0.006440199535888797,0.0013564630586318995,0.009736687978747105,0.006576587927099391,0.0027718482894780036,0.0006429050310516046,0.004382234155254694,0.011012521925993564,0.0017357761855100605,0.006060342514811096,0.011961726203404684,0.005837627949858438,9.513580846174162e-05,0.0007836601975379104,0.006392529856562515,0.003982984291002023
0.16	GNN	0.007383656243125855,0.026861896806478585,0.011519092124127476,0.005720430108845257,0.014421036250027303,0.01469052319879093,0.007022739942754082,0.00529519690696025,0.020762800981684797,0.01990493042559305,0.007394322620065252,0.009411136081646718,0.006565729657906291,0.006519923249341491,0.0003659595054612781,0.009418298373430474,0.01112999619172276,0.027412128386330142,0.00715505389084214,0.002455445124748049,0.007144434269406412,0.014016547963607724,0.0038537352224409676,0.0023820370987476646,0.02189610140368991,0.016183196760041967,0.007830056784381615,0.010761531381073929,0.012479342873018879,0.012276724790885757,0.0039121829632959414,0.0048949685017181995,0.009416124111551585,0.004691042822209139,0.0016347335856121206,0.00569539194831663,0.04467619044360302,0.01888033303819429,0.00910734641197936,0.01274144064111084,0.0057545759017159906,0.013953544081738874,0.01553857081944264,0.009623534413606914,0.006832744840359873,0.010542521524103544,0.008528671471543294,0.001264974981693793,0.022538684630939096,0.006736018369348819
0.16	GG	0.028788021962678448,0.015687729540473764,0.008431148323259939,0.010689826111431443,0.023821233611578726,0.005826091694972509,0.006200709716329716,0.019736887050648647,0.03440510116464253,0.013528688870008236,0.019657698829547276,0.01682569499559972,0.017349833095460822,0.03326337648221387,0.014119580108316562,0.00623280797112302,0.01119667432964739,0.007297763929761716,0.02982058595291005,0.024381566594804362,0.010251803317938183,0.009210174716680071,0.007153330741538667,0.012543944391271019,0.016607937568607515,0.014651676408559678,0.014529987861670174,0.025886455147790092,0.01888658195482616,0.015456149581116489,0.017685138558551153,0.008148309874095245,0.02969374083167515,0.01182699054532533,0.02744708443583707,0.008454731754881482,0.03634176714471903,0.005776193243822742,0.025545108812841274,0.013673289623375759,0.007897644801105302,0.013815295380323335,0.005919355580966963,0.005543331911007681,0.019928958486416376,0.015963313303101443,0.015537231023845363,0.007102015678520214,0.00740408176273887,0.008378545352173564
0.18	GEE	0.005055283145962257,0.004060054229056609,0.0019809572641260194,0.009932069333627589,0.004645312427398394,0.006940639102154152,0.008830382430031593,0.00398377516962108,0.0008670169421607197,0.003541844538870066,0.009096123807616865,0.0049911911184640535,0.002311309070847984,0.0030742104659114682,0.00292971164678115,0.007021742248861279,0.005465203761504837,0.0035108451129969597,0.0022108868992890027,-0.00022440027803881214,-5.555274280179354e-05,-0.000195470177214585,-0.0007701720682142915,-0.0005543565736818588,-0.00039386640086858603,-0.00025753467737557004,-0.0007073735403156185,0.003106172893471714,0.001484797544334176,-0.00039161579219018915,-0.0004267527610446256,0.011929822736036547,0.00786595454432796,0.009004003809296002,-0.001045442549148291,0.0037176961697057104,0.004255095908804491,0.0022719825397696613,0.011827565976869592,0.0018518146783427889,0.002776878099894793,0.0033963256266355654,-0.00016437447831420984,-0.0005603145878479284,0.0029558832979221083,0.0042316619315207965,0.0034999676301264897,0.0011654260764690759,0.0009605561486206903,0.012500147031130542
0.18	GNN	0.00786843529743799,0.004128333870892513,0.004617534585578286,0.004418755463233174,0.006555750919283635,0.0076826120625606556,0.00377723643642762,0.009049451712032749,0.00187105106525866,0.007393940324693573,0.005923576603838781,0.009460392308342577,0.002620581932541813,0.006945651558113054,0.0031324842355024,0.011373609296405336,0.0029904782299061236,0.01592598017992588,0.005068090264972202,0.004170349461504348,0.0008526768494634478,0.005085057149307116,0.00298569655703954,0.004134608836950026,0.004493839911326733,0.005542615116710293,0.009252281904761161,0.008039906213683251,0.005695853469395894,0.003914029551005951,0.006362294933622583,0.0022745229786734805,0.004339982785477824,0.005691198230451825,0.0011753819178038898,0.009424156773376456,0.004402212063566774,0.008922194041101505,0.004571727633106793,0.0035189407280133323,0.004125577333232882,0.010529569135249899,0.0022415386298088743,0.007074248258966168,0.014019854620939718,0.006349500298915989,0.011773453325156006,0.008287190283863289,0.009834511665198135,0.004694102562459448
0.18	GG	0.011723090465898306,0.0191206661102044,0.0030495147892628956,0.0169728582817576,0.016506328410509693,0.008421717167840648,0.014149396771275686,0.0025159714999989013,0.004268323667852132,0.008096162827124241,0.010487032628200213,0.0048442111395594865,0.014916698206891298,0.006787374307168081,0.005563554103401442,0.010759632102387747,0.009027429656066508,0.005493659114526926,0.018453534135291754,0.011869407925095887,0.004293464424245772,0.007837575809011775,0.007489707314337886,0.011996979138970116,0.006014749698819904,0.005368708777661309,0.006705354851122749,0.00649667387508704,0.007095205431832285,0.013204852816567286,0.0035537399040278536,0.01281415292784058,0.012578655530845867,0.005770197158816859,0.008192131844553424,0.01222005249227438,0.007319237499011374,0.01571074842655263,0.018656467368430945,0.00617519499024352,0.007803123310980483,0.007326673639445495,0.002862503956573294,0.007425914734190838,0.008835470684868368,0.007542680082200712,0.009441110629499972,0.001352310785726408,0.009594030471067728,0.015623447078894986
0.2	GEE	0.001189217437942367,0.008678931277195514,0.0018999461376697866,0.0040113203375850585,0.001957867725425316,0.0005115198650564915,0.003812209137374764,-0.0012476071664227787,-0.0006686950863261234,0.0025426007071097517,0.0011620271816588142,-0.0026970517494070505,0.004644772379970176,0.004595386016897206,0.0038541321485919687,-0.0015033519648444175,2.832843454059058e-05,0.000827384034751493,0.0004635948121453335,4.038616444714534e-05,-0.0013581849851866349,-0.0017637663641466774,0.0045036473536597815,0.0003470934948563238,0.003158148624249822,0.0019450321410931415,8.387095657546694e-05,0.0035415028095648654,0.001863073412751235,0.006693571937150829,0.0002193940094987779,0.00033360778273914545,-0.0002445751290663311,0.0002715472485038436,-0.0019997908529743877,-0.00012035197374700572,0.00204649855936743,0.0014332975516805457,-0.0011540267702410429,0.0012855311829342297,0.0002895580330767208,0.003526456133788008,0.0006931750647169179,0.0007936976344392917,0.0035774576883209138,0.0019186099870168692,0.0033080635044437172,0.0022654556197778085,0.005276385653546115,-0.0011714033743785736
0.2	GNN	0.001918749417183036,0.005912600636409314,0.0018099462333157664,0.003563244331024993,0.0031191075729698706,0.0017193552384925633,0.004169415560827124,0.0017115376710849452,0.006697259617585468,0.004332662480103857,0.0015428907655011316,0.0055684056623083265,0.004141165252200461,0.004195728007407387,0.004070970484438476,0.0036646566011466334,0.0016263243950210224,0.006200901889928558,0.0012106951893760276,0.009059775264330674,0.00774059380767747,0.008033341955797977,0.004595569314224027,0.0019060838559372606,0.005700529614234847,0.004131836032379081,0.004425550286607558,0.003226241727747615,0.003345038478663545,0.001123840509856219,0.00544979735274775,0.004325016854279987,0.0018875496706543939,0.0014230421710393181,0.01119384434408612,0.002554222393190513,0.004762149084549752,0.004333868921631428,0.0038877242462072373,0.000710491594015925,0.003304826829317187,0.0033127890111396027,0.006401083583928319,0.003329232539215379,0.004925424702746196,0.007674589960393663,0.003912257713221768,0.0025626460774558794,0.005961951698892799,0.002747760939072512
0.2	GG	0.003326275572668379,0.012493477442382548,0.002012724635197221,0.0021442926438386273,0.003997167259650333,0.005997679769370067,0.0069787685613036275,0.007271608128180121,0.004092388284639982,0.011614383027022184,0.002875588786571928,0.0015278914207572513,0.01651805561325935,0.005973761116167381,0.0030268473013283113,0.006202191596198679,0.007023195808835651,0.00942826727216424,0.012625927652818019,0.00833707932686093,0.002828734267050854,0.005160985401264402,0.016235952199215545,0.002567319380173965,0.00656874964159918,0.008188182109665085,0.003829759159013729,0.008426581391581171,0.021007647629361317,0.01735446319767208,0.0026104228052872148,0.001381512748391489,0.01764216813309081,0.0010282213507010979,0.0017799138620983568,0.0014512863436011798,0.00264011203185353,0.005802049075674125,0.008594623596298106,0.005472084310277143,0.005386037006979639,0.00998466846201647,0.008522093428970923,0.007377898567633179,0.006497132485699497,0.0048516146243729975,0.005366247387285364,0.005232632902371478,0.012846883915163696,0.004128951381073491
0.22	GEE	0.0009370846625916326,0.007576038081910503,5.337813310535317e-05,0.0017444392065122975,0.001324293776381614,0.0019114969638396998,0.0004324228220422647,-0.0007636355788486483,-0.00015847713975293518,0.0009941850511478716,0.0024293293663701157,0.0039555777470567524,0.005639499497571011,0.0021581720034299155,0.0018581889489629833,-0.0007135758452729701,-0.0004351011896681022,-0.0005896495205146181,0.00023090335370056514,0.0010429916190764128,0.002177936570100267,0.004877651297753235,0.001215350172593254,0.0021914232907291812,0.0025441172500457977,-0.002098797978304973,0.0018844773869969576,0.005956333781112402,-0.0001595904324918432,0.0012825732155505554,-0.0023468471023786095,0.002643869019920019,-0.001336973374679898,0.0010973585717531959,-3.674869799983779e-05,0.000999803711959189,0.008784221137209678,0.004593669530784584,0.001552027499165263,0.0022682423479741015,0.002074864515306686,0.0019656018196406635,-0.0025175839958089708,0.0011930112056889733,0.0030454326123309614,-0.00042769324789152766,0.003795947862650238,0.0025127650481507396,0.0022395483721572313,-0.002131858090682287
0.22	GNN	0.005451490116475493,0.005079412415647613,0.004156170845890967,0.00529053144799763,0.003147989038742152,0.001462928971437276,0.004423378289228603,0.005852048147066608,0.003893079910992317,0.006317947288619824,0.0010983123519310088,0.0008105898653181523,0.0032502316226044933,0.001814836971086868,0.004221019018070217,0.0048385213957531795,0.0018851400460847424,0.0038411592104212623,0.0012882731252873024,0.0019363602900643031,0.0032082207345672897,0.002613369216469903,0.004141253141786339,0.0019293102811626442,0.004336706442674585,0.001347123110481915,0.004981005856862222,0.005820531686790929,0.0034280015108369357,0.007383296617834886,0.0023056194281769445,0.0035458512533123724,0.0029780560972997947,0.0032661456679541332,0.001319881508194773,0.0025626349209421214,0.0008253820048306949,0.0013266944186147867,0.003879090622843908,0.003353800241024268,0.003170909237406164,0.002573168521192753,0.0013790116328044697,0.0016161940304664439,0.0036788897388204205,0.0029335292547248986,0.005452178252022013,0.003176832065178795,0.003763216470556184,0.00728140927579921
0.22	GG	0.008261959036889427,0.0055743817861784815,0.006984287984060867,0.006292039325484466,0.002159209043973658,0.0046858069588753565,0.000846661220492594,0.005870434693844271,0.000985258374573297,0.0030973107294451053,0.01428275896426565,0.009160191728898145,0.006729782023394776,0.0034756713360223823,0.0027485567864564413,0.004170094785689992,0.00404379383533525,0.002938172264092142,0.004390112941636115,0.007426852939373493,0.0018787177595385289,0.004096620403263585,0.002386994914286837,0.004945312848026425,0.00648136595005565,0.0019221348447510495,0.006295468617123928,0.016571850611295187,0.006850693220920915,-0.001141901997668908,0.0020535505005116446,0.00359688381196608,0.0018326572643662111,0.0014586416026190867,0.006543453761263757,0.002684634285264249,0.017704682261131345,0.023888515246119724,0.006855804096904789,-2.3059548192043443e-05,0.008376939305766407,0.004253040142338745,0.0011501768377112755,0.007833785107400477,0.008991053110313169,0.0031875994561721666,0.0059808848344762,0.007744220820423214,0.006740170329487892,0.002036286440010864
0.24	GEE	0.0001408347530565948,0.0015032038454607126,-0.000523801269727962,-0.00090633418205638,0.0016222392399894712,-0.0011322329020493239,0.005073685588766659,0.0011655110854285214,-0.0014424265575212107,0.0003799914751878375,0.0005493758835066248,0.0007864102322758018,0.0013805809010448572,0.0022044989488269637,0.0005010281517178726,0.0012611231297365922,-0.0006028237085171635,0.003317498689493307,-0.00027684802571157843,0.003574653456264725,0.0008904518634756037,0.00037789130344546205,-0.0021521257732058383,-0.0016090556709827458,0.0021562682022604205,0.0045688445121257705,-0.0010351323401127873,-0.001538931602375969,0.0028208639005600166,1.5335052599680536e-05,0.0013224882726886606,0.0012106713506437473,0.0019492429419249717,-0.001657795575819415,0.0022841849967088815,0.0015189317947307643,0.002110657076510513,0.0006274968974555353,-0.00034316158728303083,0.0004340198270455696,0.0038705779530785697,0.003284125875707768,-0.001286791880728644,1.6547053441647188e-05,-0.0024020969011277504,0.004576992539311138,0.0017061300471115349,0.000927507116194558,-0.00023040339267888833,-0.001132819921082733
0.24	GNN	0.0024327977891799944,0.002054718358569702,0.002823376291490749,0.0037651542813271098,0.004782770147988695,-0.000244804656926629,0.001438897554876831,0.0033252718435905324,0.004910487485261283,0.005651028034389624,0.0013233532325153312,0.0025938482024054133,0.003004515826307727,0.005969424380909462,0.0020442373393715066,0.00281777096370606,0.00241325240571738,0.003795654327139965,0.003906885223578342,0.0004631064255106155,0.003245229506695975,0.002068579882044471,0.0014930360115742892,0.001630730681384856,0.0008655557626928677,0.0027658523091297184,0.0035196440028712286,0.0018026005026700275,0.0032290266593222447,0.001735282517655873,0.004808284338136016,0.0020359589451930697,0.0007145299102279165,0.004078945995016376,0.002286782952689183,0.0033457207665280346,0.002181846133883022,0.002896488287039976,0.0019670158582709694,0.0005718450795836452,0.0012123335743891405,0.001164403131034467,0.0032498428329307463,0.0017818604185434116,0.006928743405784603,0.0016581809941839097,0.002131341430973346,0.0055904078446897135,0.004124384849027191,0.0026678775408453155
0.24	GG	0.0026168665505307193,0.0021405798155154916,0.002537235314863808,0.0040296089038500925,0.0022415202818130073,0.0010861932162337202,0.005679286794936948,0.002833466576144842,0.00304646629687524,0.0020805080097835646,0.003654445048863051,0.0005333824170577966,0.006747189954866306,0.008396997365743395,0.0004682348575976279,0.001939093301449672,0.007126304122070589,0.0024899251870502304,0.008595913562614504,0.007648705175365194,0.013978615998385463,0.002255089282072462,0.0025821218468395158,0.0013092534685480008,0.005818379990596295,0.0023065887520872658,0.002124043571434914,0.01048103457588335,0.004785676564953621,0.0028216744500278073,0.006273702224176644,0.007057215046324718,0.005863622733054675,0.004211102127315351,0.00314943150827566,0.009109383471685472,0.0020009489124841267,0.012326767171923611,0.005489526543704039,0.004592026182070899,0.0027045728651523613,0.00637129268051238,0.0037649589969195357,0.003369325207559063,0.0005229521069262523,0.0009614127169994455,0.00114531112245758,0.002812856185392176,0.0032560849842748706,0.009959402459829384
0.26	GEE	0.0025993226994792547,0.0008119326740365581,-0.00011489374280462629,0.0008007344161904036,-1.2740614944516495e-05,-0.00026332135820253877,0.003964673642336486,-0.002098272722001377,-0.0004862276415777739,-0.0007403826691798384,0.00028611557299738856,0.00016232663005056575,-0.002560898241533219,0.0002875495926697382,0.0002436966301664012,0.002825982813080524,-0.0016966595824380714,0.0012521961681083026,-0.004445421038124713,-0.0005958751846348073,4.198535426688395e-05,0.002452193387665143,-0.0019457756664581574,0.001122255738636113,-0.0016624935532338263,0.0012780578764044336,0.003040492581718772,-0.0011750471150258795,-0.0013388756962302586,0.0007179170915015249,-0.002889647119689098,0.001609237132663513,-0.0006923718176303907,-0.0005755790952912548,-0.0020687906133001234,-0.0016952701463962643,-0.0006790813689175234,0.0015166007225253565,-0.00019435485709494497,0.002843221628441496,0.001067328410179932,0.005777948265454837,0.0027439899110863067,0.0014772330055103369,-0.0007860159251548551,0.0011438093238479463,0.0007380438942856862,-0.00015719809750248015,-0.0003017716123878522,-0.0013997223008061625
0.26	GNN	0.004862126492242864,0.0053284555958759494,0.0017004287662318212,0.0029826796791444002,0.0040153962337551,0.0009439650775606667,0.004659434249495675,0.004380098968583812,0.004171484171239322,0.0018008447496071299,0.00034767836561778846,0.0023231399375038316,0.0036345989157135286,0.007767739192737348,0.004346180563247035,0.0017543736588858567,0.0036597195728799822,0.0018735095000577348,0.004932522443055389,0.0026463096712310893,0.0002485136294363864,2.1395356893489247e-05,0.009401855044839095,0.0017658339811490295,0.0017643609443160411,0.0010461428915900476,0.001938040711367447,0.002527499859908239,0.0024393422570233984,0.0018399283804076572,0.0023352023903332733,0.00196246305267415,0.0021345529807086146,0.0006369966716131624,0.002207643615647463,0.0029294588394356306,0.0030806221227494255,0.000339770263485733,0.0026806963871769396,0.0018844713110462907,0.0010610841339085048,0.004281290468219953,0.0012777281149704376,0.002669628430468314,0.013767922229373827,0.0045039746286556605,0.0007232684555276197,0.0011476381543277596,0.002739336569478379,0.0024131705133351457
0.26	GG	0.005854228030001804,0.0015111797524720687,0.0023634565387192336,0.0046893177604997996,0.00381950165089237,0.0036114773220152466,-0.00011007196295891208,0.0020588700707698184,0.002481702115459914,0.007343253854280282,0.005545947011347287,0.003927086280160705,0.0002935081723859471,0.013937597144806385,0.002713992931478196,0.0014967162407063255,0.0038065899719224826,0.008067641653618033,0.0025966076230445087,0.0014228479623736455,0.0018318370719264394,0.006485743675587803,0.002938304132465073,0.0021323944749872497,0.0021699716171470597,0.006434789016096535,0.0074128678111669375,0.0021889233987143065,0.00030172445645841416,0.0043974519272010565,0.005677917561682223,0.002530248991824588,0.001015502863012205,0.0015852469911248944,0.0005451534430745164,0.0006075994831704511,0.006783888105519361,0.006911522915145472,0.0017014076480486424,0.004390393124949408,0.0017907876890313626,0.002709873870530424,0.0046859504559924004,0.005222383757976831,0.002442703224126195,0.0011891882293995776,0.004446233424880473,0.003365625709960544,0.0014936016785418093,0.002102891785554695
0.28	GEE	0.00701741990163251,0.0015630704104711158,0.0024186947700337263,-0.0012792780278943006,-0.0004373330350889182,-0.00025282921521660543,0.002462472078306203,-0.003992751651411381,0.0022385801057348003,-0.0008059805072473193,0.0029753424940879114,0.0020207850701008333,-0.0013234257433247327,-0.0006532822339041252,0.004826344244937053,-0.0008527403478182166,-0.0010162424096122433,-0.0008192670593741513,0.00029852739825883215,0.00011148700439516038,-0.0010661877206691104,0.0012456271774140587,0.0009949862633484396,0.0013870422797773094,0.002455786653783431,0.00029212888538421934,-0.0005962649662291731,-7.73135334194642e-05,-0.0009703328018980001,0.000664096770857779,-0.0012531938283951783,-0.0015612678032039134,0.0001380193403282912,0.0021796092349698837,0.00202063919905468,-0.0002369397057870453,0.00027105806842527626,0.0008011032789426449,-0.0014518407125464429,0.0018381795899742753,0.0010015461505797974,-0.0001303833042750097,-0.0009484994092425672,-0.0009355109408956728,-0.001428788535128391,-0.0005426072813649517,0.005117941672490941,-0.0043255167073827415,0.003233959416272933,-0.0021506616993093738
0.28	GNN	0.0021677457882643813,0.002392124826035523,0.0005593995455809415,0.002484572221380437,0.002493964387716486,0.002640235633483969,0.00017300947896524516,0.000490415832750849,0.001823637697673195,0.0019846981679778122,0.002049263740495216,0.002981694325259726,0.0014576347005693059,0.0012008370868857238,0.0017523891786713037,0.0019489278641698993,0.0033986458998897925,0.008149439579156493,0.001009898436357827,0.0022135230717313208,0.0019976592214690963,0.002064861316984097,0.005681372434785938,0.0015642314552637634,0.002965781204757547,0.0034556956577925352,0.0017750003668816382,0.002048213276376519,0.002118328700942783,0.007642746978285691,0.0016342635238432539,0.001500586947431525,0.003254862760697998,0.0007605688999865013,0.0020649198631407456,0.0026063863074068778,0.0004772627805011326,0.002428703457365824,0.0038895047553956625,0.002179309348885324,0.003247145092264817,0.001529289113096964,0.00018813008429691141,0.003198547042699927,0.0006760935427333197,0.0019274014147430808,0.003117995560989471,0.0022214014897389374,0.006015812576019319,0.0008088581375890614
0.28	GG	0.0060007674599738756,0.0016274835645490918,0.015755958738305088,0.003993340409330505,0.0019312100168004164,0.0038625342686762127,0.0037502809225153774,0.0032796317780346613,0.007196430393662662,0.005349119736044708,0.0005936640390527605,0.007763358074015403,0.008998399111528143,0.0036940509967962184,0.0034117215949852828,3.523313939087447e-05,0.002080079333942083,0.0012594352605797068,0.004079140325061591,0.0017939213671728726,0.005233189236567757,0.008590022812053469,0.003173126733996553,0.004304187786806125,0.006529488986206729,0.0013752453600460886,0.0007773270627187004,0.0013385878704970486,0.0007275541447085656,0.0036796765315670016,0.0020410348674171457,0.004231580506213149,0.004322169109301985,7.816517193706527e-05,0.0019874345057973343,0.0038887395416562502,0.0031920760146817795,0.0034977510724988775,0.00663383841126084,0.0010122471387960686,0.009374340663272642,0.0025395093920250866,0.0032544044195142773,0.0018092013532247941,0.0004184551343222687,-0.0002676093927045701,0.002139993776424935,0.004633328982108607,0.0013071981787998225,0.0005726273630509993
0.3	GEE	0.0011480173116361816,0.0005568802595862122,-0.003986063682640216,-0.0024717011307139177,0.003912426468753406,-0.0005337789004261321,-0.0009699532617516653,0.001580761862186202,-0.0019235537417034514,5.782740223142769e-05,-0.0030966852957824914,0.0007469104976067626,-0.00031901767034376834,-0.0002554544716001151,0.0019442970683557668,-0.00381635336601399,-0.003594232065048532,-0.00021696335016447373,-0.0030321979838332292,0.0009171155706397307,0.0008876032593220203,3.3104198961234e-05,-0.0021234313494897412,0.001430430439353472,-0.0009973396251230944,-0.00026134266343657723,0.00046664807174154907,0.0023760429642198048,-0.002926837838749269,0.0021425126256907814,0.0036368782773047678,-0.000953728882237429,-0.0005200315559385066,0.0002504896216301995,0.0033901616893075893,0.00036743954188964026,0.00026859412945227847,0.0012074513555439675,0.0004993570090220155,-0.00357419350851855,-0.004648047858385807,0.0004925726424839968,-0.0006719483264299502,-0.0032263624597803917,-0.0009361803353096128,-0.00497852102746314,0.0015497153760898347,-0.001032346688080137,5.699512779939194e-05,-0.0011256239774479304
0.3	GNN	0.0025154916965942284,0.0016014529780569856,0.0002608970272974907,0.0034061405189754774,0.0016026675503126398,0.0013057037512299457,0.0017055804593540166,0.0025515555501249847,0.003200317118532762,0.0014975683846280528,0.0022056567800067344,0.0038548495872768426,0.0013293272276972135,0.0005782411355130243,0.0019790224117426734,0.0034515035132469925,0.0038162275510266624,0.000973957775976153,0.0028970077714582684,0.0031462532068948453,0.0009142361098188724,0.0022813824765124304,0.001964250761130375,0.0014706503484789128,0.0011915373561398957,0.0022345464610213452,0.004974650319127409,0.0025717480508579455,0.0031507438758560636,0.0009771592716123513,0.0012201181093184639,0.002136366450005418,0.002844360825154006,0.0009965714850001632,0.0010894822062236067,0.003911257877979074,0.0027291476460882457,0.004821389801871139,0.002687269811573473,0.0016230572650431342,0.0025959006211129535,0.0011866402201883561,0.0007490613486138169,0.0029169051339748855,6.64739326823989e-05,0.0010231966119825797,0.00030918924335953394,0.0032771990431463443,0.0034069128728013128,0.003771714185438999
0.3	GG	0.00291158383492334,0.003075426953440784,0.0023176582536160967,0.005328141150595181,0.008876016281958178,0.0027530665142718805,0.001291149614616028,0.0034021605534392423,0.0019037659823923864,0.006167514745019373,0.005837127980249368,0.01316450081628279,0.006360997323111832,0.0071879098870711285,0.004182168749387717,0.001879944312101348,0.0028041264827641486,0.003249209116209777,0.007610188612485335,0.0024652417096857416,0.0022158614522885083,0.005772892589165264,0.0018894636912958826,0.005459090103410615,0.0028290366351062758,0.002469658442909404,0.002551316030320586,0.004053482326939414,0.001927580774345014,0.0036923360088575233,0.0013880711561200616,0.0008114849075606597,0.00340155244368547,0.0010307090757757159,0.00889343326608693,0.004495346069087249,0.004011699454876831,0.0016493902894206321,0.004844460195436303,0.011419326564332002,0.0012101267764158727,0.005152796417766204,-5.5240925861442946e-05,0.0015688639527384892,0.0031207239910006216,0.000991408259040974,0.003850383937522548,0.0037206224663997203,0.008662910883695255,0.0017738189565355946
