0.0	GEE	0.6043719880487035,0.5742276602238073,0.5749107447492368,0.593695209742984,0.5952963064965066,0.5820882313219757,0.5704314083293673,0.6034867220696342,0.5834886077910091,0.6107969826016245,0.5908634863315863,0.5746488379154248,0.5808298965379683,0.57909620125503,0.6072805132127878,0.6076592992781763,0.5707010396343783,0.6017901520776323,0.5903288539801916,0.6069520888430776,0.6098180596481805,0.590289267524882,0.5881969966161572,0.6109959339658643,0.595097052420199,0.5904195461421641,0.5948739367040321,0.5937076497211048,0.6100723663426071,0.5936100176275924,0.5980096739290754,0.580597973580475,0.6049644504812788,0.581462376348436,0.5864169680200715,0.6042643007205918,0.5925411290990655,0.5766685967905268,0.569537611222179,0.5678687532517328,0.579981022411827,0.5824968730823564,0.5298770112533742,0.5822788570168784,0.5914590518030673,0.599585602449745,0.589781515132919,0.5845510493679869,0.59638549858918,0.5811029242748031
0.0	GNN	0.7799728856995685,0.7649355945481586,0.7822547777052619,0.7532224824660214,0.7834646884059172,0.7434441562375144,0.7312094464764984,0.7871662137795221,0.7717924853863498,0.7915883754205628,0.8001618586551494,0.7439783046752425,0.7717141355382441,0.7680927465340349,0.772684305474461,0.7822211926330028,0.7798847772194312,0.802548139955592,0.7667687055106075,0.7917075475908949,0.7799556618290694,0.7670489366276692,0.7658426828059213,0.7883589993394398,0.7683091137148909,0.7850209512854398,0.7880673427459463,0.7603165828182633,0.783320986838641,0.7798741874682985,0.7658731293961407,0.7634520928250565,0.7815997955352588,0.7582100608713733,0.7752848165377372,0.7918917543576878,0.7811385252865601,0.7586624889674973,0.7543709248630563,0.7312276713902498,0.7643748256017642,0.7404379933173736,0.7808620110121679,0.7565338439686504,0.7561475394747158,0.7857297297978786,0.7495819861975307,0.7812576914178654,0.7641362504617241,0.7675819190000964
0.0	GG	0.7740709784590672,0.7344267302844235,0.7698940338362583,0.7246721208111947,0.7539691510886664,0.7437812526102319,0.7281067999291391,0.7810580712374322,0.7292632516687061,0.7700556432116616,0.7715650724263081,0.7338177270608167,0.6946864526582432,0.7356399730683983,0.7865451225701083,0.7732349310742911,0.7452990150675711,0.7978689386320182,0.7589512492496775,0.7902861319531362,0.704210450909012,0.7819235025692126,0.752650272519446,0.7902483834377597,0.7636214204595455,0.7579275419767322,0.7672760837626487,0.7404348399543034,0.7830100463005989,0.7443906134252258,0.7478972285503981,0.7526649806214205,0.7532218601422104,0.7327271159641876,0.7761567684353142,0.7396645521852179,0.741226474217546,0.7221360155481489,0.7327435380234997,0.7289596241151486,0.7240571320491574,0.7351392445240129,0.7592221586788027,0.6854422079268853,0.7620752111236014,0.7716497598845161,0.7567634630350369,0.6786383837492274,0.77006761429059,0.7645882543477754
0.0	GG2	0.7739721661712902,0.7335776354737881,0.7367271234549398,0.7279883572863649,0.7418045755160235,0.738827830752862,0.7012504735924621,0.7810580712374322,0.7520283517817752,0.778093526984635,0.76636806463929,0.7326862945361771,0.6888038215545552,0.7378166472543947,0.7669787070403808,0.7780133519008937,0.7479272952631314,0.7891860817594722,0.7560879533892609,0.7902861319531362,0.765811893917249,0.7527808220832947,0.7513749042290487,0.7902483834377597,0.7636214204595455,0.7396896674504716,0.7638244020232284,0.7491819529807675,0.7889043930910284,0.7488466935831484,0.7534037713495665,0.7478125574980187,0.7705061224158468,0.7327271159641876,0.7648311115978919,0.7416531990275755,0.7539930285324146,0.7415827169171955,0.7297675172586948,0.7289596241151486,0.7354144943450696,0.7351682129484345,0.7639946377763951,0.6934787803425276,0.7517782839840336,0.7689909065450591,0.758362946423036,0.7337267894162748,0.7752342786587907,0.7461361438817149
0.02	GEE	0.5295135375462086,0.5465228034749903,0.5324418934737842,0.561213555280899,0.5552076736970194,0.531296361080126,0.5280382899824592,0.5096500763635894,0.5537739857569477,0.5659527374036633,0.5643804228411866,0.5503958456077244,0.543402946957258,0.5323740829629042,0.5262619057234104,0.54991614598846,0.5355651876908589,0.5466323235492742,0.5509144349812941,0.5195904861776314,0.5584476704428666,0.5424274788056076,0.5524876629991684,0.5470543917277056,0.5237316480178518,0.5399957574934434,0.5273880731350535,0.5347931177528473,0.5392920349540203,0.5361754661774424,0.5448633361288074,0.5369178196735062,0.5362710398897984,0.5487046001007123,0.546830986436255,0.5263731057531164,0.5366905981495006,0.5680176811721188,0.5423029974489079,0.5514916600675981,0.5550190570495158,0.5043961249245863,0.5391728602975077,0.5632754904591046,0.5646413820541348,0.523619910167332,0.5351396728658094,0.545438732587026,0.5393888095861011,0.5297255067656901
0.02	GNN	0.7099275440278193,0.7112058002173226,0.6862841749268318,0.7257421979392944,0.729394904420576,0.7029814808197852,0.696399241339436,0.6875326809653259,0.7303022571218412,0.7405673737930895,0.7381132216808308,0.7431104301088124,0.6910337259639175,0.6754234051671529,0.7142999261516577,0.7344158855020261,0.6937853757258926,0.7004129365377213,0.7199846858680393,0.6817787695170944,0.7359492956430123,0.7113855821061178,0.74052155673794,0.6807770250198879,0.6947546968586128,0.699204022732997,0.6958528617292434,0.700859185681515,0.6858937298829624,0.7011905024258189,0.7280212132787734,0.6971414045860895,0.687559087913933,0.7278579006756386,0.6876940901789922,0.6978225770753322,0.7149515981067013,0.7467475928905738,0.7123635146330995,0.709067563395146,0.7153317436366856,0.6602033889682039,0.6871245766763924,0.7268007097298528,0.7253284578281223,0.6590429777498683,0.686390134555267,0.740586230264821,0.7267860886624569,0.6919603306523595
0.02	GG	0.7015610271415165,0.6861277172921258,0.6718017918624761,0.7232157902095898,0.7197384929961472,0.6744596529065201,0.6783241349311662,0.6663083558278096,0.7139569815987191,0.733760758669399,0.7410336995163713,0.7042728071667324,0.5353325481830018,0.6585233378494129,0.692558229669177,0.7032594713710361,0.6499567921521823,0.6926505086257507,0.6896121065250975,0.6785966372409722,0.5592514335185588,0.691691764662939,0.6924731806047643,0.7087419949539214,0.6861930679472796,0.701557465387562,0.6751930841544518,0.6698387665741038,0.6957950019370439,0.6843385040056379,0.7039876755746272,0.6819186780853361,0.6942445713298677,0.7323159560798809,0.6905791854022231,0.6936216341155396,0.6964039510070666,0.7527203633959386,0.7093356593521607,0.7095842311394054,0.7170433642885573,0.6706758620736261,0.6620189648496708,0.7172254459796779,0.7082401930827914,0.5204843488288149,0.6825420092996848,0.6898024725564118,0.7305839166541548,0.668343332187288
0.02	GG2	0.7031769231640669,0.6888222797244652,0.6897267718057971,0.7257716193843587,0.7178414766111108,0.6709598079565308,0.670967147566804,0.6600015373669444,0.7120690526382569,0.720330051803052,0.7371117012647528,0.7074422712846165,0.5052321613015706,0.6664877808467363,0.6811159925627324,0.7000391593208911,0.6600139923598335,0.6894530579545362,0.697238063691624,0.6753606165966731,0.5043005299327132,0.691156654367019,0.698832906568421,0.7061060374777072,0.6908191260132389,0.7062730779748473,0.6836006419996504,0.6642553507169325,0.687353454102117,0.679052887659596,0.7008245484668897,0.6844434671682379,0.6854273038250468,0.721949397821048,0.6866779863466611,0.6811608608579673,0.6964362639475881,0.747995081785409,0.6872254806218518,0.7065645189192099,0.7109722699495612,0.6727395480171964,0.6719823575270967,0.7194961380263575,0.7124852354767297,0.4715453569027769,0.6812644848101622,0.6885052536815244,0.7338644725594372,0.6723617640397933
0.04	GEE	0.4616664054515924,0.5131285189499346,0.4816613467776441,0.47331431202402635,0.46765274532970974,0.4957534603670748,0.4648548722417076,0.4707009090383641,0.4557013622337733,0.452707928410666,0.4740754964739744,0.4874358354919751,0.4888341727718609,0.4923801712298635,0.4612854478177729,0.484729438473371,0.486277616954801,0.46510944578184665,0.47764688372114367,0.47891882669405283,0.4787971830705865,0.49061236022184895,0.4991091197714577,0.4560086500085876,0.48021341172245235,0.4773680578706897,0.47826722155712936,0.5223252449403328,0.5178598128824894,0.5003974914076151,0.5168175858144964,0.4564914062439215,0.48454313814072936,0.5106459917946498,0.47796331179376594,0.4590789321296617,0.42220266520683475,0.48828383979089734,0.4663321453805552,0.501059667987453,0.5062664549711863,0.4817757474500865,0.46492885297009473,0.4714968042079475,0.4823005908642435,0.49450038018343534,0.5026502646162221,0.45004862967474984,0.48942046739148487,0.49993933513745814
0.04	GNN	0.5909143178641982,0.6724362700452612,0.6459931644378321,0.5970060427273375,0.6416827893039737,0.6606599261919143,0.6224628036851118,0.6394144277741636,0.636308180468246,0.5773448683075947,0.6186845117242408,0.6143807865214748,0.6287958485432884,0.6485671704467283,0.6056284364450941,0.6252475077838161,0.6570904960467986,0.6334077515096873,0.6334505715001967,0.6487251849334748,0.637736509906906,0.6520355416257854,0.6494738562921031,0.6262911102530201,0.6300899328698151,0.6425420808881764,0.6570092560001697,0.6608463217968299,0.6677066384690963,0.6657709361723093,0.66826683752274,0.6174446311322735,0.6080743113465948,0.6594780686030531,0.6165882494249718,0.6284580730179902,0.6117664167313581,0.6426356719533498,0.6304009114912208,0.6484069861784364,0.6694806368618592,0.633506114296762,0.6324630992444208,0.6354389148792207,0.6106137071555537,0.6842057074373257,0.6707926691830703,0.6041046016747221,0.6377618056720691,0.66442298585101
0.04	GG	0.5775521814957054,0.6501498554227038,0.638304104445325,0.588109533245782,0.6143761481003399,0.48203307403573603,0.6056628947691536,0.6394356633656546,0.6034331057775857,0.5765791628843132,0.6280023483051346,0.6276067776341433,0.44781081326781,0.6385666590869286,0.4273332650413008,0.6140099805452687,0.6281265724103877,0.6257486093437142,0.6149298321619123,0.6443054039415651,0.6019936438909145,0.6378748856199591,0.6569203287771639,0.629004759278475,0.6239364675660077,0.6151497088448,0.6660629996194878,0.6718552247285547,0.6517615037865396,0.6436695531285597,0.6718774817501078,0.6155227900581625,0.6148608598297678,0.6691980817311426,0.620348175031639,0.6420449583219342,0.6094338656290105,0.6314244298639442,0.6115043654778164,0.47914909764296587,0.6435564226667283,0.5991357645193552,0.40100466353081665,0.6025092651970534,0.6080839412022333,0.4524314881309623,0.6540633321766772,0.5956648323457077,0.6484239454871679,0.6372679801296178
0.04	GG2	0.5795177964872288,0.638982908775152,0.6406846659779715,0.5812083822985923,0.6135833077903837,0.43670911010015745,0.6084438379364402,0.6356013796392164,0.6072433697584958,0.5805539366201303,0.6106932812306702,0.6246258445914988,0.458418319731875,0.6375631289796199,0.3295656814185139,0.6126531575551617,0.630928257960483,0.6254602182900454,0.6141586872196175,0.6564236105634104,0.619118553872774,0.6379632904761706,0.6361048247009444,0.6069137590290968,0.6346678862604982,0.6209119223555728,0.6644216256315204,0.6679799310642591,0.6512708266107777,0.6399351156306881,0.6696126497611269,0.6099556138066634,0.6104071696878879,0.652949927169209,0.6103601828091476,0.6266567570580573,0.6147669371387275,0.633036340865584,0.6131649971815603,0.4504837120473056,0.6382479273008228,0.6035076093491367,0.35217997187197203,0.602658842492781,0.6016286255478827,0.44575842189624065,0.6498739206021952,0.5992582956331038,0.6493726356242732,0.6347368391480213
0.06	GEE	0.08200864571361662,0.38732201768377095,0.44298149107495355,0.4337919562377285,0.4238614977601875,0.4432437505666612,0.29377974921667893,0.3135955772825039,0.44877588581435957,0.39754691634132105,0.4180890738136011,0.4490017412414457,0.37471230213890333,0.36605355245259913,0.08779634880221525,0.40288543396259413,0.4386966227234472,0.21196673299911512,0.3639956057560895,0.4176694873032788,0.36589425503622125,0.09269751826707617,0.417371641602978,0.4397764198169059,0.3285811568574605,0.43761403655419845,0.426752401133374,0.39365988367618754,0.23562532473870945,0.40772013604096197,0.4224172774218252,0.396274165044215,0.3856186791023685,0.45360096141985556,0.2908913228776288,0.41645063933416976,0.32040477355170405,0.34128983384357553,0.38688292240558814,0.21935244363674014,0.28906260016726065,0.3958757532745764,0.4167827358119199,0.37582762271636533,0.4144196473966104,0.4120749003638713,0.35167829175665855,0.4236192471252593,0.3888479848032118,0.41480282434520344
0.06	GNN	0.29488540373847055,0.5144406852488205,0.5710607077019902,0.588846886552421,0.5480764960435462,0.5679183468874567,0.5081978590344158,0.5120040437359096,0.587797159613636,0.52401929894065,0.5398104436995539,0.5463083856653496,0.4653807970780837,0.5019504958775911,0.5136514788979221,0.3278528892481587,0.5871066402096847,0.5726803494598091,0.5404539158675724,0.5424998604399625,0.519216862850488,0.5233499290517034,0.5451433479381091,0.5921502953071738,0.5450820079077433,0.5418186112049669,0.5723785713079754,0.5383492221767417,0.5932783102582181,0.5569797782131992,0.5615560070141974,0.5640484664789662,0.5436319935429141,0.5859809243606531,0.5675397388554569,0.2740057875641104,0.5184798705295679,0.5264722999532926,0.49370107756489634,0.3186256950129069,0.5065158519912132,0.5336544899366676,0.5278987103914806,0.4841410620987721,0.545406753025791,0.5555278746541268,0.32049858901360445,0.5637394046350239,0.3138118881355358,0.26751997154250756
0.06	GG	0.5087369083955298,0.5177980459887348,0.5634117059455579,0.5883100251227641,0.5448275288780895,0.4350138132151464,0.5078978861804969,0.5081440102322458,0.5960145723082564,0.5282112936500117,0.3487353940158795,0.5421999926892714,0.4496215265008568,0.48440507839986174,0.5192827453135289,0.5555627566928133,0.5730955019071526,0.5447540765122804,0.35963544336402925,0.4098827460980244,0.5075966807562747,0.5211139027583369,0.5462257172079868,0.43846876102718557,0.5547477538477487,0.5595260825627387,0.5899598352321235,0.524909847874439,0.6086449567678485,0.5452478180595601,0.40160393870303185,0.395255460429921,0.37640703014284643,0.5844753872336957,0.5276598367632472,0.41414099374708896,0.36531150660113343,0.37281592063290797,0.49175456232685294,0.5067833059901301,0.5296270813202177,0.5603731141316665,0.4943879159459371,0.5012574565973122,0.3731375109635401,0.5563786981830673,0.528944092820069,0.41748998720676483,0.3914493243065645,0.5282948983164226
0.06	GG2	0.5116742383409327,0.513498961696278,0.5596059227218327,0.5880034670636748,0.5485334500928228,0.3988889826871177,0.5058327157177189,0.5079842371655371,0.5947474836966665,0.5263509578091671,0.30687725825192286,0.5499651986063668,0.45612057785045007,0.4815935974065675,0.513825378832409,0.557002721476197,0.5653331831088797,0.5447362075395732,0.36349676558903904,0.3725874115789789,0.5146336055545239,0.5052496391985236,0.5389549235917995,0.4052156374237117,0.5502309253666228,0.5601998265335045,0.5864760427179386,0.5200081901809684,0.6139374896780052,0.5353384422049582,0.3779684785220376,0.3688480068307631,0.3627819681613745,0.5812782985473288,0.5259913857116687,0.38081388943833,0.36566399186335125,0.35328890240512906,0.500575546436293,0.5000611942323286,0.5316658382035573,0.5576466970206115,0.5037360851782867,0.5008040174876268,0.36781623667390345,0.5499776778310662,0.5182304215718329,0.41418030709849146,0.3788687374344673,0.5308420998600655
0.08	GEE	0.07129368529241997,0.16389537374403565,0.26017120099681823,0.2717844523649708,0.3038752990843795,0.028123001432954972,0.3555296838600434,0.24355841812591994,0.010875399604700731,0.29689416535794577,0.2872452739452726,0.1134749551020288,0.27835503757510055,0.2941779569679008,0.3016292585654498,0.014089762901683832,0.007640477245553872,0.12017645588091314,0.34626445455698174,0.0033869895449918667,0.07037164227474631,0.2909377149199572,0.2926411066111983,0.2772031356097993,0.08057090309398555,0.037784489657105895,0.30339560121618747,0.08678659258110767,0.08527068157938295,0.04753564036293814,0.037707637258837905,0.28918997358206594,0.04602789591959357,0.09484546740591873,0.03511136397547679,0.0995146455636264,0.34027214360942487,0.05603038632124947,0.12360225728286278,0.22013906515864745,0.029003507133321466,0.23271251309789642,0.1610879234291186,0.2824828551217899,0.01776765566191388,0.2552389896866343,0.04264729752933679,0.17586689295290894,0.2657653361489744,0.14802395252772382
0.08	GNN	0.44266218625983433,0.43064397802661236,0.4020136409102434,0.23652534077921128,0.19684602847723395,0.4230707136672675,0.46291858985159373,0.21606247770616113,0.0855315365662204,0.4511642291213513,0.4546761890496459,0.4598554241758223,0.41481212896037745,0.31057745907790585,0.2263657197090979,0.28080052016016604,0.2122529573932359,0.173721676378213,0.4537994267167731,0.1934615480714776,0.4199345184599636,0.3950266308426764,0.4592203348947063,0.44592781218091476,0.4053951562660259,0.43508189512356843,0.41163156630523084,0.40887212560904007,0.22484885840981841,0.38549175250375645,0.3406233293714237,0.2601520992501165,0.22330231762567015,0.4086482126518148,0.19772502592848246,0.46822802667781027,0.4563986709078871,0.4385335180428714,0.40580368994149846,0.44556510295570956,0.2583508933004134,0.17660590400421897,0.45627204398173654,0.2188356346385354,0.43294009923764737,0.44506676792633426,0.45827758646432776,0.4410330719123294,0.20656600513738016,0.4187669107319666
0.08	GG	0.4305349346197182,0.4266323433188209,0.2726398288067472,0.43809354245756843,0.2966189427169235,0.4153998938835432,0.4729953553218292,0.28068450861647043,0.17487174420931031,0.440953855969599,0.42798851540286087,0.13332272094565256,0.29490704192018113,0.3076892105935525,0.29107238491126164,0.04452595337351817,0.06669581388151367,0.25735500677573964,0.46535098397383773,0.2594082220374387,0.43804680855709527,0.41735522007223613,0.44757708686876746,0.4301536384264685,0.27472788774807216,0.4402591274573595,0.4222854119300522,0.23386914211389156,0.4035820824432874,0.3593668413292527,0.2149855624258582,0.31435312677963523,0.25934946706463957,0.43350407548433234,0.408123569968056,0.4455596271844507,0.3346312829719743,0.4602689178699939,0.3997636651129977,0.43920388093287394,0.4343870861372327,0.40925082442792426,0.4543394099662128,0.4015354080697814,0.22226343432758752,0.45388001436676806,0.24160988213947054,0.4263410188646608,0.2879034237440344,0.41595520734557573
0.08	GG2	0.43411545458562095,0.4250428610590923,0.2724513415621607,0.43107884220913883,0.3039367780272507,0.4094333467492632,0.4655342845968445,0.2543011466790032,0.17318523845868644,0.4340197048408531,0.42410688809020997,0.12493742725175715,0.28172204566394776,0.31547789134900894,0.24955925285640698,0.040529534911327506,0.06644133028779696,0.25339134555046877,0.4599403088783494,0.26011859141972254,0.43372424457583814,0.4238245090424826,0.446825788322703,0.42923817980430234,0.27408343169439586,0.4420506742201314,0.419565381973844,0.22758982750858398,0.406856447452457,0.3612149396904895,0.21357791764127124,0.29865711215921276,0.26430664470658805,0.43388617499524756,0.3978882667383925,0.452280043315489,0.32866829661703134,0.46219066164569994,0.39080670821078645,0.4304136807410409,0.4372780052429099,0.40608473896776975,0.4511952366332978,0.4004182245345816,0.21924248384993175,0.44893492392709433,0.24133307757833516,0.4235600432461234,0.2702671201999595,0.4181135043050982
0.1	GEE	0.037486090191308385,0.031139375137876322,0.013002276788947458,0.0041493287901822745,0.07998814307730694,0.010974038392791628,0.06983746206759607,0.02942990998791291,0.047330643693480494,0.011506355180242536,0.02290353053266311,0.011962268496484726,0.053423468751862366,0.019046446369230897,0.024609439604439096,0.010562972181874982,0.005951383727931729,0.05218303752884484,0.04051498782273504,0.01110081599083223,0.0904687754250404,0.01077033575525375,0.023482121020877704,0.029177351044615375,0.005337983930424275,0.02252728252963106,0.03234130045749208,0.04999455925306287,0.008575937084624717,0.016558217802690855,0.008438878439067665,0.011234995302800586,0.018653572589184722,0.05697124318050376,0.025667846009285705,0.032893305025173326,0.04110542776037265,0.09199772819103995,0.02637699690043526,0.016872487305346476,0.03941089054661534,0.04892029552044896,0.04220042837480505,0.008887211458438342,0.03287113061293991,0.007115131382168818,0.012426221157182194,0.014439503053147144,0.032902086854016695,0.03330407249297718
0.1	GNN	0.04956212790062248,0.0991211152389021,0.05406878759349129,0.10654691495266462,0.09682460564334396,0.09017042811546136,0.023059155441834133,0.011638830843642431,0.02254541174194353,0.06196284650208967,0.09210242160626403,0.03996970351351559,0.2233576414249289,0.17156969585436907,0.17297734988930696,0.06941436141314228,0.14515594622210365,0.18415318204407194,0.16287160283348537,0.11593848424275524,0.15843986686570363,0.27240557159473905,0.2270362186638675,0.05212478461151149,0.04194781385003543,0.3175291615611497,0.1821014249639529,0.02177850803440532,0.21896414840741488,0.299124804180547,0.06097083478756723,0.04210444129563177,0.12356041279836608,0.025090378900689166,0.015261984826072154,0.07077502876101625,0.30053312628912526,0.049418229624800615,0.1519973190461978,0.0480315373745266,0.1415175853257883,0.051242317760323126,0.12114302563672322,0.17711578837060757,0.10989571214824233,0.02005881299873976,0.09448693287796116,0.10350007837200163,0.04710210689188235,0.03930322693151877
0.1	GG	0.2516279497675616,0.10491501672077692,0.04477619680493627,0.15112190191494612,0.160784856441804,0.08570812281479226,0.27790347110215824,0.059080567341428615,0.29224686620875195,0.07440020038529815,0.3445557032442147,0.031027774682320906,0.17458215433913796,0.1418723550299941,0.1565012037429809,0.059882521271347265,0.21989580868554043,0.18818987563264925,0.32687447498832045,0.06975675248077808,0.28324104947975043,0.11862107918874916,0.12919006988677795,0.08238467623722662,0.06070224290165158,0.3476602435122279,0.15490118172366052,0.15280682061215423,0.10976438186685245,0.29840435940123394,0.26842848288983195,0.06605103017543373,0.13392422453159888,0.21670957423794146,0.061455035277505475,0.055027940354791215,0.2830814340752892,0.16020608607319378,0.1052893027473917,0.0399885626317926,0.09381870192275628,0.07157827648795255,0.10194400982504256,0.21625181097694085,0.3075179205153519,0.09397136163641362,0.1560158592913038,0.13161215528191364,0.08588344626320575,0.10449518664300837
0.1	GG2	0.25119738097913435,0.1020475685198045,0.038794891773865574,0.1491834523317223,0.15760063650463707,0.08305984221506597,0.2789632625676918,0.05692579436358342,0.2935629723925616,0.06975510097058105,0.33697926424799857,0.029001577051987026,0.17231421286375337,0.14068502443598863,0.15341287910811427,0.06020372584858057,0.21803255324377416,0.1852606564127155,0.31988211136512473,0.0702855962615516,0.28304359674003793,0.11866733766919019,0.1280707922595885,0.07748396381830466,0.059379116840426543,0.34049917524897777,0.15524013035739603,0.1503709564212616,0.10983080648419925,0.29485665302448333,0.2694007883505225,0.06287917785896799,0.13270006400986648,0.21367713716426398,0.05985627435424965,0.0524503132948021,0.2786542981258703,0.15965613468612663,0.09871318876403608,0.0407006760537162,0.09056067296822032,0.06741006158769586,0.10494408611937402,0.2144415361449082,0.3030941158097104,0.09550171459104272,0.15608514131648757,0.1290430938312734,0.08183878864156142,0.10126706941160357
0.12000000000000001	GEE	0.002395418672749903,0.006133797996617557,0.005927172061264804,0.015975637148239862,0.009804100560165707,0.005309980952456599,0.008737865243536718,0.003115542549043045,0.00675921956098431,0.0006701406968027628,0.00500295076928751,0.007857281270570912,0.012976816146386487,0.003644076816594797,0.005865640838766909,0.0016036891296046126,0.022264715346380845,0.00630127693241116,0.012613173241795539,0.0007032058471125164,0.0047913565096298245,0.02592903024371044,0.001489537682985638,0.004307791173693899,0.007073012811493009,0.02997864816458805,0.021154513165838867,0.0032870011009831224,0.00583292088168817,0.008136848680218963,0.0078144617802998,0.007216016721781253,0.0075665977725390575,0.006333921984528352,0.009593813157170804,0.002069382835504914,0.013893283516232528,0.003294304387877922,0.0031938520859071673,0.0013830247918447474,0.0018403964634915743,0.008944359192948559,0.008209685308504468,0.00445841632035198,0.0005024790979966644,0.00492741028709335,0.009336012650731581,0.009467423356886238,0.01598046831303508,0.024237790461847732
0.12000000000000001	GNN	0.030268269479178336,0.03308117860858731,0.005032048878546527,0.03273052661113986,0.023159176085163564,0.02971574394325828,0.06729452330724749,0.049123300475193414,0.03372987649406564,0.03689893579796394,0.026587914280054796,0.01650349672621429,0.045808505805551944,0.04955377048558475,0.03251852090441604,0.027656293198392093,0.02157972887251637,0.02194218220016747,0.04367042198850946,0.0333405591297967,0.0322188197234103,0.04067354020032934,0.018519667331814097,0.03945508836919354,0.0271458630943157,0.0658851958802345,0.019549872552502637,0.044106144491399414,0.029433179015391765,0.03257205089884947,0.02366510812465094,0.025805855329243448,0.02896570082419168,0.021374959743960118,0.008862864946040602,0.017042870128647112,0.021034405409275682,0.0604678201973396,0.013495897162823638,0.007863032316222186,0.05724924041577665,0.015303549510869603,0.03540295347766276,0.016524201282360148,0.03939443651251605,0.018770741666239942,0.07417269715521019,0.02775653722467939,0.01285480286632879,0.05564155846863235
0.12000000000000001	GG	0.023259128756819562,0.059606367556457464,0.02867159686863234,0.020046491962370554,0.02433757931156944,0.016955663507085262,0.03302021754338263,0.04727382908935536,0.04376520673823017,0.022490094382737698,0.03211803091016885,0.04742148021255311,0.04655026137322079,0.026306658330307986,0.04386738787702983,0.018880456276296746,0.09178902963330265,0.030221365274025958,0.04412442463382001,0.01731791923537453,0.02578110730105481,0.0694663557487798,0.03679403884646264,0.022198744505899527,0.03127436238684574,0.14237847085489438,0.05340278425354756,0.019443055252237714,0.037813446131408274,0.059294018507768366,0.022197735845085862,0.026984812907147077,0.04112517104068327,0.02253756717719682,0.03007695422877653,0.025600738639429212,0.04512185779344326,0.04648853021385167,0.008603823103652708,0.009740597921324761,0.03730560342940309,0.030344354748729308,0.02604031559764884,0.020431370646338678,0.007726795103965834,0.024726926828517348,0.057676534692067405,0.02679794205918154,0.04408108387783494,0.03726339862644245
0.12000000000000001	GG2	0.022015632128068036,0.057773566865278826,0.02735374257302015,0.014954895805148062,0.022170225457281933,0.016927390952283246,0.032591564222019836,0.04773782417347631,0.043286004066625604,0.020922509240989453,0.03182765887542492,0.044246705460560136,0.04359849796092577,0.024213162940334106,0.04266797063879745,0.017999631653742815,0.08912758286256747,0.02601622041230827,0.0434835153515942,0.016331054885529904,0.024616887309807812,0.06941901555066927,0.03577385349185113,0.0219911424822137,0.029550754570415852,0.14172702763916076,0.052886562997545225,0.018738486047250414,0.03604004646268833,0.05516871230965913,0.02096311884666743,0.022569913770020104,0.040793082164528566,0.02215963067173171,0.029530043774123785,0.02412267752162694,0.0429678221478462,0.04546901641315345,0.006224382259304392,0.008319631566929095,0.03487565658620853,0.030650460343728817,0.023123381373360848,0.018825179221515942,0.007239020320365256,0.022433046293578177,0.056346541079400306,0.024168594077690515,0.04285310883177341,0.03668567923175589
0.14	GEE	0.0052150585103625585,0.004544438887785005,0.002166794497735849,0.003152514167746474,0.0001270078870354035,0.004953413565294583,0.0025878428659664126,0.0020231076760118473,0.004050277814770658,0.005264465504322167,0.004778280432998708,0.004874710562239553,0.0003827726775844418,0.0018442416082755163,0.0012029478345081,0.0008130172943753107,0.004319066919819071,0.0024972174342709113,0.00570508509431202,0.004704342635076388,0.0055028425448438775,0.0041641852002355295,0.004868171577776185,1.6138525782732406e-05,0.002030336883108907,0.008405895664274108,0.005424132392442078,0.008457610283726514,0.0013062623466993265,0.0018300009024170185,0.004374569213934485,0.00015503129958768642,0.0045329929114202,0.0021171312910703444,0.006392209006792557,0.004107954855708139,0.004816151382161844,0.0010759619694009474,0.002337325159815751,0.004926380219631213,0.00048159086492255974,0.004158285910614653,0.00555762668826691,0.0036828248976564734,0.014837183494646883,0.012078181133226314,0.008898562828940039,0.0017816782457416769,0.00161963059232584,0.001825377962787916
0.14	GNN	0.01984406780095756,0.007432687178599875,0.011441694795962428,0.010242260627649817,0.020928188514947772,0.012884487859206553,0.0058591516661709335,0.006075985718068718,0.014504352440113829,0.009828017798192165,0.009504273397243782,0.004494476014903279,0.01636246289549446,0.006737642172990019,0.011063381556318665,0.024446758248371094,0.024803750836972033,0.01335033541037087,0.006121040741362341,0.0017538595659683904,0.021766494919627326,0.003100526396754062,0.013370134280419185,0.015532514729227667,0.013252518372812022,0.011118113536883675,0.02686017974216545,0.02161569835051252,0.004637000436262134,0.003797845858179913,0.04582717742214678,0.016676210061808677,0.014303130499522403,0.009500687399355313,0.009905642714551419,0.018968028743643332,0.011330160148335986,0.009176068455675907,0.0069592952766054485,0.030006724827636833,0.018686287513950253,0.005293822448848029,0.002346475432477226,0.01489574808575157,0.018854032250702302,0.011418468413443201,0.011742137805819633,0.01394194419102016,0.02246817185116447,0.01045230366452974
0.14	GG	0.024124934234145273,0.013098574742788693,0.039180703500300396,0.01457961299632672,0.005497165222219181,0.008448491091445588,0.005466104451822878,0.011463471424620024,0.010015434331550879,0.02001990286818425,0.01791933094006666,0.01927829110793383,0.006015520149299385,0.012605782126806103,0.022420097530624412,0.009578165988798957,0.005677437597040403,0.016637304391667985,0.029757314368424874,0.015060638510256161,0.016719925302545707,0.014306542953179855,0.014617517688395113,0.006392627698502652,0.010629518494277467,0.04326220478476317,0.019501860614572365,0.012439348073103937,0.009604292607156163,0.008805439997113283,0.03250429766559241,0.022040119434873034,0.02233835835288633,0.012217673252285606,0.011668650637661804,0.027163115565241043,0.02523255004596742,0.004876447533695457,0.012040061867289654,0.023342235128156565,0.014982124593189854,0.01877620313942655,0.011829785744244124,0.010056029997607225,0.03251533891134538,0.038829664788361765,0.03105216716317938,0.008888750592245339,0.0229245746462439,0.02109020883761789
0.14	GG2	0.02312758272196238,0.011504849136312981,0.03615536606905022,0.010861512686943594,0.0024882243908800512,0.006368562262137809,0.004053371633842086,0.01051502382147808,0.009574461580273499,0.01905379796996561,0.014095420722821658,0.018129874891135538,0.005079627724363355,0.012011282011918237,0.02121466050390455,0.008524879958415627,0.005169152842024603,0.014205746637939652,0.03001189926091956,0.013832884432061836,0.015235139346245303,0.012866666761407113,0.01487560723153526,0.005389953302027317,0.009852139172135056,0.0415543483613762,0.014444365383351742,0.01236139044222156,0.008386133619032411,0.007331587932054941,0.03141168929846897,0.019783228510008882,0.019728101539813095,0.006840537981631568,0.011722083852360614,0.026196448519010967,0.02395540174262741,0.003475710727855516,0.009661893318070153,0.021043433286011052,0.014552163008880155,0.017188501917784243,0.011389125855331294,0.009168902596297854,0.03200151399434078,0.03794320852110402,0.030780700269659424,0.007691558293815524,0.02222384624719224,0.018421404607178365
0.16000000000000003	GEE	0.0006933288667911455,0.0010695541940884128,0.002427489732031188,0.0029656093560460586,0.001527333362243623,0.001047180795384255,0.002948809905727074,0.0057231481362145795,0.0017915624271369903,0.00012625821133862224,0.0007609273156736687,0.00022095735298835275,-0.0005618594469559735,0.0008620067569138157,0.0008711557039763502,0.0025087385444257314,0.003331884827522888,0.0012199596082774215,0.0005550523952714857,0.0002811085017799707,0.007769459438967912,-0.0005393551758744524,0.004235746236336262,-4.5864621227560794e-05,0.0015458085585644996,0.0007426612824392852,0.0022566189074008,0.001131651864027812,0.001736788661908515,0.007935882879852835,0.0022102840742326524,0.0013476576901329616,0.002103781089849674,0.0015408637773084884,0.003232801847622083,0.0026502218984736517,0.0012597265784808714,0.0004098797429142222,-0.0005113186675032818,0.002336143667363033,0.004608170402548466,0.001079353302549588,0.004233656776697206,0.0019965683643137907,0.00048049005837004494,0.0013663960206707776,0.001081823458027177,-0.0003409418539529559,0.00039504586140020237,0.0071151925873972266
0.16000000000000003	GNN	0.005678197777964057,0.0016442726692606241,0.007108513174701061,0.006186711123906796,0.005077440665814317,0.0037701122093800853,0.00966871988876801,0.014380233574809331,0.0059705514528735236,0.003424841335703697,0.003223287779861994,0.0038523382732939173,0.0044864795669111324,0.010679582329114408,0.009237361494975095,0.004420040113912573,0.008277684977877899,0.00908226716547672,0.0075232306577790896,0.004644216274079911,0.004946059935105262,0.01757493222796183,0.0068594876405344745,0.003033723560246591,0.009490953469610888,0.006610602680161294,0.00637386145026965,0.00585816797998751,0.005487402709406612,0.009453657887529917,0.012894444444029096,0.011759545922125827,0.006295161437956997,0.007067274825973003,0.009136214186471975,0.005613900691796411,0.002731485949194569,0.005660693615877206,0.007614923766543018,0.012000771043876611,0.010108194420559779,0.007520751259009954,0.007362856722991304,0.011304052371726481,0.007737151534177235,0.012763276807994092,0.010606602784757906,0.009360835803672361,0.0051049466709927665,0.010514750933794809
0.16000000000000003	GG	0.00284896471671324,0.009265489069208965,0.004480220167341293,0.006706786946361891,0.01106967348448865,0.008078506335274734,0.013727500536192013,0.012161006417485423,0.012545134410418463,0.011403139655948703,0.0061698291215232836,0.010829695684030057,0.009618637888999257,0.005081385439588351,0.015716022717741206,0.007980479471011905,0.013208209602302696,0.014762387964727534,0.005595577527242023,0.01686520980070441,0.014507213614522965,0.0038562553185404864,0.014670755691208577,0.011781950053215667,0.008085215445333487,0.007314482671684477,0.0031679875615308562,0.008344475004824901,0.007921283720174083,0.011760124448476322,0.005780663500999121,0.014788698951888588,0.006379057382769916,0.005061811540657775,0.01166611901378697,0.003954579948598556,0.011655629961457943,0.0033534744967343216,0.00579565348197921,0.009829498025833331,0.024980960221926054,0.021269806020858872,0.020549776728808422,0.005264700806179391,0.010368321808685186,0.009375044501446965,0.004485555292586338,0.011917731100349944,0.008223244120225045,0.009103592636023535
0.16000000000000003	GG2	0.0012425073947423817,0.007580612061746019,0.0025013961415895044,0.002378982183405576,0.010962037889939762,0.006653254306235036,0.011469424705622762,0.008219774390754669,0.010920014072086735,0.009795348019590696,0.0064376753747054025,0.010840099989866906,0.009878020802359319,0.003669778505282861,0.01660161895618216,0.00737648337549595,0.01272997332003371,0.013746878991520054,0.0033913946298787857,0.014636065605483027,0.013710460055139179,0.003521158807562487,0.013012782379499314,0.01011627295519834,0.002248375766033499,0.006475020162961612,0.0024028890105526773,0.007452285251794531,0.00621015643093585,0.010464914873042639,0.004639483411669183,0.014765914123337559,0.003608183293217531,0.0026953470701474645,0.01221734809185823,0.0018873526066088859,0.009101637369099061,0.0032325881414742214,0.0050454651806444515,0.0069406804805834605,0.023974099740193155,0.01923634626474677,0.019956783662185312,0.0033979140614511685,0.009404264646859683,0.008660133267840119,0.0032374871157898766,0.010183030178555739,0.007440658498818796,0.007271475297053814
0.18000000000000002	GEE	0.0017436846972178621,0.0028081649132761493,0.0003009684502649788,-0.0007076645138327231,0.003462038621878026,0.003435135261662795,0.0005983112272137405,0.0006667300931010495,0.004805317068811091,0.0003144452368897712,0.0004809718550262817,0.0007846869483011059,0.00106220829311535,0.0032253169998563984,0.00025804728187199744,0.00019896351663124738,0.0010105322711335852,0.002018073520737736,0.0008126415522480137,-0.0005038200418274945,0.0013648453758727962,-6.408026345993977e-05,-0.00037441950247735895,0.0016964607983001052,0.0010501381483158055,-0.0002282072318610224,0.0015346109916861434,0.0008613707540075952,-0.0009714807506171032,0.0022977400737461567,0.00028255148361948325,0.001363179577423926,0.005537741477518549,0.0021875464273626837,-0.000737802252641885,0.002611580070468247,-0.0005957077652075111,0.0017565144852074548,0.0018662168943147923,0.0012337948355252602,0.0005964762149206851,0.004146326855923823,0.0023341424214809755,-0.00033119372726576565,-5.22561034693329e-05,0.0005977964659775617,0.0013979684204399616,-5.7361975943915616e-05,-0.0004133324081792035,0.0009761873328462573
0.18000000000000002	GNN	0.006232013945597284,0.005467058545633007,0.005940859718594651,0.007204278580843146,0.007106840545825058,0.001348693508496262,0.004072847799275524,0.003084244656983813,0.008461365124438073,0.006961715078687019,0.005300296031024189,0.0027327515687672415,0.015906699359649154,0.006282688871303723,0.0015458629518644578,0.0056849511563634375,0.0005659611438661475,0.006395118724181245,0.0022163470463984693,0.0030525327073244626,0.0038533297733462403,0.004472924507325579,0.0019897637472348633,0.00101341291281605,0.004173436644574666,0.013311816238340535,0.007992568388460485,0.007797324881682292,0.006803729548115016,0.005915020089390766,0.004283656228749948,0.010134696209621622,0.0020390230163102453,0.0072201177434302235,0.004078648731645392,0.0023459546246755733,0.006039490722359132,0.0061010439434761275,0.004285689737806004,0.002310098632460671,0.0027181169228878803,0.0039873995293468354,0.003997975472054175,0.007683617157267414,0.002491492968474914,0.005819002333526146,0.007006623956097893,0.0047124101330549535,0.004861655320498794,0.004124895576175744
0.18000000000000002	GG	0.005760547356707886,0.005461068286912986,0.007833101414456815,-0.0001728456534453366,0.0069613857599326165,0.011364872478166732,0.005773345873902379,0.011082014661518784,0.008602883549624418,0.013769295656149105,0.004284010670081138,0.0056710852592564255,0.0052572621292854135,0.007664866368878959,0.006088968596090548,0.0013472831713411697,0.00603622657593847,0.009610574822373642,0.0024752381380715918,0.007909785348933253,0.005377596726135829,0.0126794583831623,0.005531077230955026,0.0010259298357179394,0.004278400110665631,0.004719414173688134,0.009247595938896609,0.00507359609864451,0.0023049463884659794,0.006079011282270842,0.0017239540050197357,0.0072087148695173025,0.006804917018016398,0.005442630457311017,0.0008675365288959719,0.0022494742218658347,0.0025705963652567815,0.007997471349452381,0.010233262049610838,0.005627582214339263,0.010158572218498712,0.012124626202114581,0.001660143075494319,0.013768276447638242,0.005055367772799591,0.003817005295921451,0.004009411994332761,0.0036041418231537803,0.007676388427589154,0.006566952699810045
0.18000000000000002	GG2	0.0051934849836984655,0.005517377799297903,0.004971761415198699,-0.0006670800575401182,0.0061694060624976985,0.009999849554984465,0.0022261775930494014,0.009454575428388099,0.007006657453299647,0.01221089407807907,0.00447991765915802,0.0032263819108284304,0.004419391941485135,0.0067396044251916585,0.006136814180017257,0.0007717766225563527,0.00469145994048966,0.007911955057125114,0.0023372687556360502,0.008100841899968304,0.0032643763078318063,0.011002828801456171,0.004338987684747447,0.0001109931727484053,0.0035210767410334175,0.004725585792750063,0.006536514379262011,0.004132689132289426,0.0015475372897988007,0.005894999039868148,-4.235958432340535e-05,0.006722539408177864,0.0037639737974565655,0.004473337927917085,-0.00023272088011466784,0.0003112903037521717,0.002012067959267881,0.006311445545306231,0.0072667214447193025,0.0039189550198251485,0.007849775882148906,0.008540346511542469,0.0010279251820991368,0.012394828033023289,0.003964343115993455,0.0008557317499846225,0.003500241619077896,0.0028849565737117614,0.007047703254862083,0.004835577041623912
0.2	GEE	0.00294831551152065,0.0002823025118781162,0.00019397947738301446,0.00176516170392217,-0.00047295006099264657,0.0008086619812173035,0.0013638447878868152,-0.00029401603284484986,0.000682216418443837,-0.0007892412902610742,-0.00023157208184136256,-0.000850892462227021,0.00010760893986046713,0.0013316696922543699,-0.0005256438727069095,0.0002443301995221148,0.0013130894530094946,0.004568924397453202,-0.0008250508521320273,-0.00021904108720804152,-4.160582671251115e-05,0.0009104371063961017,-0.00022350819213217104,0.0003601327923143907,-0.0005956448557850519,-0.00031197015482784814,0.000749585481826412,0.002076320845322584,0.00010286276095586278,-9.914509453928244e-05,0.0012373980446729112,0.00041087551887437863,0.0002550789471508965,0.002241048476275598,0.001351298071861491,-0.00016874405198279678,-0.00026165458173519354,0.0003148815334351633,-0.00016113923504512077,0.0009442615247322468,-0.00010818420370884167,0.00028627236305642234,0.0003944842356789679,-3.3421623868123886e-05,0.0016104420501516555,0.0008582775023793021,0.0008741376490088174,0.0005623470357098726,0.0004872646623020503,0.0003318479927543096
0.2	GNN	0.005471883082027895,0.006552658899550517,0.0037309017705641047,0.0019071145796310353,0.005349420791930079,0.002153357013897226,0.0031380981371191287,0.001247224239807975,0.005350954284178107,0.006384302410656301,0.0014157269289996788,0.0007789504426419725,0.0014929122513834218,0.0033720161613889307,0.007776748720411333,0.00315965007169014,0.004767098214809831,0.002894282275895996,0.0026592541856070885,0.004059986766304952,0.0035043089143917973,0.003837548814781091,0.002135672130007399,0.0034499941837767543,0.0020356824042215794,0.006594134353331757,0.004691867506849062,0.0024874466200678204,0.0022908800562133386,0.0028829885586576,0.003229649215684224,0.002741546121210424,0.0015213868570783527,0.008445967906899613,0.0024741238410387074,0.005871233640101499,0.005186349227249376,0.001145091292323148,0.004400402174319653,0.003103020803672881,0.0013170501882087786,0.003560469419471606,0.003111583312659886,0.0023588193330021344,0.004148169398553675,0.0018994615203452938,0.00578264707488905,0.002797776471462657,0.003027911809014377,0.004363937440761267
0.2	GG	0.0036515817831060484,0.0025242257848463266,0.008721325657162732,0.003922091342281065,0.007183333981611707,0.005890272309736346,0.0032349988025678457,0.0010348926449206058,0.008060712302136475,0.003284358450307711,0.003997924474027513,0.0009990146522825968,0.005998101882117035,0.000783749872487359,0.004065093725259224,0.0024837637680920613,0.006580843851214956,0.0060085326562119845,0.0047153750092852045,0.004715043575914402,0.002181134531284122,0.004062184585903543,0.002123105050000449,0.002218972326671727,0.003301356539990758,0.0052570545968808865,0.0028887208655371858,0.0044941297016915,0.0018075625304762365,0.0021548749823336664,0.005989504023332053,0.01018506697581955,0.00347590613108206,0.003305536101545704,0.0036881271823151953,0.0036276360399685407,0.007874773047978935,0.007718772662907642,0.00218599825094441,0.0028491440612609903,0.001831310682575053,0.0009800105865360883,0.004051430785809888,0.003844537678602837,0.008414622968083756,0.004274563208290276,0.006668758487360835,0.007486095841827675,0.0036939613426537603,0.0012199060933123834
0.2	GG2	0.003425721386624232,0.0027483302609768614,0.006054191789744386,0.004097938652400867,0.005466730159824688,0.0051044787411488445,0.0033584240288738235,-0.0005232890449730547,0.00674565548561537,0.002245196146615251,0.0030434718560209436,0.0010175351893551275,0.005147438736704985,0.0006494788356298592,0.003186303496442972,0.0006601720576796331,0.005336952325234309,0.0040043916505205935,0.0026540515631614794,0.003914848670170335,0.0014488705138959522,0.0027117082682307776,-0.00015207687551913566,-2.430379304576581e-05,0.002532600953945064,0.003641521234747644,0.0021791752653375126,0.0036074334855591495,0.000970387640793525,-0.0007448677981813581,0.004915935703152214,0.008142676260006488,0.0031527708136172717,0.0028340487858764148,0.0015048409636150856,0.0023073825656270003,0.007326706606741275,0.006474995235509606,0.0015474985261073138,0.002186201327621716,0.0009510515680126451,0.0006537473730871519,0.0024845260011809125,0.00286447504434581,0.006170518104620544,0.0037027491002020103,0.006838653321600149,0.006761962793984934,0.0029359618205838716,0.0007247374219378237
0.22000000000000003	GEE	-0.0008695563511606638,0.0010414003518286735,0.00019829952729160259,-0.0004574805630562538,0.0007448479762915229,0.001096490795400216,0.0022578913603748937,0.0008738289644326212,0.0006510025390563763,0.0023045266850855992,0.0020452465984636932,-0.00042916327241475475,1.709643987434154e-05,-0.0007688696182119051,0.0013808554430313098,0.00249112892687881,-0.0008402861948254445,0.00033614907811018184,-0.0005601172379631382,-0.00023634664364188276,-0.0006853082592957931,-0.0011712173453027439,0.0002803161298861742,0.0010285204973183727,-0.00014898860499674502,0.00031520833121222294,-0.0006705403344766873,0.00018865036142580997,-0.00016680954919205327,-0.0003336269582262076,-0.0001718470723097963,-0.00012209511829339715,0.0003052468609603684,0.0008979190267770584,0.0008970408613771167,-0.0009292259782757874,-0.000583157853060937,0.0002686724713264504,0.00134927412171708,0.0006134936652625926,3.4862946854726995e-05,0.0005765752332808077,-0.0003159053058533705,-0.00035866299556279945,-0.000634787554543158,0.002006926923540387,0.0010519757888911804,0.002906194574910096,0.0016972751263295092,-0.0003660955690765605
0.22000000000000003	GNN	0.0009041876297341843,0.0011858328838862976,0.001051231901372354,0.002540978014051814,0.00276451674402426,0.0043784187981488615,0.0012006865186983003,0.0026449227520808686,0.0016075324793846828,0.0010016507356624452,0.0019973611932166133,0.001062719429489548,0.002518171453336511,0.003330738740143648,0.0042179668072728745,0.002564649357355888,0.0015325900065560783,0.004086303744856989,0.006083583624933718,0.0007809486289009467,0.0016396797402728762,0.002407289358599904,0.004608226381140655,0.0013794020649176173,0.0014304705517228953,0.0038835099352182074,0.0023243502656947095,0.004215278569855097,0.0035717648366770305,0.0017123804751415122,0.0029373526704382603,0.0024678385686472334,0.0011592788673881374,0.0022529014320601666,0.001960182143899279,0.0032276525169417413,0.0018875179171607053,0.0042682219767771895,0.0024710157520154746,0.0011205560878265056,0.0028180931792075314,0.000575966560497217,0.004343026208278411,0.0034272051134892206,0.003301957259089618,0.0038181550826518044,0.007516227089972406,0.002628180245907795,0.005116582778185792,0.002816969260751692
0.22000000000000003	GG	0.0004928325460891255,0.003156158965083631,0.0036671902065941084,0.0035749484867089003,0.004616489999038676,0.002101522893365609,0.003389076254893395,0.004127384150578305,0.002559304970048549,0.004081157858151165,0.004531610528218806,0.0008834108497060821,0.0033985269584252786,0.0008031634845973131,0.0040290766536318755,0.0063523056272919605,0.0025110293090445145,0.007795331071606995,0.000880219792206205,0.003630214862479948,0.003976257150084882,0.0018152192226209094,0.0031256628997765007,0.0027114108613590284,0.004964590072305393,0.0046611848665879555,0.002005510054025697,0.000637639151588804,0.00351908580960277,0.0017618220513274283,0.00041425136977214463,0.002931892775700517,0.002391145750077805,0.0015658235914695353,0.001512109199755713,0.0010858343317208703,0.0013459597397215124,0.005017132774541516,0.0027706327929246364,0.004586687242971779,0.0004331385847382883,0.007045389813007179,0.0025711507903072475,0.0023538510869163024,0.001431882502456421,0.0035672159288334926,0.006055370335927903,0.0037442276282382645,0.004219229928987406,0.0022587564686399886
0.22000000000000003	GG2	-0.0005184526124012629,0.0029375358602571023,0.0025491737504551725,0.002953679778887331,0.001746488822347246,0.001971467160681666,0.002428517311878211,0.003330846212489474,0.001945154131685672,0.002668749226833326,0.0019482321205097426,0.000598612431438269,0.0037973434856868648,-0.0005461762167246538,0.0020127718742373683,0.005385447435722015,0.0008610304079891063,0.005592255438790553,-0.00014478100394829004,0.002255706161689217,0.0036724953253386397,-0.00038567560189967185,0.0025091440518471126,0.0016262497720308646,0.0031540800309646454,0.00497146536634694,0.0010235499174805693,9.190219588126501e-05,0.0018479499086641728,0.0009482465076222912,3.7869156744191824e-05,0.0018981453451523372,-0.0004019490148295136,0.0006743889146748983,0.0011939954557818311,0.0006564270390478278,0.001069967462558294,0.004014799382489332,0.0010746655118941257,0.002301781693113342,-0.0007652765367454648,0.006695643376884065,0.000772084777563531,0.0020977888927658753,0.0003924840520423871,0.003362699767092355,0.004130994676796152,0.002906600433513872,0.0028744679264933798,0.002345015996996243
0.24000000000000005	GEE	-0.000415491383753818,-2.8441196326450567e-05,0.0004540352328928971,0.0007407718489797983,0.00021748294836881446,0.00027536986209118856,0.0003329072072283649,-0.0003725141013599868,-0.0002437788490302977,0.0014666770203358255,-0.0003925371266453291,-0.0002931837159883982,-0.0005833894518659476,-0.00024534229932189297,-0.0007362580716171687,0.00020234292167744307,0.001041676479240017,0.0003848354036668402,-7.937184931883181e-05,0.0012917447025431446,0.0001216088414687978,0.0019312516104011235,-0.00012546430574859798,-0.00010552228325029781,-0.000331456873525281,-0.0009305488778329907,-0.0004510651450325096,0.0004927991528212953,0.0004431454939828808,0.0009684798929325606,-0.00026233943650017395,0.00015076832739440238,-0.0009729998612353613,-0.0005508611991142885,-0.0001862215198169145,0.0005804862689951516,-6.16097045151442e-05,-0.0007213632152458635,0.00026160958994679286,-0.0003854509554690105,0.0005681363766771245,-0.0004740786633422143,-0.00011508007782057557,0.0003453527255098836,-0.0005908430616535133,0.0006104066216585506,0.0003996456298397136,-4.1579641270928045e-05,0.0008709488227992988,0.0014135306654393094
0.24000000000000005	GNN	0.0018726611498996752,0.003250603422717541,0.003986069973880331,0.0023699272050621565,0.0015925097657375161,0.002357742133588609,0.0016284265559277928,0.0012859027466458866,-2.803691840862396e-05,0.0014434565769291309,0.0039363083715450884,0.0031570860041881506,0.0033562250007915873,0.0034195983222058256,0.004929272963131356,0.002089604430285476,0.0008871554602243027,0.0006723835414902598,0.00039984904261866573,0.004196195578487411,0.00577825922954763,0.0014516236730935863,0.0018089488941550756,0.0024356431804046165,0.003961802127352675,0.0023118771042029223,0.002187183015781553,0.0026528235878995033,0.0006148491761331817,0.0025042144318501423,0.001444038827393163,0.0033793186167245153,0.0020868945946811578,0.003522020553292829,0.002252040229627253,0.00258492391453567,0.0022496549975347243,0.0014874836215773748,0.0017270451193454942,0.001725478479870636,0.00388410421290347,0.0007887235246913484,0.00206156910601588,0.0008532910060132626,0.0022591558849251034,0.0024881619216225105,0.002569179955285992,0.0019747632178763784,0.001791836686399113,0.0008762590310173333
0.24000000000000005	GG	0.005069897079260609,0.00235452141003567,0.0016738269555645919,0.0030074232329822584,0.00012398361812377743,0.0010154892588112557,0.0027135841559672146,0.00239726219950314,0.0037242140425217405,0.0021602041764060965,0.00019812494468816717,0.0002713781372305855,0.0027134137314148267,0.003595946709012287,0.00089639731847795,0.0018368515143425573,0.002709835549625747,0.002273152893668833,0.0016037701710078314,0.00445651732529113,0.004742710733290671,0.001901487744338625,0.0012752319447786311,0.0015951161414658104,0.0027363656441817957,0.0023908630756430517,0.002277045100138181,0.0007100675865619713,0.002842730744431845,0.004190886065443275,0.001255406222158751,0.0013674210389143901,0.0023533533879313423,0.001747373671333354,0.002558026509404125,0.0017263683084781064,0.0030289440633668283,0.0009945316827138,0.0032606703570471885,0.0028628865714044258,0.0029758212113416495,0.0020149757660207594,0.0025480564208028196,0.0025709980412240317,0.0014704076489585709,0.002260335106846027,0.0014702401777350227,7.274248800765935e-05,0.002236392839917739,0.0033484325981943527
0.24000000000000005	GG2	0.002048895317807458,0.0018238588329288926,0.0008849234320293858,0.0021881711337522077,-0.000428444941034383,-0.0002968178770794537,0.000792066766144993,0.0020004989116486163,0.002961012765715697,0.0009819138152221724,-4.541379748815083e-05,-0.00030397066005322153,0.0019128729889617672,0.0016100581180832985,-0.0005371766656669466,0.0006840059192014609,0.0015822862651370965,0.0016476640966065388,0.0008206494893359444,0.0034200364432423968,0.0031375704576370725,0.002206871173063862,0.0003470863546839262,0.0004073151115482042,0.0017188850265194454,0.0011270666907980582,0.0007926184549920925,-0.00030111903669869397,0.0016722305595867693,0.004364847115860012,0.0004771608754321053,0.0006060653358540243,0.000740275599705594,0.0006885891712151402,0.0014528582028503283,0.0009351173171857093,0.0007482287077775125,-0.000794961870321019,0.0010579584633455613,0.0026288212639998627,0.002332054216461842,0.0011937405581682733,0.001683039759629158,-2.8760756760129617e-05,0.001220591591843144,0.0015728953508813634,0.0013623060462700433,-0.0005665694859943568,0.0010405356206387069,0.002048165174503691
0.26	GEE	0.0009406695405031392,-0.00018494031096768647,-5.5772214102539816e-05,2.844056463455251e-05,0.00018652703884696037,0.0003917571989511657,0.0007556089683806097,-0.0007065754844571122,-0.0003676085342049556,-6.406334760679671e-05,-0.00014322485235023896,-0.0005584298730985035,0.0004397296537360766,-7.133095319851653e-06,0.0011448060500892894,0.00014256754334545635,-0.00015810998637035963,-0.0008611459976520327,-0.0007960494680049343,0.00037086191413014154,0.0008296256361209843,-0.0005772070157679427,-0.0004908598755759562,0.0028178577742253895,-0.000700770094585656,-0.00016855970936238286,-0.00017975757668482317,-2.5172169391903382e-05,0.0008093966727091127,0.00048132030366178656,0.001167781903643483,-0.0005427436871769947,0.00019956285074194542,-0.0003371149150819538,-0.00020817361782109002,-0.00040009666914716786,-2.9245919596461912e-05,0.0004935205416817849,-0.0007816524221708912,-4.110981713095558e-05,-0.0003380226700220338,-0.0004299409966119681,0.0007884624545024055,-0.0009373921541797876,0.0004942689820252148,-0.0003191171148043875,-0.0008055539169534834,0.0013921195145198627,0.00043706035277638457,-7.580302583339692e-05
0.26	GNN	0.002972830097781929,0.003741008342087003,0.0019961060756084666,0.00322596534925007,0.0033780189249201036,0.0005352524252809382,0.005489057043626841,0.0015034266921099876,0.0012561853254978118,0.0024857659146376877,0.0013025610636438225,0.004693909817414868,0.0009180138285915424,0.0014728072556771609,0.002791540957553822,0.001415470630598065,0.0018095797164230435,0.0008818027237187412,0.0018968912985374855,0.003101254279352762,0.0015318622821558023,0.0023253220648726193,0.0032360198550014816,0.0016637132408395604,0.001474181880483389,0.0026747942017856046,0.0006987072015378218,0.0016452405357359628,0.0009496681557613334,0.001276767472140002,0.0007935821475542625,0.002381614405262406,0.0015598602863939467,0.002315303181979886,0.0008397580752741196,0.0024515078300788888,0.002223617984755491,0.002271856320029839,0.0008801199777110049,0.0022412961538942084,0.003155727329002184,0.002553811990920372,0.0005278674084888425,0.0025172359744497735,0.003744038527719621,0.0002817079711271598,0.0021521818787607764,-2.9861896472312397e-05,0.002826536552461743,0.0003921926039959294
0.26	GG	0.0014954966823566523,0.001958022988644559,0.002304781262185539,0.0018423234868212,0.003991701140316004,0.0009182559726380685,0.00400287774192191,0.000214939240787875,0.0012091523830867865,0.001821623541892405,0.00135927585365884,0.0031458252795644554,0.0015619826932122855,0.0022556273793276414,0.0015047710907359034,0.0009573559607910404,0.003146003043872744,0.001476385979683277,0.0006339561005933976,0.004555627227025914,0.0012288665666460618,0.0038369235766195094,0.00024562678378216735,0.00393545389258704,0.0021323097884840964,0.0015579872303030536,0.0030701547053417727,0.0016366748344170548,0.0009343089408098119,0.00047553396089133237,0.0016891539446013235,0.001344698261400935,0.002488689132869146,0.0026622744090282744,0.001556834902019117,0.0005977253970881273,0.001182693988355607,0.002713472935541555,0.003037003105273974,0.0010514210222082123,0.004566531708516865,0.0007212109480510798,0.0015458727573044093,0.0012517313579601304,0.005301273439312612,0.0004004557227618863,0.0019380945261653854,0.0013279967407895464,0.000977632833161413,0.0007607420541263143
0.26	GG2	0.000495444728201287,-0.00019914369958069116,0.0013502110337110867,0.0014661982369875857,0.003171939919508723,6.194959962319455e-05,0.00265549754691092,-0.0008501688777891556,0.00021251788314793468,-9.285833738437595e-05,-0.0004333648386912382,0.001505497313938708,0.0010400685225131056,0.0015689300538821336,6.067943480384466e-05,0.0006307263985570954,0.002355648922011913,0.0012770378979776976,-0.0005500074106784804,0.002745148836402079,0.000449522605979548,0.0027412083376318662,0.00019542018701705765,0.003040094194303605,0.001660895019640675,0.00028570000811496015,0.0027099114073052873,-0.00027651549902417335,0.0004900997816964688,-9.56386499254628e-05,8.942474887613794e-06,5.1562729534193484e-05,0.0013645345688051006,0.0012453910634838141,0.0005544210148325902,0.0005416919531708738,0.0005792869169098982,0.00028597637891605295,0.0023937049234331884,0.0011807463890681905,0.003105634638443432,0.00025508765749520165,0.001653638930546444,0.00043807539750376624,0.001998360700594691,-0.00047442307120277634,0.0005965422999114793,0.0007750953207095186,6.582210416703517e-05,-0.0004747674143169284
0.28	GEE	1.685860364974166e-05,0.00013129701030671753,-1.1863310696649487e-05,0.000458343174185315,7.30955544608807e-05,0.00024493086176617315,-0.0008266470699469404,-0.0009198320487427696,0.0006483115625781369,0.0004967823661528452,-0.000540675969805197,-0.0007033752461577711,0.0011215414814743242,0.00013626742067169437,0.00010079531792241286,-0.0003327672092821163,0.0004990283728230384,-0.00026842897627134754,-0.00011874527541504253,-0.0006057504191044948,0.0023998782229699557,-1.5070407943644576e-06,-0.0006293633321947601,-0.0007101980516776441,-7.116431493723775e-05,-0.000373336655843773,-0.0004526795817833249,-2.0962319142147137e-05,-0.0010757886875355288,0.00017805731606614165,-0.0007491941635711037,0.0006020796026338176,7.835155996772679e-05,0.0001405082807537567,-0.00035139893937209904,0.0019745614375994303,0.0006616375403763121,0.00011911198642577642,0.00023846726677434455,-0.00037923575105826534,-0.0008827816125111231,-0.00025873289520569035,-0.0001724175807155775,-0.00034384409785799183,-0.0004310362441902416,-0.0007925563725435949,0.0007717235466006337,0.00040765911069981145,-0.0005504780439259726,-0.0006166621435902908
0.28	GNN	0.0025550079400239105,0.0009264740186864388,0.0002897914339638947,0.0012495312026472936,0.0006898600882082463,0.0018005676708108902,0.0033161403737938275,0.0013279725510413377,0.0004895502013762826,0.0007808274409220146,0.0023768503166945354,0.0014912120158645566,0.0033904133681265367,0.0035765366572318635,0.0016521017644751885,0.0008966370172596714,0.0003523603770058059,0.0017383557041770188,0.0025668069337874914,0.002267425687650703,0.00013758020101776444,0.0010180475201517763,0.0008476124936115173,0.001727640283882549,0.001193318976347355,0.001883401789721716,0.0006285296570573466,0.0019439966439632145,0.0026238133890633605,0.002861136802218609,0.0020123840010980248,0.001153702655207262,0.0015589412481356478,0.0004533574574112086,0.004015061841839166,0.0029033103784063753,0.0020060773112524186,0.001180983040965209,0.0034107389035936708,0.002500131564704058,0.00333493508913763,0.0018064370215234967,7.342039516379834e-05,0.0004126460928736325,0.003963018763192384,0.0019036681201738926,0.00213990032539117,0.0005475463164467254,0.0018620360528460516,0.0011589747374274632
0.28	GG	0.00021055475368016445,0.0025471364690556123,0.00038701708919417486,0.0022673154884797738,0.002134256035824048,0.0003416824056973566,0.0004771239579752757,0.001427541484784316,0.001148679260691324,0.0016565748787845678,0.001560531768888561,0.0002537895973651069,0.0024073865720906575,0.0005249084854241132,0.0006801871954743581,0.0007168457907979788,0.0012546920253510554,0.001173693377718445,0.0026364870449417884,0.002309249745439537,0.003149185785103273,0.0005380869444773579,0.0015194960169546052,0.000569291000456104,0.0012321864916139136,0.0004846525594329317,0.0011489431647705999,0.0003208886727098685,0.0008096517511769897,0.0020869396000324156,0.001328862104021506,0.0014262803769072635,0.0007743581991454301,0.0010098783228465276,0.0008804320650075112,0.0030131213263528004,0.0006900636109839106,0.0013782579401685029,0.00012977908262344393,-6.377198868694766e-05,0.0006042085270213501,0.0018822557826181127,0.0002269793801850536,0.0014956597046303984,0.004856001379582478,0.0005356869289430533,0.0025541340387116,0.001996390123625259,-0.00034212308993036546,0.0007848408855681443
0.28	GG2	-0.00010689139294075839,0.00030467598332936554,-0.0010908665186086539,0.00026476970401187623,-0.00021065456089326722,-0.00044252729011704704,-0.0007704871954251066,0.0003706696170949508,0.000879959309751955,0.0014794783988053837,-0.0006632462853543147,-0.0006782291496899191,0.0009600305552297061,0.0002360947008554183,2.9195194718169456e-05,-0.0011437449596921046,-0.0004402339001994789,0.001291501161678918,0.0010982958971900603,0.0008475320757593743,0.0007538241931465718,-0.0002085319133670962,0.0004400482857632052,-9.794648682659275e-05,-0.00033817262387781966,-0.0005835192618588575,-0.0008375820023689396,0.0002256328626990972,-0.00025947187331624446,-0.00020661480451406876,-5.550573761729032e-05,0.0017859227506537036,-0.0009613863378352626,-0.000294195470288313,0.000493815849837914,0.002918309468310695,0.0002456226549902111,0.0001352406258733954,0.00017578051175579012,7.056537274183874e-05,-0.00018029110966745685,0.0007037645535709045,-0.00039321645858554286,2.5407279210580267e-05,0.003296866357919391,-0.0006432551852483763,0.0008200296958456358,0.0011892813410127486,-0.0006737799059468429,0.00016424556437165635
0.3	GEE	0.0015344907370187521,-0.00010332369705463306,-0.0009484523914340913,-2.0195544713398833e-05,0.0009219527021804602,-0.0006405986775093281,-0.000791893173705715,0.0010707178254290403,-0.0003430804484579452,-0.0005856486997336605,-0.0001354315666938502,-0.0001631074773442643,-0.000746606811510768,0.0027792837612222528,0.00048249596042679847,0.0005502735852274763,-0.0005105785823483313,-0.0007149538385776824,0.0013423643862791833,0.0007043595120494533,0.0007830836848097699,-0.00013561832338469825,-0.0005755563289573815,2.302640960853167e-05,-0.0007828055944980344,0.0012020057202290703,-0.0007321651440049164,-0.0005563342355800673,0.0006551379759499257,0.0005713889936634155,0.0004884135387367898,-0.00030837916909423943,9.796058284109741e-05,-0.0002588415706461528,-1.7081186970888134e-05,-0.000631656545293068,-0.0006487522415874129,-0.0007212416423533402,-0.0002344804420458475,-0.0002884910611391834,-1.8937143291918538e-05,3.634713895839472e-05,0.0007348162677509592,-0.0003632969034972055,0.0012702939723840917,-0.0005003625725835369,0.0004691602170091373,-0.0004998667083499375,0.00025588177763181475,-0.00013426025368651015
0.3	GNN	0.00029177736019536345,0.0014642541094162255,-8.111114706129746e-05,0.0009169379056151031,0.0013934955736524138,0.0024519940986283528,0.0016677182204813449,0.0014955009481083656,0.0003159384329762309,0.0015008312355832105,0.0017315992297389918,0.0015086292115795558,0.002565052269501393,0.0017005871806112208,0.0026499025168212867,0.001026353443205434,0.0023570763547620744,0.001190029081677505,0.0012347547764734689,0.0007330211535929191,0.0018214390258062016,0.0010416372311456575,0.00013034212490018726,0.0016282113927311502,0.002468526718300307,0.0022631130960126455,0.001622140124428202,0.0015876630752260958,0.002256532058561851,0.0009925521181518547,0.00020367110799227395,0.0013489070686818789,0.0004522765422127563,0.000752952094037737,0.0010232741231689577,0.0007741188164950185,0.0002623492231156103,-0.0003800171487492819,0.001326387376846503,0.0012356620617984552,0.001619363838716952,0.001668567973211353,0.0017600131461255404,0.0009669055027524627,0.001538762309772113,0.0015936712426837297,0.0010300021033536526,0.0014808469609287518,-0.0003064288314617908,0.0014441255349347312
0.3	GG	0.0006139355269764389,0.0025979147790032705,0.0005598319946709139,0.0002763464943087221,0.00047562340278917034,0.003251867408834537,0.006168806390982663,0.002840670244884341,0.0014975929317836275,0.0009833563366821439,0.0014671358068119934,0.0018059663235256201,0.0010070116996186724,0.003652118177864109,0.00031118900524527136,0.00045865202579232757,0.00027760389817953093,0.0009678993860920705,0.0030807179301751107,0.0015942129203686316,0.0027807074901423285,0.0021861063617195317,0.0015047415300237928,0.0008602579375456711,0.0016565061471241135,0.00039099161234810135,0.0015061203769704866,0.002135266908864615,0.0023455760098893964,0.000733663639960662,0.0024870210272852737,0.0004895468019362003,0.0011811547097459556,0.000877306827809736,0.0007174896383982369,0.0008776097033536064,0.0014878713373883716,0.0012906451761224742,0.00028075483093601013,0.000674465939057158,0.0036575691131534075,0.0019318740117886476,0.0007221874593160619,0.000191184838445097,0.0020661597125276746,0.00010415222596908169,0.0018031061515942643,0.0010654225465109675,0.002047923567832909,0.0010006751041839242
0.3	GG2	-0.000279556395183548,0.0007794653350752678,-0.00048142333347386525,-0.0004937896349307918,-0.0002461765770784379,-0.00010144963939362726,0.0024004444725083556,0.00017275533206596812,-0.00019657618045866522,0.00025670033644977007,-5.619968853661673e-05,-7.81962536535366e-05,-0.0003049559692144855,0.0013066998579078803,-0.00022280797186202586,7.525179270472211e-05,-0.0003644002761989692,1.0651387078383887e-05,0.0005155542171000892,0.00012756188613822816,0.0021796557914128384,0.0010467168689454476,0.0011717732010523003,-0.0006074609527166635,-0.00015698834712984524,-0.0006808297377905049,0.0003537047410364295,0.0006184005155934601,0.00037544211051218634,-7.046222548350558e-05,0.0014608203939763754,0.0006216359385703174,-0.0006552555264661204,0.0004648340762544059,-0.00011785264338844354,3.9276156081238145e-05,0.0008237156305144405,-0.00018892188155588256,-0.0007334108801034065,-3.7057432686373934e-05,0.0002982402648279225,0.0010037942016693237,-0.0004533536320097365,-0.00048000672083994015,-0.0004497027704820302,-0.0008583584070709332,0.0007802684934391759,-0.001010918768604986,0.0008502796938314852,0.00028991897063584813
