0.0	GEE	2.876121759414673,3.215682029724121,2.953869104385376,3.0517990589141846,2.9109911918640137,2.954631805419922,2.7900397777557373,2.895174980163574,3.0774407386779785,2.8171770572662354,3.0474979877471924,2.7436442375183105,2.947300910949707,3.122324228286743,2.9394381046295166,2.858582019805908,3.0766420364379883,2.978811025619507,3.1986849308013916,3.0031380653381348,3.14101505279541,2.94474720954895,3.112924098968506,3.0214028358459473,2.817155122756958,3.2222371101379395,3.034458875656128,2.977900981903076,2.969808340072632,2.9610979557037354,2.9612221717834473,3.0954031944274902,3.1223490238189697,3.0365171432495117,2.747321844100952,3.018681764602661,3.2418692111968994,3.195157051086426,3.0108089447021484,2.912381887435913,3.076911211013794,2.85693097114563,3.0217909812927246,3.203969955444336,3.0236899852752686,3.0085432529449463,3.192934036254883,3.0114879608154297,3.103867769241333,2.870208978652954
0.0	GNN	21.647547960281372,23.069939851760864,19.227715015411377,16.976895093917847,30.56464385986328,16.607414960861206,29.349345684051514,16.405347108840942,16.78512406349182,16.55357789993286,16.655841827392578,16.67552399635315,16.941484689712524,16.636568784713745,17.561929941177368,16.657291173934937,16.747973203659058,18.295538902282715,24.525047063827515,20.903001070022583,30.526954889297485,27.565001964569092,19.82411813735962,17.778402090072632,18.77373194694519,18.283179759979248,18.87526297569275,16.895122051239014,16.763890266418457,18.410250902175903,21.10087513923645,21.533581972122192,19.273136138916016,22.672052145004272,19.122395992279053,16.79800510406494,25.016291856765747,21.894686222076416,18.3320529460907,17.1354820728302,17.592081785202026,22.6904079914093,18.24181079864502,16.777801275253296,17.081333875656128,18.390915155410767,21.291062116622925,25.25008487701416,19.478217840194702,16.793354988098145
0.0	GG	35.819238901138306,18.284639358520508,18.326380014419556,15.938391208648682,15.998939990997314,15.938178777694702,15.841155767440796,15.813510179519653,16.20331597328186,16.008081912994385,16.240198135375977,15.78869915008545,16.20573592185974,15.968544960021973,16.05459499359131,16.058152198791504,16.08698797225952,16.303314208984375,16.474990844726562,16.390953302383423,16.36684799194336,16.2756290435791,16.55650019645691,16.180118799209595,16.327192783355713,16.46174716949463,16.33328914642334,16.3439040184021,16.362142086029053,16.14472508430481,16.480411052703857,16.586257219314575,16.63751196861267,16.58547806739807,16.120664834976196,16.530254125595093,16.299328088760376,16.506410121917725,16.53007197380066,16.272744178771973,16.405261039733887,16.287555694580078,16.357746124267578,16.371459007263184,16.27037477493286,16.28942608833313,16.42371892929077,16.36544394493103,16.36921501159668,16.18558096885681
0.02	GEE	3.254556894302368,3.471224784851074,3.5321881771087646,3.529256820678711,3.69478702545166,3.473231315612793,3.531248092651367,3.417816162109375,3.3645050525665283,3.458874225616455,3.7648160457611084,3.5272459983825684,3.508436918258667,3.3411221504211426,3.4026851654052734,3.7111308574676514,3.4769771099090576,3.8916029930114746,3.7018020153045654,3.4558730125427246,3.519007921218872,3.3355040550231934,3.4353187084198,3.3618528842926025,3.530151844024658,3.803349018096924,3.410983085632324,3.635014057159424,3.4695701599121094,3.5881500244140625,3.3208539485931396,3.512624979019165,3.2942190170288086,3.3949620723724365,3.5544533729553223,3.539036989212036,3.3098559379577637,3.515213966369629,3.4223902225494385,3.3989920616149902,3.4964282512664795,3.484772205352783,3.395015239715576,3.3834240436553955,3.514867067337036,3.441304922103882,3.6615827083587646,3.3071250915527344,3.577455759048462,3.609483003616333
0.02	GNN	17.343149185180664,21.037776947021484,32.519028186798096,25.57936191558838,26.200965881347656,30.061130046844482,32.936681032180786,23.323660135269165,37.181257009506226,35.056411027908325,19.145843982696533,43.275331020355225,26.60392689704895,27.47652316093445,37.21200108528137,23.60746121406555,19.43395709991455,20.153975009918213,27.13425302505493,20.671528100967407,32.02446675300598,19.667927026748657,25.27500319480896,31.67415690422058,20.44074821472168,30.568785905838013,38.204545974731445,30.109742879867554,21.25723385810852,17.02504587173462,22.533890962600708,22.130109786987305,25.079199075698853,18.49637007713318,21.66849112510681,20.93846082687378,31.608976125717163,19.472729206085205,17.16498899459839,17.459544897079468,36.625422954559326,21.069247007369995,25.533287286758423,26.55845594406128,22.46568489074707,23.693848133087158,17.314607858657837,23.9838547706604,21.155987977981567,18.78324794769287
0.02	GG	16.426949977874756,16.635499000549316,16.518671989440918,16.920348167419434,16.6909921169281,16.520373106002808,16.855395078659058,18.522263050079346,17.1235408782959,20.851415157318115,16.997939109802246,16.617759943008423,16.990922927856445,16.9161319732666,16.82707977294922,16.820013999938965,16.904365062713623,19.13434410095215,19.094792127609253,16.595775842666626,16.512110710144043,16.325106143951416,16.7909038066864,16.45035481452942,16.569747924804688,16.638040781021118,16.722599267959595,16.687416076660156,16.798716068267822,16.802088975906372,16.627820014953613,16.74520182609558,16.381392002105713,16.478422164916992,16.641180992126465,17.334237098693848,16.683528900146484,16.67520308494568,18.50099205970764,16.47601819038391,16.700605154037476,16.60524582862854,16.808764219284058,17.07102108001709,16.61929702758789,16.651270866394043,16.567070960998535,16.419745922088623,16.66022825241089,16.58069682121277
0.04	GEE	3.861361026763916,3.636165142059326,4.139387130737305,3.908910036087036,3.837315082550049,3.7593648433685303,3.8749451637268066,3.9874649047851562,3.774090051651001,3.967942953109741,4.074655055999756,3.8789680004119873,4.008566856384277,3.841470956802368,3.793267250061035,4.083526134490967,3.7763991355895996,4.065578937530518,3.8573787212371826,4.121052980422974,4.074533700942993,3.764988899230957,3.774172067642212,3.9012181758880615,3.97005295753479,3.8456718921661377,4.003540992736816,3.786972761154175,3.9048349857330322,3.9191622734069824,4.2718729972839355,3.8536882400512695,3.882139205932617,4.013922929763794,3.8138508796691895,3.773017168045044,3.9273688793182373,3.9553050994873047,3.7767560482025146,3.820347309112549,3.946087121963501,3.7328481674194336,3.938049077987671,3.843533992767334,3.9110682010650635,3.82120418548584,4.120861053466797,3.992691993713379,3.953433036804199,3.81911301612854
0.04	GNN	23.767434120178223,42.03716802597046,32.470492124557495,41.9366660118103,22.35484004020691,32.42017412185669,40.16538643836975,26.8819739818573,36.44891309738159,42.98121094703674,27.992491006851196,22.212238073349,49.44405722618103,26.673808813095093,68.23956179618835,28.043653964996338,19.938512086868286,44.37336492538452,36.43122410774231,33.729604959487915,20.927924871444702,33.66590690612793,21.77761697769165,27.313207149505615,23.58099675178528,37.752933979034424,34.047558307647705,26.00692129135132,27.751847982406616,38.714503049850464,36.832257986068726,31.16325616836548,23.978909015655518,28.802343130111694,32.659769773483276,44.56831097602844,34.01306128501892,29.8337299823761,20.180073976516724,32.2616012096405,36.71043825149536,40.70992612838745,23.997861862182617,43.572675943374634,43.28724813461304,26.87993597984314,32.69624185562134,42.58551502227783,25.643224954605103,25.716054916381836
0.04	GG	16.71103286743164,16.53092098236084,17.080184936523438,17.200206995010376,17.044604778289795,16.762739896774292,16.596004009246826,16.99991512298584,16.98124623298645,16.840200185775757,16.85098886489868,16.67199993133545,16.960322856903076,16.736677169799805,17.3399338722229,17.47947382926941,16.913363933563232,16.82685089111328,16.809526920318604,17.525190830230713,17.089222192764282,17.077046632766724,23.028934955596924,16.98030686378479,17.471814155578613,17.08714199066162,17.332480907440186,17.07090711593628,17.253968000411987,17.11283302307129,16.89407706260681,16.869493007659912,51.39213585853577,28.389838933944702,17.208057641983032,49.7401340007782,17.250842094421387,16.97828197479248,16.841881036758423,17.30781316757202,17.12286400794983,17.11052107810974,17.095635890960693,16.827548027038574,16.97528576850891,51.528915882110596,17.314635038375854,17.083908081054688,16.868864059448242,16.866312742233276
0.06	GEE	4.1284339427948,4.432853937149048,4.169958114624023,4.0490148067474365,4.193610191345215,4.422887802124023,4.368971824645996,4.554869890213013,4.522564888000488,4.384947061538696,4.4396820068359375,4.3596742153167725,4.169497013092041,4.300038814544678,4.26001501083374,4.416468381881714,4.534664154052734,4.269335031509399,4.505648136138916,4.732061862945557,4.387449026107788,4.4250030517578125,4.2315919399261475,4.212661027908325,4.215394973754883,4.102450847625732,4.305379867553711,4.202206134796143,4.182949066162109,4.137425184249878,4.400908946990967,4.341925144195557,4.247247934341431,4.084695100784302,4.168004751205444,4.203674077987671,4.466264009475708,4.367305040359497,4.116830825805664,4.215903997421265,4.314349174499512,4.350850820541382,4.510123014450073,4.230337142944336,4.4070799350738525,4.335220098495483,4.29344630241394,4.321522951126099,4.290796995162964,4.31955099105835
0.06	GNN	32.65796113014221,41.97508788108826,40.072893142700195,55.936853885650635,33.34930992126465,34.63278293609619,21.048399209976196,55.543843030929565,34.51971387863159,39.37950587272644,60.330185890197754,54.91238594055176,29.07480502128601,51.143845081329346,35.08194923400879,30.705111980438232,43.837733030319214,55.10847091674805,50.81350302696228,34.765450954437256,84.6456367969513,52.54306101799011,44.82486414909363,74.81831908226013,33.865920066833496,41.749733209609985,35.046202182769775,33.43221831321716,45.94078731536865,37.279375314712524,56.48259496688843,49.952250719070435,41.76069521903992,27.29209589958191,27.928076028823853,49.20356035232544,63.386913776397705,28.929465770721436,23.118481159210205,51.38271880149841,41.352418184280396,35.494596004486084,35.011849880218506,53.2561559677124,28.32778000831604,53.254201889038086,31.66437792778015,31.171561002731323,32.8506178855896,37.16363883018494
0.06	GG	17.21738290786743,17.417384147644043,17.180989980697632,16.961965084075928,17.298218965530396,17.42761993408203,21.85921001434326,50.13261580467224,17.161503791809082,38.667092084884644,23.4493088722229,17.111177921295166,17.05011820793152,17.502387046813965,17.372143983840942,17.18145513534546,17.922021865844727,19.3387930393219,18.44000220298767,17.95712184906006,17.191073179244995,21.411186933517456,17.093207120895386,20.462276935577393,17.484676837921143,17.127818822860718,17.097583770751953,38.5197319984436,17.442110776901245,17.059417963027954,23.220154762268066,17.043933868408203,22.43149709701538,17.33859872817993,47.87671613693237,17.357594966888428,22.21626591682434,17.186782121658325,17.11640691757202,17.124724864959717,17.664397954940796,17.055514097213745,17.317424058914185,58.937490940093994,17.614947080612183,53.84819674491882,17.707368850708008,17.921683073043823,17.19893980026245,17.174026012420654
0.08	GEE	4.6885809898376465,4.772139072418213,4.715126037597656,4.822132110595703,5.073450088500977,4.74559473991394,4.508498907089233,4.773180246353149,4.54889702796936,4.7452027797698975,4.615777015686035,4.77288293838501,4.68268609046936,4.8103978633880615,4.789098024368286,4.7667388916015625,4.917742967605591,4.6621129512786865,4.790838003158569,4.672014951705933,4.517989873886108,4.857492923736572,4.502703905105591,4.584795236587524,4.636817932128906,4.624556064605713,4.746182203292847,4.5998289585113525,4.483397006988525,4.646906137466431,4.688349008560181,4.752508878707886,4.7734808921813965,4.896101951599121,4.7227699756622314,4.827434062957764,4.720000743865967,4.466940879821777,4.576537847518921,4.704716920852661,4.801593780517578,4.742073059082031,4.789308309555054,4.641959190368652,4.804280996322632,4.773044109344482,4.795480012893677,4.465322971343994,4.683632135391235,4.636242151260376
0.08	GNN	55.11865592002869,56.74858593940735,82.31399393081665,62.71369218826294,32.75692701339722,54.337738037109375,43.66396689414978,36.74635696411133,48.2651150226593,65.27105498313904,36.45792198181152,62.949785232543945,55.328969955444336,52.14758515357971,46.951144218444824,47.2510929107666,66.1953649520874,48.57406806945801,46.600847005844116,72.09421682357788,41.47358965873718,57.9401593208313,43.50178027153015,87.7330539226532,40.99460482597351,48.40418100357056,46.825226068496704,68.24771022796631,52.43556785583496,51.662527084350586,62.68895506858826,38.48458695411682,44.601593017578125,27.32707905769348,40.933611154556274,49.142765045166016,51.806376934051514,37.991284132003784,79.71941590309143,72.77700519561768,42.731460094451904,40.25987386703491,44.802393198013306,49.88832378387451,69.79658794403076,39.72038292884827,50.78787589073181,47.501697063446045,66.98159718513489,63.57676911354065
0.08	GG	17.507341623306274,29.865047931671143,83.62932109832764,17.61914896965027,18.308238744735718,22.009264707565308,31.400393962860107,47.18764805793762,17.74237608909607,17.619835138320923,18.160806894302368,17.652015924453735,28.304662942886353,17.813412189483643,17.90917682647705,17.812180042266846,17.412410020828247,17.395726919174194,18.83095073699951,17.17171311378479,17.310605764389038,17.41869616508484,19.99490475654602,48.274797201156616,17.551570892333984,34.22243881225586,96.1059398651123,65.23872995376587,17.38424515724182,17.782390117645264,23.14888882637024,18.027852058410645,21.0965518951416,17.870098114013672,17.61345911026001,45.09925293922424,31.894442081451416,28.944043159484863,17.784388780593872,33.0892448425293,17.656031131744385,17.612989902496338,47.845125913619995,17.806549072265625,17.602394819259644,17.6254780292511,18.07559299468994,17.706173181533813,17.428236722946167,17.347368001937866
0.1	GEE	5.117393970489502,5.392912864685059,4.734608173370361,5.124246120452881,5.0714111328125,5.13788914680481,5.068802118301392,4.864175319671631,5.068476915359497,5.097438097000122,4.893301963806152,5.100780010223389,4.9147350788116455,5.227129220962524,5.3767311573028564,5.198914051055908,5.1040332317352295,4.963109731674194,5.412071943283081,4.65852689743042,5.380157232284546,4.971230983734131,5.515444040298462,5.172095060348511,5.231359958648682,5.127645015716553,5.133935213088989,5.1911139488220215,4.813151121139526,5.307984828948975,4.9753711223602295,5.1406800746917725,5.224260091781616,5.108573913574219,5.474859952926636,5.371401071548462,5.181920051574707,5.112677335739136,4.792129039764404,5.0116353034973145,5.270132064819336,4.9795448780059814,5.528988361358643,5.2110960483551025,5.356032133102417,5.235183000564575,5.0044450759887695,5.356765270233154,5.018412113189697,5.1660590171813965
0.1	GNN	51.91382074356079,53.707382917404175,62.137861251831055,97.17864894866943,59.8767991065979,66.43637681007385,70.45729303359985,64.3892810344696,96.08664917945862,53.42318820953369,80.92887282371521,86.5989408493042,52.09696888923645,49.78720307350159,56.74861192703247,37.64697504043579,79.78166913986206,63.52133798599243,53.77504110336304,90.88177704811096,57.339592933654785,97.09513974189758,76.59958100318909,65.5524730682373,91.72572112083435,48.53553819656372,72.61650204658508,80.15893697738647,85.5619170665741,97.22316312789917,53.70350003242493,58.49013590812683,75.52460503578186,38.09255409240723,85.58296513557434,89.27197003364563,75.52062010765076,97.02381491661072,91.8405990600586,67.22203397750854,63.51264190673828,76.44247484207153,75.1000599861145,97.6636700630188,63.50804400444031,79.62942266464233,65.35293817520142,59.49622297286987,66.86366605758667,72.21204900741577
0.1	GG	17.972589015960693,45.682302951812744,90.93080115318298,18.961252212524414,49.77439522743225,17.407297134399414,36.82334303855896,62.87916803359985,24.82115912437439,17.71788001060486,48.55959510803223,29.489238023757935,21.11569094657898,18.890432119369507,18.212568759918213,53.17807221412659,59.46954798698425,46.02276802062988,51.44914197921753,47.95116591453552,17.808747053146362,53.175776958465576,18.886157035827637,98.00411486625671,37.061264991760254,26.63275718688965,23.46249294281006,18.178048849105835,17.843849897384644,18.32072114944458,17.416110038757324,41.9449200630188,17.86237907409668,64.46262788772583,17.99650001525879,67.57341003417969,17.642174005508423,17.911416053771973,18.018894910812378,78.66673994064331,42.53927993774414,31.983970165252686,28.074124097824097,62.83044505119324,54.0892870426178,17.935310125350952,78.58580303192139,34.86390399932861,20.39096713066101,18.165173053741455
0.12	GEE	5.494984865188599,5.5663018226623535,5.315420866012573,5.484210968017578,5.434098958969116,5.487200021743774,5.531296968460083,5.6892149448394775,5.240775108337402,5.687384128570557,5.709005117416382,5.732825994491577,5.708376884460449,5.284877061843872,5.472795248031616,5.792665004730225,5.952337026596069,5.659558057785034,5.929281949996948,5.161017894744873,5.521870136260986,5.307118892669678,6.099631071090698,6.18324089050293,6.320122718811035,6.963219404220581,6.679162979125977,6.692225933074951,6.7827370166778564,6.95776104927063,6.7937867641448975,7.159042119979858,7.429496765136719,6.862598180770874,7.106052875518799,6.836388826370239,7.099323987960815,6.82074499130249,7.449023962020874,7.255299091339111,7.177909851074219,6.769161939620972,7.372564792633057,7.460906028747559,6.792207956314087,7.301851987838745,7.406810998916626,7.1158459186553955,7.072448015213013,6.951037883758545
0.12	GNN	54.649194955825806,83.64074087142944,18.053350925445557,44.89215707778931,83.51317238807678,72.69030809402466,18.1754891872406,80.15571784973145,32.05064010620117,98.98130321502686,36.50643610954285,43.92919301986694,94.61868977546692,57.02037477493286,81.591628074646,96.12373399734497,71.70845699310303,70.69903898239136,78.0937671661377,53.54854869842529,96.729248046875,68.5305528640747,83.6269941329956,74.98120069503784,44.53900504112244,74.42979192733765,94.73188591003418,65.80849003791809,64.81062316894531,83.42468500137329,72.90738892555237,35.79627799987793,50.61760687828064,48.29376578330994,105.79210305213928,95.93914914131165,80.80463290214539,88.12766313552856,111.25045108795166,81.54127407073975,109.71069693565369,77.82035803794861,53.874119997024536,109.04191398620605,28.769320011138916,82.10890483856201,105.09904599189758,103.77943587303162,61.42128109931946,67.89841508865356
0.12	GG	50.270668029785156,18.551618099212646,54.90824341773987,18.245463132858276,46.674668073654175,86.93740487098694,33.71834993362427,18.855829000473022,33.16127300262451,38.574249029159546,82.31005811691284,64.6671211719513,59.119954109191895,18.476660013198853,77.53369784355164,18.803621768951416,100.31261205673218,17.9571750164032,18.777552127838135,74.7431800365448,73.42463088035583,52.74056792259216,93.82966923713684,32.24971890449524,90.0735650062561,37.25475001335144,54.739551067352295,75.32031393051147,77.16090488433838,58.083373069763184,46.574806928634644,76.38559198379517,33.172253131866455,20.897206783294678,23.428863048553467,58.787761926651,71.40782117843628,44.81459403038025,37.29122996330261,110.81536793708801,73.68597030639648,43.798202991485596,20.374748945236206,20.582470893859863,24.111467838287354,72.97226405143738,87.3994071483612,77.21749114990234,71.1082592010498,42.110687017440796
0.14	GEE	7.2969889640808105,7.991523742675781,7.861968994140625,7.50015115737915,8.096657991409302,7.515562057495117,7.816882133483887,7.392888069152832,7.395418167114258,7.114137887954712,7.691653728485107,7.716621160507202,7.440288066864014,7.69152307510376,7.637610197067261,7.838608741760254,7.628237009048462,7.552675008773804,7.340268611907959,7.167961835861206,7.3636791706085205,8.192239999771118,7.430948257446289,7.739068031311035,7.8711748123168945,7.645786762237549,7.5917041301727295,7.69637393951416,7.51133394241333,7.621555328369141,8.303171873092651,8.046729803085327,7.811353921890259,7.860313892364502,7.576447010040283,7.876193046569824,7.721095323562622,7.728718996047974,8.139194965362549,7.739461183547974,7.735177993774414,8.300963878631592,8.100500345230103,7.560065984725952,8.02294397354126,7.608997106552124,7.629260063171387,8.170546770095825,7.588655948638916,8.042322874069214
0.14	GNN	19.928818941116333,58.936323165893555,20.602651834487915,28.419835090637207,53.476253032684326,37.44845914840698,48.74048209190369,54.170528173446655,47.66422986984253,55.768718004226685,38.99611687660217,93.51996088027954,20.422675848007202,60.183964014053345,20.298553943634033,48.508365631103516,51.00677299499512,20.263360023498535,37.35632395744324,54.893250703811646,69.72132897377014,26.428472757339478,45.63355278968811,66.45438623428345,66.79283475875854,29.1806800365448,99.9968421459198,76.25124502182007,104.87188720703125,36.30586504936218,64.0345709323883,84.78282284736633,20.52178406715393,87.95191979408264,68.12452983856201,78.98118996620178,28.74434781074524,50.64615869522095,53.25550293922424,46.12475299835205,20.722692012786865,55.73878002166748,66.06230282783508,75.99202179908752,33.959463119506836,22.668043613433838,40.13684368133545,20.554402112960815,74.46382117271423,22.151049852371216
0.14	GG	63.202630043029785,63.18348479270935,20.440430164337158,20.389477252960205,20.459506034851074,25.102115869522095,74.05127000808716,20.71059489250183,21.348801136016846,25.323376893997192,49.52269005775452,39.96508502960205,22.83898377418518,27.388782262802124,57.316596031188965,59.66800379753113,20.63501477241516,23.73289680480957,40.5043408870697,54.800699949264526,36.232882261276245,44.789681911468506,21.74215817451477,65.08348894119263,20.94580388069153,45.08896803855896,66.25331807136536,21.428614854812622,43.37349891662598,20.223385095596313,36.37117099761963,31.338647842407227,21.733225107192993,21.88215398788452,60.98247981071472,40.02767634391785,21.411537885665894,25.073137998580933,22.370073080062866,65.43534898757935,21.804103136062622,50.1116201877594,25.38574719429016,35.78490591049194,78.73263478279114,27.381627798080444,69.76998019218445,87.55412578582764,66.54700374603271,21.762797117233276
0.16	GEE	8.499980926513672,8.436902284622192,8.732760190963745,8.302819967269897,8.836700916290283,9.077031135559082,8.867337942123413,8.475550889968872,8.312143802642822,8.694547891616821,8.847507953643799,8.359769105911255,8.839895248413086,8.672494173049927,8.672914266586304,8.935036897659302,8.740029096603394,8.922035217285156,8.757323980331421,8.821378707885742,8.550136089324951,8.785831928253174,8.640018939971924,8.38927936553955,8.844245910644531,8.344652891159058,8.622097969055176,8.342594146728516,8.340516090393066,8.281681060791016,8.45224666595459,9.12575387954712,8.187360048294067,8.156553983688354,7.645733118057251,8.605319023132324,8.513338804244995,8.350409984588623,8.103878021240234,8.252524614334106,8.833847045898438,8.306747198104858,8.233756065368652,8.440944194793701,8.685669898986816,8.694005966186523,8.626954078674316,8.013190984725952,8.383332967758179,8.370697975158691
0.16	GNN	20.66165018081665,43.860135078430176,28.395226001739502,41.586400747299194,23.445037126541138,33.0512580871582,28.773925065994263,21.331140995025635,35.99817609786987,44.56300902366638,21.123383045196533,24.867652893066406,28.838072061538696,23.84325885772705,26.888278007507324,23.054291009902954,21.49149203300476,76.7752959728241,27.13232111930847,21.269464015960693,33.33847904205322,35.02528119087219,34.7040011882782,21.01886296272278,46.91063618659973,41.657662868499756,50.15919899940491,32.42852210998535,27.23294711112976,37.521482944488525,24.277075052261353,28.61817979812622,41.27893090248108,24.099050998687744,20.295625925064087,38.975139141082764,48.27727174758911,29.45029306411743,20.78875708580017,54.64060616493225,20.768959045410156,36.50464725494385,37.113672971725464,42.403687953948975,30.9320650100708,34.180538177490234,20.870849132537842,20.563633918762207,100.10839009284973,20.661231756210327
0.16	GG	55.521233797073364,40.57559108734131,22.11937928199768,22.076457262039185,22.990581035614014,25.435046195983887,28.746027946472168,21.868213176727295,32.10612106323242,22.160606145858765,35.421128034591675,22.437667846679688,43.849989891052246,23.63156819343567,24.828540802001953,22.120749950408936,21.832548141479492,22.755970001220703,48.169832944869995,50.02947497367859,33.101839780807495,21.17328691482544,44.714348793029785,21.70199704170227,22.785170316696167,21.806220054626465,20.595200061798096,20.734095096588135,21.593443155288696,20.56520390510559,69.19025111198425,21.765745162963867,21.837438821792603,21.55272912979126,35.977041244506836,20.95146608352661,57.22579097747803,21.217266082763672,27.75613284111023,21.02371311187744,30.124747037887573,21.76012897491455,20.726754188537598,20.8988139629364,39.957539081573486,54.78386998176575,21.32039713859558,25.758732080459595,22.70426607131958,20.64914584159851
0.18	GEE	9.144630908966064,9.341089248657227,9.386047124862671,10.05000615119934,10.11374306678772,13.922793865203857,12.212938070297241,14.658447742462158,9.329169988632202,13.842174053192139,9.82594919204712,10.305460929870605,10.030030965805054,9.99145221710205,9.044393301010132,9.892616987228394,13.228163719177246,14.410359621047974,10.864923000335693,9.087348222732544,9.734234094619751,15.301447868347168,13.086933851242065,15.92080569267273,13.778855085372925,13.965890884399414,9.723881006240845,13.435563087463379,14.49069094657898,13.151394128799438,13.140717029571533,13.398463010787964,13.824437141418457,13.871809959411621,12.1132230758667,13.470391988754272,12.91718316078186,13.374620199203491,13.488219261169434,12.650529146194458,12.113931894302368,12.441987037658691,12.237365961074829,12.166112899780273,9.296074867248535,11.65879201889038,11.656074047088623,14.51668095588684,11.042537212371826,12.222361087799072
0.18	GNN	57.00891709327698,23.981860876083374,50.88135766983032,21.973477840423584,48.03711009025574,55.967395067214966,54.362415075302124,53.43429684638977,25.4326069355011,72.41053533554077,25.832821130752563,22.710280179977417,22.52143406867981,21.649185180664062,34.35215997695923,118.84495878219604,24.032243967056274,60.170188903808594,27.864795923233032,23.411445140838623,22.639084100723267,54.67617988586426,34.65535378456116,48.5278263092041,28.35228705406189,35.98216485977173,26.564971208572388,34.48144721984863,43.731773138046265,29.930437088012695,28.519676208496094,47.98505902290344,32.76772594451904,29.092780828475952,27.65986204147339,27.04119896888733,65.2263970375061,31.316966772079468,26.722827196121216,25.722173929214478,25.67694067955017,27.03115701675415,36.35015296936035,56.568490982055664,89.21652579307556,40.27663993835449,57.740588903427124,78.03511810302734,27.27895998954773,58.74237275123596
0.18	GG	21.656005144119263,21.93460512161255,25.206767082214355,30.90236210823059,27.93734383583069,42.13350510597229,29.297580003738403,22.286126136779785,28.44504404067993,41.95359468460083,34.51061201095581,22.16899299621582,22.496556997299194,22.63240671157837,22.77446699142456,40.05008101463318,29.242055892944336,49.497803926467896,63.79987096786499,22.420571088790894,31.835371017456055,31.38699436187744,46.64833402633667,70.55408787727356,49.888466358184814,21.63099718093872,33.058253049850464,31.477445125579834,42.20611810684204,29.494261980056763,30.273332118988037,46.081695795059204,41.72600483894348,52.06528687477112,74.79920196533203,34.75625801086426,28.35863184928894,36.65848112106323,27.38105607032776,25.408124923706055,27.968228101730347,30.725600004196167,24.376934051513672,25.29240393638611,36.755594968795776,41.04682493209839,48.18531513214111,26.759798049926758,26.778553009033203,26.753360271453857
0.2	GEE	12.747827053070068,12.67196011543274,12.860637903213501,13.038110971450806,12.333008050918579,12.220923900604248,12.809864044189453,11.98684811592102,12.837547063827515,12.534232139587402,13.18021011352539,12.41507625579834,12.416642904281616,12.191874027252197,12.716238975524902,8.668845891952515,11.389985799789429,9.24391222000122,9.908646821975708,12.151988983154297,9.273328304290771,10.044753789901733,9.950453996658325,9.538087844848633,9.780833005905151,9.074990034103394,9.25059199333191,8.735630989074707,9.2447350025177,9.228531837463379,9.600399255752563,8.922404050827026,9.243407726287842,8.881083011627197,9.386723756790161,8.9984450340271,9.199231147766113,8.920695781707764,8.921675205230713,9.093687057495117,9.693463802337646,9.364259004592896,9.350221872329712,9.180355072021484,9.263004302978516,8.753684997558594,9.052876234054565,9.027846097946167,9.61259388923645,9.02121114730835
0.2	GNN	25.782556295394897,58.364362955093384,26.915409803390503,36.01628494262695,25.775556087493896,34.23560404777527,25.525175094604492,24.934489011764526,40.91871213912964,32.35199999809265,26.0589120388031,26.413734912872314,30.20302677154541,52.26341390609741,34.75258708000183,37.644855976104736,24.429325103759766,21.69919991493225,22.255327939987183,34.25446605682373,26.968683004379272,22.42170214653015,22.08149218559265,21.132755041122437,38.98341989517212,21.54882502555847,20.70682716369629,41.68478512763977,20.3265597820282,20.609698057174683,31.37051010131836,28.658222913742065,24.319270133972168,20.832250833511353,38.42068314552307,20.91917896270752,28.636105060577393,22.332810878753662,20.76821804046631,20.454622983932495,21.05975604057312,28.609238862991333,41.59298610687256,52.10190486907959,20.694552183151245,21.158574104309082,20.974746227264404,20.4811429977417,28.317283153533936,20.43161416053772
0.2	GG	26.31257390975952,27.25155997276306,30.066678047180176,53.386962890625,27.001312017440796,26.92731475830078,26.273969173431396,26.89231586456299,51.028316020965576,26.632951974868774,26.86159896850586,57.415245056152344,32.2468957901001,27.494956016540527,30.688632011413574,23.88508892059326,24.88619112968445,54.78227996826172,25.295084714889526,22.014434099197388,20.88689875602722,27.687041997909546,23.778913021087646,22.007864236831665,41.02501368522644,20.656094789505005,21.112773895263672,21.220563173294067,21.24792218208313,21.38797402381897,33.46044921875,20.975427865982056,20.93518900871277,23.30004096031189,25.509143590927124,20.68978524208069,26.35868215560913,20.76986289024353,31.203294038772583,20.110060930252075,21.27594017982483,21.384942054748535,48.14580297470093,20.36021089553833,22.358553886413574,21.37197184562683,21.45784592628479,37.699084997177124,21.490572214126587,24.64477300643921
0.22	GEE	9.678697109222412,9.065880060195923,9.312215089797974,9.817619800567627,9.305306911468506,9.725784063339233,9.888606071472168,9.382500886917114,9.349044799804688,9.695109844207764,9.394222259521484,9.48481798171997,9.158551931381226,9.492627143859863,8.925836086273193,9.730921268463135,8.99342679977417,8.945221900939941,8.805135011672974,9.549277305603027,9.213045120239258,9.36114501953125,9.243649959564209,9.21872878074646,9.479597091674805,9.690942764282227,9.36678695678711,8.858891010284424,9.043073177337646,9.809615850448608,8.133007049560547,9.03678297996521,8.291481971740723,8.260195016860962,7.545179843902588,7.411558151245117,7.9388720989227295,8.114039897918701,8.113700866699219,8.287044763565063,7.707840919494629,8.209143161773682,7.778902053833008,7.6492578983306885,7.567875146865845,7.977924823760986,7.932512044906616,7.573357105255127,7.83083701133728,7.343492031097412
0.22	GNN	28.581992864608765,20.565329790115356,36.433976888656616,26.312500953674316,31.85346293449402,21.063164949417114,36.94478106498718,20.196204900741577,38.98309302330017,31.077088832855225,21.07887887954712,20.482428789138794,33.86425304412842,28.489469051361084,24.03957509994507,30.764769792556763,20.323854207992554,24.763797998428345,36.38135313987732,23.30189800262451,30.610105991363525,20.327736139297485,36.714709997177124,23.18928575515747,25.33601689338684,20.837211847305298,20.074501276016235,20.255894899368286,22.783196926116943,20.289618015289307,19.828660011291504,35.657010078430176,19.48275399208069,23.360044956207275,19.276181936264038,28.200475931167603,19.16514563560486,25.882341146469116,19.824953079223633,33.46985697746277,19.369116067886353,19.661976099014282,19.91744613647461,19.278224229812622,19.15451192855835,28.618316888809204,19.092267990112305,36.12225103378296,47.84940791130066,20.30253791809082
0.22	GG	21.373368978500366,32.49235510826111,26.36005926132202,21.737525939941406,32.97698140144348,21.142160177230835,21.31704592704773,35.573681116104126,21.017624855041504,21.217957735061646,21.38009810447693,25.298492908477783,20.48144793510437,32.24552774429321,21.896162033081055,24.700392961502075,20.57758402824402,21.08908486366272,20.519268035888672,21.91038203239441,20.259825229644775,21.204381942749023,20.85249614715576,20.75617218017578,21.11485266685486,21.231789112091064,55.678085803985596,21.10816478729248,24.510286808013916,20.65168285369873,20.29487895965576,31.038059949874878,19.50496792793274,19.39695405960083,19.53571105003357,19.067452907562256,20.17890691757202,21.30528211593628,19.495643854141235,20.187544107437134,19.822994232177734,18.75505518913269,26.42758297920227,19.000612020492554,19.342116117477417,21.64365315437317,19.20457172393799,19.546281099319458,20.389394998550415,20.374009132385254
0.24	GEE	7.902683973312378,7.969166040420532,7.8085150718688965,8.016016960144043,7.316541910171509,7.7579567432403564,8.040547847747803,8.14470386505127,8.03717303276062,7.661372184753418,7.185771942138672,7.735446929931641,7.62390398979187,7.710160970687866,7.798660039901733,8.035914897918701,8.133036851882935,7.883512258529663,7.462339162826538,7.932865858078003,7.4759361743927,7.872021198272705,7.712321043014526,7.5325608253479,7.810341119766235,7.548311948776245,7.181182146072388,8.262695074081421,7.728178977966309,7.854895114898682,8.053286790847778,7.2758519649505615,7.651234149932861,7.94171404838562,7.617811918258667,8.051961660385132,7.481104135513306,7.895280838012695,7.516286134719849,7.50331711769104,7.578488826751709,7.621701002120972,7.8548500537872314,7.512424945831299,7.2868688106536865,7.714177846908569,7.728845596313477,7.686089038848877,7.545132160186768,7.358684301376343
0.24	GNN	25.336776971817017,19.696959972381592,19.122915983200073,39.04913306236267,19.908445119857788,19.240400791168213,18.841918230056763,19.994436025619507,19.252501010894775,18.86463212966919,19.03157114982605,24.235954999923706,19.173402309417725,19.88546109199524,18.998188972473145,19.005107879638672,19.26311993598938,19.240114212036133,20.938913106918335,19.83126997947693,19.026273012161255,34.75861978530884,25.922682285308838,18.810774087905884,23.642121076583862,21.887418270111084,33.96327495574951,19.399868726730347,18.98308300971985,19.060354948043823,19.361621856689453,18.938327074050903,18.789331197738647,19.11184811592102,18.698398113250732,18.639944791793823,19.089397192001343,18.730860233306885,18.656278133392334,25.754721879959106,18.90272307395935,26.69700813293457,18.759699821472168,18.792965173721313,18.760097980499268,18.68594479560852,19.008975982666016,19.208768606185913,18.909966945648193,18.589380264282227
0.24	GG	28.768752098083496,19.173826932907104,20.405766010284424,24.67671012878418,28.416244983673096,19.13626790046692,19.545994997024536,19.92183804512024,23.35517692565918,29.31993794441223,19.474588871002197,19.92839217185974,19.53488516807556,19.894789695739746,19.52209162712097,19.637051343917847,20.093085050582886,19.16187882423401,19.244500875473022,19.84488821029663,19.153918981552124,19.165420055389404,28.54307985305786,18.939254999160767,19.48386788368225,18.924184799194336,20.127352714538574,19.865105152130127,24.986520767211914,19.811695098876953,19.217007875442505,19.69760489463806,19.62016797065735,20.22383213043213,27.014767169952393,20.322153091430664,18.77353811264038,19.386560916900635,18.5741229057312,18.994489908218384,24.736294984817505,28.327685832977295,19.392671823501587,20.515656232833862,18.851124048233032,19.874503135681152,22.85833978652954,19.32986092567444,28.44555974006653,18.516211986541748
0.26	GEE	7.885399103164673,7.683500051498413,8.4875168800354,8.01030683517456,7.729980945587158,8.002237319946289,7.851484775543213,7.673472166061401,7.7540528774261475,8.241620063781738,8.239603042602539,7.992364883422852,7.847874879837036,7.724170923233032,7.7129271030426025,7.819322109222412,8.013421058654785,7.92449426651001,7.689001798629761,8.032539129257202,7.8887810707092285,8.030228853225708,8.036934852600098,7.810216188430786,7.531915664672852,7.877136945724487,7.644556045532227,8.222185134887695,7.728182077407837,8.377344131469727,7.756570100784302,8.162702083587646,7.611527919769287,7.8548009395599365,7.574905872344971,7.821616888046265,7.928007125854492,7.921044826507568,7.538110971450806,8.137973070144653,7.863048791885376,7.819234848022461,7.673503875732422,7.658822059631348,8.060971021652222,7.576456069946289,7.822634935379028,8.221445083618164,7.485867023468018,8.506683826446533
0.26	GNN	19.2812397480011,19.021837949752808,19.368283987045288,19.94542098045349,19.16621494293213,19.081838130950928,50.30715012550354,19.009232997894287,19.38853907585144,21.457297801971436,19.178696155548096,19.122769117355347,21.960453987121582,19.262546062469482,19.147807836532593,25.285048007965088,19.110656023025513,35.80515789985657,19.779283046722412,43.26292300224304,40.46841812133789,19.4673330783844,19.80367374420166,19.90704917907715,19.078539848327637,19.059207916259766,31.086122035980225,19.308202981948853,19.06549906730652,46.9794499874115,19.23432230949402,33.861315965652466,25.045071125030518,19.329934120178223,18.96301579475403,19.139389038085938,19.46638512611389,25.262327909469604,18.938074111938477,31.320159912109375,29.19332790374756,22.88898992538452,18.59479784965515,18.928419828414917,19.52014470100403,18.89865016937256,19.02611994743347,19.08812189102173,18.801753759384155,19.48160982131958
0.26	GG	19.228742122650146,18.51447606086731,23.12887477874756,19.170953035354614,19.258991956710815,20.013009071350098,19.455443859100342,30.572274923324585,18.779964923858643,20.57748293876648,19.6540949344635,19.404287815093994,19.983393907546997,18.91494393348694,19.88069462776184,24.24614191055298,21.180208921432495,19.082393884658813,18.98699188232422,19.362709045410156,18.736740112304688,19.60268521308899,18.955150842666626,19.405786752700806,40.57204723358154,18.776619911193848,19.244035959243774,20.341933012008667,19.755362272262573,18.540982961654663,32.768296003341675,19.391362190246582,18.374578952789307,19.710981130599976,18.69346570968628,18.893901109695435,21.0854971408844,19.40787696838379,18.239001750946045,18.799943208694458,23.76649498939514,18.646827936172485,19.20372986793518,18.86012101173401,19.139642238616943,18.82156801223755,20.092078685760498,19.401171922683716,19.299333810806274,19.618037939071655
0.28	GEE	8.631273031234741,8.322991132736206,8.033445835113525,8.161442279815674,8.20198917388916,8.402259826660156,7.962598085403442,7.246541738510132,7.930497169494629,8.59202790260315,8.320233821868896,7.886475086212158,8.278017044067383,8.924992084503174,7.975627183914185,8.385341882705688,7.937126874923706,8.335102081298828,7.688593149185181,8.605226993560791,8.434376955032349,8.439918994903564,8.952338933944702,9.342405796051025,8.592356204986572,9.126409769058228,8.949476718902588,8.502210140228271,10.044944047927856,9.619828224182129,9.30560302734375,9.959763050079346,9.276739835739136,9.282021045684814,9.430170774459839,9.277063846588135,9.344168901443481,9.459893941879272,9.537909030914307,9.932470083236694,9.23674201965332,9.514923095703125,9.626089811325073,9.886698961257935,9.67174768447876,9.584728956222534,9.987536907196045,9.854458808898926,9.610936880111694,9.944859981536865
0.28	GNN	22.364254236221313,24.571897983551025,19.31430721282959,23.039564847946167,29.176006078720093,30.527829885482788,22.893064975738525,24.716613054275513,18.94942808151245,19.329417943954468,36.11983823776245,26.148881912231445,19.354358673095703,19.23319673538208,19.548381805419922,19.058513164520264,19.039186716079712,19.90208101272583,45.68936896324158,19.88544201850891,30.087411880493164,19.957690238952637,20.060272216796875,21.858394145965576,19.26060175895691,26.792458057403564,19.691213130950928,20.32906484603882,20.541409969329834,20.72457218170166,40.26723098754883,20.15491032600403,20.240392923355103,20.330899238586426,20.086488008499146,24.140487909317017,25.916857957839966,20.22606897354126,39.582008838653564,20.399377822875977,20.37001085281372,20.203837156295776,20.409456968307495,20.163859367370605,24.99187684059143,26.604846954345703,20.13601279258728,20.70687699317932,20.595885753631592,29.73285675048828
0.28	GG	19.891302347183228,19.88351011276245,19.59670090675354,19.48713493347168,24.135338068008423,19.01473593711853,23.31213116645813,18.948012828826904,19.34402298927307,24.08045792579651,19.015976905822754,20.036006927490234,19.472825050354004,21.670687913894653,18.365069150924683,19.185818910598755,21.67729616165161,19.322399854660034,19.939900875091553,20.19835090637207,19.185409784317017,20.008198738098145,34.74027705192566,20.030027151107788,20.71370005607605,19.433457851409912,21.790082931518555,20.320996046066284,20.548852920532227,24.7379949092865,24.021381855010986,31.128504037857056,20.209750652313232,23.695530891418457,20.810482263565063,23.954845905303955,20.68304681777954,22.123407125473022,20.20577621459961,19.807504177093506,20.264264822006226,21.197128772735596,20.41627597808838,19.677772045135498,20.803155183792114,20.642887115478516,22.306067943572998,20.614287853240967,24.879935026168823,27.12213397026062
0.3	GEE	9.915623903274536,10.135635137557983,9.848643064498901,9.905069828033447,11.017287015914917,10.384166955947876,10.603119850158691,10.496535062789917,10.076744794845581,9.978002071380615,10.444529294967651,9.586540937423706,10.328524112701416,10.024666786193848,10.429234743118286,10.099709749221802,10.197786092758179,9.894284009933472,10.540437936782837,10.45111608505249,10.237403869628906,10.193586826324463,10.124945878982544,11.002662897109985,10.50462007522583,10.695497274398804,10.370312929153442,9.849500179290771,10.301294088363647,10.747561931610107,10.495675086975098,10.56238079071045,10.751564741134644,10.29474687576294,10.644459962844849,10.351943969726562,10.878127098083496,9.817857027053833,10.377887964248657,10.209798097610474,10.002896070480347,10.456312894821167,9.791649103164673,10.151949644088745,10.328963041305542,10.37969183921814,9.829007863998413,10.935586214065552,11.024840116500854,10.712108135223389
0.3	GNN	20.50672197341919,35.91405987739563,20.028661012649536,20.450205087661743,20.586513996124268,20.966352939605713,20.62474012374878,20.457584857940674,20.20748805999756,20.261598348617554,21.16045308113098,20.40352487564087,20.558770895004272,26.588865995407104,20.751577138900757,20.48003101348877,20.239677906036377,20.482823133468628,21.042330026626587,20.880947828292847,42.76941514015198,23.870025157928467,27.83963131904602,20.85907506942749,20.660992860794067,20.754700183868408,20.66994881629944,20.497360229492188,33.795559883117676,26.183870792388916,20.98075795173645,20.747970819473267,20.60857915878296,20.72664499282837,20.81126880645752,21.007272958755493,21.100186824798584,35.55408310890198,26.230468034744263,20.658640146255493,22.462658166885376,23.089813947677612,20.639259338378906,20.794321060180664,20.464107036590576,32.537428855895996,21.190096855163574,22.9878032207489,21.152678728103638,20.6818790435791
0.3	GG	20.268731832504272,20.861306190490723,21.601776123046875,21.35422420501709,21.348766088485718,20.21356987953186,28.839802026748657,21.148365259170532,29.36858606338501,20.919734001159668,21.473631143569946,21.442203998565674,22.07799506187439,23.251924991607666,20.98467206954956,21.302529096603394,23.658426761627197,21.20890784263611,21.047905921936035,21.89275312423706,21.083894968032837,21.325325965881348,27.541012048721313,22.133624792099,20.42839789390564,30.217923879623413,21.12291979789734,22.900206804275513,20.992130756378174,21.8163321018219,32.65935492515564,21.851762294769287,21.241897106170654,25.352998971939087,21.519855260849,20.43927574157715,20.74761390686035,25.315347909927368,21.195191860198975,20.47154998779297,20.32168674468994,20.20657205581665,21.60638689994812,20.846919775009155,25.37054705619812,20.87295913696289,20.652160167694092,37.97595691680908,21.765526056289673,21.190507888793945
