0.0	GEE	0.819,0.831,0.817,0.84,0.816,0.818,0.805,0.833,0.804,0.836,0.807,0.813,0.808,0.842,0.836,0.839,0.814,0.831,0.82,0.804,0.835,0.818,0.818,0.807,0.826,0.825,0.822,0.82,0.818,0.832,0.815,0.834,0.827,0.824,0.835,0.823,0.802,0.828,0.837,0.826,0.81,0.836,0.826,0.812,0.817,0.821,0.821,0.823,0.825,0.831,0.806,0.816,0.828,0.823,0.838,0.803,0.824,0.824,0.819,0.804,0.821,0.821,0.807,0.823,0.816,0.813,0.823,0.827,0.819,0.824,0.806,0.832,0.823,0.815,0.807,0.816,0.823,0.833,0.82,0.813,0.833,0.839,0.83,0.826,0.813,0.835,0.822,0.814,0.826,0.811,0.827,0.832,0.8,0.81,0.805,0.833,0.811,0.827,0.826,0.821,0.816,0.828,0.82,0.827,0.819,0.833,0.832,0.826,0.808,0.817,0.829,0.817,0.838,0.81,0.823,0.817,0.825,0.82,0.818,0.827,0.823,0.82,0.83,0.833,0.828,0.825,0.83,0.818,0.811,0.817,0.807,0.826,0.831,0.817,0.829,0.829,0.814,0.817,0.809,0.813,0.816,0.819,0.818,0.806,0.825,0.817,0.827,0.801,0.826,0.829,0.813,0.816,0.816,0.834,0.814,0.816,0.822,0.821,0.839,0.819,0.83,0.819,0.824,0.817,0.832,0.81,0.841,0.806,0.816,0.809,0.824,0.814,0.822,0.844,0.833,0.825,0.824,0.824,0.831,0.798,0.807,0.83,0.817,0.833,0.828,0.824,0.813,0.824,0.838,0.823,0.832,0.819,0.82,0.827,0.803,0.83,0.82,0.835,0.813,0.815
0.0	GNN	0.739,0.541,0.603,0.824,0.708,0.684,0.549,0.611,0.53,0.652,0.687,0.739,0.564,0.647,0.451,0.553,0.537,0.58,0.762,0.457,0.622,0.517,0.69,0.629,0.469,0.594,0.441,0.527,0.468,0.56,0.574,0.541,0.566,0.767,0.623,0.718,0.616,0.533,0.726,0.595,0.581,0.432,0.536,0.696,0.507,0.521,0.506,0.713,0.577,0.711,0.513,0.607,0.809,0.659,0.696,0.546,0.592,0.648,0.489,0.607,0.511,0.568,0.561,0.739,0.565,0.48,0.507,0.715,0.548,0.559,0.672,0.558,0.65,0.615,0.545,0.821,0.567,0.551,0.72,0.717,0.497,0.451,0.72,0.659,0.466,0.745,0.492,0.651,0.669,0.783,0.458,0.632,0.6,0.625,0.477,0.52,0.554,0.614,0.769,0.574,0.517,0.539,0.771,0.609,0.648,0.592,0.641,0.577,0.648,0.602,0.583,0.744,0.698,0.615,0.498,0.486,0.694,0.71,0.594,0.496,0.56,0.56,0.444,0.502,0.598,0.792,0.593,0.596,0.624,0.597,0.632,0.655,0.649,0.606,0.736,0.54,0.534,0.574,0.636,0.61,0.502,0.5,0.646,0.73,0.565,0.674,0.503,0.567,0.621,0.529,0.689,0.599,0.586,0.698,0.625,0.361,0.541,0.737,0.691,0.572,0.729,0.723,0.701,0.411,0.534,0.585,0.519,0.427,0.588,0.702,0.57,0.781,0.508,0.433,0.619,0.529,0.618,0.486,0.708,0.693,0.47,0.533,0.545,0.662,0.612,0.587,0.672,0.708,0.521,0.696,0.585,0.669,0.489,0.602,0.664,0.58,0.709,0.558,0.38,0.711
0.0	GG	0.831,0.836,0.85,0.844,0.818,0.849,0.823,0.817,0.789,0.842,0.854,0.816,0.811,0.859,0.823,0.856,0.843,0.842,0.845,0.842,0.845,0.836,0.801,0.819,0.828,0.836,0.769,0.87,0.755,0.86,0.803,0.829,0.835,0.793,0.835,0.802,0.818,0.87,0.82,0.829,0.822,0.842,0.862,0.863,0.85,0.808,0.86,0.872,0.828,0.836,0.824,0.853,0.872,0.845,0.861,0.834,0.856,0.888,0.841,0.804,0.807,0.825,0.835,0.83,0.852,0.811,0.865,0.818,0.859,0.784,0.788,0.82,0.851,0.814,0.808,0.869,0.771,0.783,0.855,0.849,0.869,0.854,0.814,0.829,0.835,0.668,0.874,0.846,0.82,0.825,0.865,0.849,0.808,0.811,0.869,0.837,0.808,0.843,0.858,0.847,0.844,0.792,0.872,0.875,0.806,0.855,0.824,0.858,0.809,0.841,0.863,0.813,0.875,0.834,0.843,0.758,0.846,0.825,0.844,0.833,0.735,0.811,0.865,0.846,0.827,0.861,0.837,0.811,0.827,0.829,0.834,0.872,0.828,0.813,0.832,0.825,0.863,0.835,0.85,0.844,0.845,0.847,0.867,0.818,0.84,0.85,0.838,0.857,0.827,0.851,0.854,0.893,0.818,0.856,0.836,0.834,0.83,0.85,0.836,0.785,0.844,0.871,0.842,0.812,0.832,0.782,0.839,0.807,0.839,0.851,0.804,0.833,0.844,0.861,0.841,0.852,0.832,0.874,0.838,0.845,0.623,0.894,0.861,0.894,0.847,0.812,0.839,0.851,0.831,0.859,0.845,0.841,0.824,0.813,0.826,0.844,0.803,0.805,0.869,0.84
0.0	GG2	0.822,0.86,0.861,0.866,0.847,0.891,0.821,0.853,0.812,0.856,0.85,0.865,0.832,0.867,0.845,0.844,0.854,0.853,0.861,0.859,0.849,0.837,0.831,0.844,0.856,0.833,0.835,0.873,0.851,0.877,0.795,0.824,0.869,0.853,0.897,0.852,0.849,0.858,0.852,0.876,0.816,0.842,0.862,0.85,0.864,0.85,0.884,0.859,0.86,0.858,0.834,0.826,0.881,0.858,0.867,0.852,0.869,0.875,0.838,0.824,0.831,0.844,0.845,0.853,0.86,0.816,0.865,0.826,0.863,0.828,0.85,0.824,0.87,0.879,0.786,0.887,0.855,0.86,0.886,0.866,0.872,0.893,0.836,0.845,0.83,0.811,0.879,0.877,0.845,0.855,0.877,0.849,0.85,0.793,0.837,0.852,0.81,0.816,0.844,0.873,0.844,0.85,0.889,0.887,0.844,0.867,0.856,0.843,0.817,0.851,0.896,0.841,0.884,0.828,0.875,0.818,0.879,0.837,0.873,0.826,0.822,0.793,0.885,0.87,0.822,0.889,0.838,0.835,0.847,0.848,0.839,0.876,0.841,0.848,0.83,0.865,0.877,0.85,0.849,0.889,0.851,0.861,0.879,0.817,0.9,0.872,0.82,0.853,0.851,0.881,0.862,0.834,0.834,0.864,0.868,0.832,0.853,0.847,0.834,0.849,0.859,0.875,0.845,0.817,0.841,0.803,0.862,0.839,0.864,0.876,0.844,0.841,0.843,0.88,0.857,0.901,0.853,0.888,0.854,0.829,0.833,0.893,0.838,0.906,0.858,0.842,0.872,0.856,0.834,0.854,0.873,0.861,0.835,0.826,0.858,0.864,0.828,0.813,0.86,0.85
0.02	GEE	0.786,0.801,0.793,0.801,0.791,0.788,0.791,0.784,0.791,0.783,0.802,0.793,0.802,0.779,0.806,0.794,0.783,0.783,0.778,0.828,0.825,0.793,0.8,0.795,0.771,0.804,0.807,0.782,0.799,0.791,0.782,0.788,0.819,0.807,0.807,0.812,0.794,0.782,0.809,0.797,0.808,0.808,0.808,0.791,0.801,0.782,0.797,0.803,0.814,0.782,0.811,0.773,0.786,0.792,0.792,0.786,0.814,0.8,0.815,0.799,0.803,0.814,0.812,0.806,0.812,0.776,0.804,0.788,0.774,0.793,0.778,0.808,0.792,0.802,0.793,0.804,0.802,0.801,0.784,0.809,0.779,0.802,0.776,0.811,0.81,0.806,0.78,0.796,0.795,0.785,0.789,0.797,0.802,0.798,0.803,0.796,0.8,0.805,0.793,0.801,0.819,0.791,0.784,0.787,0.801,0.805,0.8,0.802,0.804,0.815,0.796,0.802,0.786,0.795,0.793,0.787,0.795,0.807,0.778,0.794,0.802,0.799,0.82,0.791,0.805,0.792,0.81,0.79,0.79,0.784,0.806,0.785,0.779,0.798,0.799,0.794,0.79,0.796,0.798,0.805,0.776,0.772,0.8,0.806,0.782,0.771,0.799,0.792,0.789,0.807,0.8,0.795,0.795,0.797,0.792,0.8,0.795,0.776,0.806,0.813,0.793,0.8,0.799,0.771,0.805,0.799,0.784,0.795,0.792,0.793,0.799,0.79,0.791,0.799,0.799,0.784,0.817,0.788,0.804,0.8,0.785,0.788,0.819,0.792,0.794,0.797,0.788,0.796,0.796,0.813,0.789,0.786,0.785,0.787,0.808,0.807,0.788,0.785,0.791,0.787
0.02	GNN	0.634,0.456,0.468,0.513,0.538,0.511,0.455,0.396,0.446,0.442,0.491,0.569,0.475,0.517,0.354,0.518,0.475,0.471,0.512,0.281,0.523,0.396,0.603,0.531,0.371,0.429,0.378,0.445,0.398,0.411,0.492,0.529,0.383,0.59,0.522,0.511,0.485,0.476,0.567,0.349,0.553,0.373,0.407,0.498,0.427,0.455,0.435,0.483,0.408,0.567,0.463,0.466,0.622,0.596,0.513,0.397,0.461,0.588,0.353,0.457,0.476,0.435,0.451,0.649,0.504,0.436,0.378,0.545,0.445,0.397,0.475,0.51,0.506,0.512,0.481,0.694,0.561,0.447,0.559,0.568,0.419,0.427,0.58,0.543,0.442,0.592,0.396,0.576,0.546,0.714,0.37,0.557,0.474,0.433,0.317,0.429,0.499,0.531,0.617,0.464,0.417,0.419,0.655,0.513,0.508,0.518,0.565,0.464,0.551,0.44,0.526,0.607,0.566,0.52,0.368,0.366,0.56,0.625,0.549,0.473,0.426,0.41,0.446,0.426,0.466,0.692,0.485,0.463,0.526,0.48,0.534,0.574,0.567,0.552,0.674,0.389,0.447,0.465,0.414,0.481,0.445,0.383,0.433,0.602,0.502,0.504,0.447,0.545,0.501,0.424,0.614,0.419,0.502,0.496,0.475,0.272,0.472,0.643,0.492,0.421,0.587,0.52,0.478,0.324,0.435,0.456,0.433,0.355,0.492,0.463,0.371,0.574,0.501,0.345,0.554,0.453,0.536,0.388,0.436,0.637,0.384,0.448,0.406,0.575,0.543,0.475,0.459,0.579,0.379,0.555,0.446,0.52,0.422,0.499,0.57,0.39,0.484,0.412,0.339,0.56
0.02	GG	0.771,0.814,0.818,0.801,0.757,0.832,0.784,0.782,0.783,0.811,0.829,0.789,0.815,0.818,0.782,0.765,0.805,0.789,0.792,0.823,0.828,0.798,0.794,0.792,0.769,0.799,0.736,0.821,0.802,0.827,0.766,0.757,0.829,0.786,0.821,0.792,0.814,0.809,0.775,0.804,0.799,0.807,0.828,0.809,0.809,0.795,0.818,0.833,0.803,0.801,0.798,0.815,0.822,0.818,0.79,0.785,0.833,0.825,0.798,0.803,0.8,0.807,0.807,0.801,0.812,0.747,0.811,0.775,0.805,0.759,0.776,0.798,0.832,0.795,0.812,0.828,0.73,0.756,0.793,0.829,0.803,0.823,0.736,0.763,0.835,0.687,0.833,0.81,0.779,0.783,0.809,0.805,0.817,0.772,0.812,0.816,0.778,0.791,0.818,0.818,0.834,0.79,0.829,0.832,0.789,0.791,0.79,0.815,0.799,0.846,0.829,0.773,0.825,0.794,0.793,0.74,0.833,0.816,0.83,0.789,0.803,0.767,0.859,0.806,0.807,0.845,0.816,0.779,0.809,0.789,0.835,0.811,0.766,0.825,0.818,0.785,0.827,0.814,0.821,0.82,0.794,0.813,0.79,0.797,0.791,0.787,0.794,0.825,0.796,0.845,0.834,0.827,0.785,0.807,0.832,0.824,0.791,0.793,0.793,0.792,0.809,0.811,0.793,0.761,0.746,0.767,0.785,0.801,0.797,0.79,0.792,0.785,0.832,0.805,0.822,0.828,0.834,0.821,0.794,0.71,0.772,0.854,0.846,0.831,0.802,0.743,0.782,0.797,0.757,0.778,0.807,0.812,0.778,0.781,0.843,0.811,0.781,0.732,0.817,0.808
0.02	GG2	0.79,0.848,0.832,0.808,0.784,0.843,0.822,0.795,0.793,0.814,0.82,0.816,0.821,0.799,0.79,0.784,0.795,0.829,0.805,0.825,0.864,0.801,0.802,0.802,0.765,0.815,0.789,0.814,0.822,0.805,0.767,0.788,0.842,0.819,0.865,0.844,0.805,0.832,0.803,0.818,0.826,0.82,0.849,0.833,0.809,0.8,0.823,0.832,0.823,0.795,0.837,0.798,0.826,0.851,0.806,0.799,0.836,0.831,0.789,0.829,0.804,0.822,0.818,0.819,0.839,0.77,0.821,0.799,0.805,0.808,0.791,0.8,0.822,0.801,0.794,0.844,0.807,0.793,0.803,0.823,0.817,0.847,0.778,0.778,0.846,0.765,0.837,0.813,0.806,0.796,0.827,0.816,0.841,0.805,0.824,0.815,0.788,0.794,0.803,0.831,0.824,0.806,0.849,0.821,0.8,0.811,0.806,0.832,0.805,0.855,0.829,0.791,0.838,0.81,0.822,0.775,0.833,0.833,0.831,0.81,0.786,0.785,0.86,0.794,0.79,0.836,0.818,0.82,0.814,0.794,0.824,0.815,0.79,0.847,0.818,0.787,0.824,0.808,0.82,0.843,0.81,0.837,0.825,0.799,0.814,0.809,0.81,0.837,0.787,0.843,0.839,0.81,0.804,0.803,0.797,0.82,0.816,0.821,0.803,0.821,0.797,0.821,0.795,0.76,0.805,0.789,0.782,0.798,0.805,0.818,0.801,0.78,0.835,0.817,0.81,0.83,0.84,0.822,0.802,0.798,0.797,0.819,0.859,0.834,0.813,0.813,0.803,0.814,0.8,0.819,0.826,0.807,0.785,0.776,0.83,0.814,0.797,0.786,0.823,0.807
0.04	GEE	0.741,0.762,0.75,0.72,0.741,0.733,0.731,0.716,0.744,0.744,0.732,0.766,0.726,0.721,0.749,0.75,0.716,0.731,0.76,0.745,0.754,0.741,0.732,0.719,0.708,0.743,0.722,0.749,0.748,0.765,0.748,0.734,0.737,0.751,0.746,0.737,0.76,0.737,0.765,0.749,0.732,0.727,0.731,0.74,0.719,0.717,0.754,0.736,0.721,0.747,0.73,0.762,0.755,0.721,0.732,0.744,0.728,0.749,0.735,0.725,0.764,0.752,0.753,0.728,0.724,0.767,0.731,0.74,0.748,0.759,0.756,0.755,0.751,0.742,0.729,0.744,0.76,0.753,0.743,0.754,0.749,0.75,0.751,0.747,0.706,0.745,0.729,0.751,0.738,0.728,0.758,0.73,0.749,0.734,0.751,0.74,0.757,0.744,0.754,0.742,0.752,0.743,0.719,0.737,0.724,0.751,0.763,0.737,0.752,0.736,0.749,0.735,0.729,0.734,0.749,0.733,0.754,0.72,0.743,0.753,0.739,0.752,0.745,0.728,0.735,0.728,0.736,0.73,0.764,0.738,0.743,0.725,0.744,0.727,0.755,0.729,0.722,0.75,0.732,0.738,0.746,0.743,0.74,0.735,0.718,0.739,0.721,0.747,0.761,0.744,0.739,0.737,0.735,0.737,0.752,0.724,0.734,0.738,0.754,0.737,0.744,0.727,0.742,0.759,0.726,0.768,0.726,0.754,0.734,0.73,0.733,0.745,0.752,0.741,0.74,0.762,0.765,0.723,0.729,0.725,0.75,0.74,0.744,0.74,0.752,0.732,0.726,0.749,0.727,0.742,0.744,0.741,0.727,0.75,0.74,0.731,0.736,0.746,0.735,0.753
0.04	GNN	0.598,0.417,0.399,0.42,0.427,0.455,0.396,0.341,0.383,0.398,0.403,0.532,0.414,0.503,0.36,0.496,0.428,0.415,0.47,0.283,0.451,0.317,0.542,0.485,0.328,0.399,0.349,0.398,0.405,0.361,0.472,0.47,0.344,0.544,0.459,0.452,0.391,0.486,0.514,0.295,0.483,0.361,0.34,0.393,0.403,0.38,0.44,0.414,0.42,0.516,0.414,0.451,0.515,0.534,0.448,0.352,0.392,0.55,0.316,0.405,0.415,0.394,0.383,0.568,0.451,0.348,0.309,0.492,0.368,0.333,0.393,0.48,0.442,0.435,0.479,0.605,0.529,0.407,0.523,0.561,0.368,0.408,0.533,0.491,0.41,0.5,0.388,0.572,0.512,0.653,0.326,0.509,0.323,0.352,0.281,0.4,0.444,0.497,0.526,0.386,0.382,0.343,0.576,0.459,0.45,0.455,0.51,0.396,0.509,0.37,0.46,0.548,0.505,0.446,0.324,0.36,0.522,0.562,0.534,0.407,0.313,0.382,0.448,0.346,0.473,0.612,0.505,0.447,0.485,0.433,0.466,0.474,0.501,0.474,0.61,0.327,0.371,0.425,0.363,0.366,0.362,0.347,0.349,0.558,0.462,0.433,0.382,0.562,0.443,0.337,0.541,0.378,0.442,0.455,0.436,0.256,0.44,0.614,0.446,0.338,0.52,0.419,0.419,0.303,0.397,0.377,0.395,0.294,0.507,0.451,0.293,0.487,0.473,0.307,0.506,0.392,0.447,0.359,0.409,0.604,0.346,0.375,0.401,0.452,0.478,0.417,0.338,0.48,0.349,0.531,0.416,0.469,0.368,0.415,0.543,0.383,0.45,0.37,0.313,0.51
0.04	GG	0.723,0.773,0.749,0.748,0.712,0.769,0.742,0.711,0.756,0.743,0.757,0.77,0.735,0.764,0.734,0.719,0.736,0.742,0.779,0.755,0.754,0.742,0.72,0.714,0.703,0.743,0.657,0.756,0.711,0.784,0.727,0.711,0.746,0.743,0.737,0.737,0.772,0.755,0.755,0.752,0.747,0.734,0.768,0.764,0.762,0.726,0.765,0.745,0.736,0.765,0.704,0.768,0.789,0.748,0.736,0.73,0.735,0.773,0.725,0.724,0.74,0.756,0.74,0.736,0.697,0.712,0.768,0.727,0.755,0.726,0.729,0.742,0.774,0.74,0.736,0.748,0.715,0.716,0.742,0.758,0.782,0.759,0.709,0.716,0.74,0.661,0.764,0.769,0.717,0.702,0.752,0.724,0.75,0.705,0.764,0.74,0.753,0.747,0.762,0.757,0.759,0.728,0.776,0.745,0.713,0.738,0.736,0.761,0.762,0.761,0.778,0.733,0.785,0.723,0.726,0.713,0.775,0.718,0.768,0.725,0.718,0.719,0.78,0.729,0.71,0.773,0.749,0.719,0.776,0.739,0.748,0.756,0.732,0.77,0.746,0.727,0.774,0.727,0.755,0.766,0.734,0.755,0.76,0.721,0.741,0.745,0.718,0.769,0.755,0.758,0.776,0.745,0.734,0.742,0.731,0.751,0.724,0.747,0.751,0.715,0.739,0.741,0.729,0.748,0.7,0.719,0.754,0.741,0.737,0.71,0.743,0.733,0.777,0.733,0.77,0.766,0.775,0.741,0.726,0.658,0.729,0.804,0.779,0.791,0.745,0.696,0.745,0.745,0.685,0.688,0.753,0.761,0.739,0.72,0.763,0.724,0.722,0.689,0.75,0.775
0.04	GG2	0.737,0.779,0.764,0.749,0.73,0.775,0.729,0.734,0.767,0.748,0.774,0.767,0.748,0.758,0.736,0.73,0.746,0.776,0.77,0.747,0.776,0.749,0.74,0.725,0.71,0.761,0.681,0.768,0.744,0.8,0.737,0.728,0.778,0.747,0.795,0.748,0.778,0.772,0.76,0.768,0.763,0.755,0.787,0.78,0.774,0.728,0.769,0.751,0.74,0.757,0.733,0.773,0.796,0.764,0.746,0.762,0.753,0.785,0.739,0.737,0.756,0.761,0.774,0.764,0.717,0.745,0.752,0.752,0.765,0.756,0.768,0.766,0.789,0.742,0.734,0.767,0.752,0.756,0.764,0.763,0.794,0.775,0.735,0.718,0.752,0.701,0.783,0.783,0.762,0.729,0.763,0.737,0.772,0.729,0.77,0.759,0.755,0.742,0.758,0.775,0.769,0.75,0.781,0.761,0.737,0.741,0.756,0.762,0.766,0.781,0.808,0.736,0.759,0.747,0.755,0.738,0.791,0.745,0.761,0.742,0.742,0.756,0.78,0.741,0.735,0.771,0.752,0.742,0.801,0.755,0.745,0.77,0.75,0.773,0.75,0.746,0.782,0.729,0.762,0.791,0.743,0.77,0.768,0.754,0.742,0.765,0.734,0.779,0.758,0.768,0.779,0.756,0.738,0.74,0.76,0.743,0.742,0.775,0.762,0.727,0.767,0.751,0.742,0.739,0.713,0.744,0.756,0.746,0.749,0.765,0.752,0.747,0.766,0.758,0.771,0.774,0.793,0.762,0.729,0.732,0.744,0.792,0.78,0.79,0.769,0.746,0.747,0.763,0.724,0.711,0.76,0.778,0.729,0.727,0.756,0.735,0.732,0.712,0.773,0.775
0.06	GEE	0.707,0.713,0.698,0.714,0.692,0.705,0.718,0.699,0.703,0.704,0.703,0.73,0.709,0.704,0.702,0.702,0.694,0.697,0.711,0.711,0.727,0.676,0.699,0.704,0.707,0.713,0.698,0.706,0.7,0.703,0.683,0.674,0.69,0.707,0.697,0.695,0.709,0.705,0.704,0.696,0.698,0.677,0.696,0.699,0.704,0.695,0.698,0.693,0.696,0.716,0.723,0.723,0.726,0.686,0.707,0.706,0.698,0.702,0.708,0.702,0.699,0.718,0.691,0.72,0.713,0.691,0.704,0.71,0.735,0.697,0.7,0.717,0.706,0.7,0.713,0.711,0.702,0.716,0.682,0.712,0.692,0.694,0.683,0.7,0.711,0.683,0.708,0.686,0.71,0.718,0.695,0.697,0.68,0.7,0.713,0.687,0.697,0.7,0.696,0.701,0.696,0.699,0.712,0.699,0.712,0.688,0.708,0.72,0.698,0.695,0.712,0.711,0.723,0.682,0.709,0.695,0.708,0.713,0.709,0.691,0.704,0.711,0.7,0.695,0.704,0.7,0.719,0.698,0.713,0.682,0.68,0.695,0.695,0.716,0.691,0.71,0.712,0.714,0.693,0.694,0.702,0.71,0.721,0.699,0.705,0.699,0.697,0.72,0.7,0.715,0.709,0.718,0.704,0.725,0.713,0.695,0.718,0.699,0.716,0.69,0.705,0.695,0.698,0.715,0.694,0.697,0.707,0.685,0.716,0.709,0.685,0.705,0.724,0.71,0.705,0.715,0.704,0.686,0.694,0.695,0.689,0.699,0.708,0.693,0.713,0.71,0.7,0.709,0.707,0.712,0.709,0.694,0.71,0.69,0.72,0.699,0.696,0.72,0.701,0.706
0.06	GNN	0.568,0.385,0.345,0.384,0.335,0.388,0.38,0.295,0.341,0.327,0.369,0.462,0.39,0.441,0.33,0.443,0.398,0.397,0.421,0.298,0.452,0.313,0.504,0.451,0.278,0.37,0.36,0.338,0.355,0.355,0.383,0.43,0.345,0.506,0.359,0.414,0.335,0.439,0.455,0.311,0.413,0.358,0.31,0.368,0.349,0.34,0.382,0.428,0.364,0.493,0.414,0.447,0.504,0.487,0.445,0.334,0.362,0.484,0.28,0.354,0.368,0.346,0.333,0.558,0.427,0.355,0.307,0.481,0.374,0.315,0.344,0.419,0.404,0.39,0.411,0.552,0.441,0.363,0.481,0.478,0.334,0.408,0.484,0.399,0.382,0.466,0.354,0.47,0.449,0.657,0.289,0.467,0.293,0.293,0.306,0.383,0.407,0.438,0.448,0.346,0.337,0.315,0.534,0.434,0.418,0.423,0.477,0.369,0.475,0.33,0.43,0.469,0.464,0.423,0.306,0.316,0.472,0.49,0.494,0.402,0.325,0.365,0.415,0.373,0.386,0.571,0.442,0.406,0.449,0.45,0.434,0.454,0.45,0.442,0.557,0.314,0.381,0.41,0.328,0.308,0.358,0.334,0.309,0.518,0.41,0.424,0.366,0.514,0.383,0.331,0.496,0.328,0.396,0.415,0.405,0.257,0.411,0.526,0.395,0.319,0.46,0.368,0.387,0.268,0.36,0.353,0.337,0.323,0.429,0.399,0.32,0.405,0.425,0.266,0.429,0.395,0.419,0.345,0.361,0.519,0.328,0.346,0.363,0.394,0.428,0.331,0.305,0.476,0.336,0.446,0.358,0.405,0.337,0.383,0.507,0.357,0.409,0.362,0.252,0.458
0.06	GG	0.681,0.723,0.705,0.712,0.656,0.752,0.722,0.696,0.71,0.719,0.715,0.721,0.714,0.732,0.689,0.684,0.696,0.705,0.722,0.692,0.727,0.702,0.702,0.697,0.69,0.707,0.639,0.72,0.683,0.725,0.66,0.637,0.716,0.719,0.702,0.689,0.719,0.719,0.694,0.716,0.687,0.672,0.724,0.709,0.715,0.705,0.713,0.704,0.712,0.717,0.716,0.72,0.744,0.711,0.696,0.712,0.712,0.73,0.706,0.688,0.659,0.7,0.703,0.719,0.677,0.657,0.723,0.68,0.731,0.687,0.682,0.707,0.713,0.699,0.705,0.721,0.661,0.699,0.693,0.728,0.717,0.715,0.659,0.682,0.73,0.626,0.745,0.7,0.701,0.691,0.69,0.702,0.685,0.677,0.714,0.699,0.666,0.699,0.701,0.696,0.706,0.682,0.751,0.717,0.683,0.682,0.708,0.72,0.692,0.715,0.719,0.694,0.737,0.671,0.708,0.672,0.715,0.67,0.746,0.699,0.689,0.704,0.735,0.698,0.683,0.727,0.702,0.666,0.721,0.694,0.667,0.708,0.682,0.741,0.687,0.697,0.742,0.713,0.71,0.711,0.706,0.709,0.712,0.707,0.713,0.719,0.696,0.737,0.686,0.722,0.731,0.712,0.704,0.712,0.694,0.696,0.692,0.686,0.714,0.674,0.694,0.702,0.688,0.706,0.677,0.672,0.702,0.685,0.708,0.703,0.694,0.697,0.738,0.711,0.714,0.749,0.711,0.712,0.693,0.697,0.693,0.724,0.723,0.737,0.712,0.691,0.689,0.7,0.679,0.685,0.705,0.697,0.711,0.692,0.729,0.679,0.697,0.667,0.701,0.722
0.06	GG2	0.731,0.729,0.715,0.714,0.686,0.749,0.726,0.703,0.71,0.715,0.719,0.72,0.727,0.73,0.698,0.707,0.725,0.717,0.746,0.711,0.738,0.689,0.701,0.709,0.705,0.738,0.684,0.723,0.693,0.726,0.672,0.67,0.719,0.737,0.713,0.695,0.711,0.731,0.701,0.737,0.693,0.688,0.722,0.727,0.723,0.702,0.73,0.718,0.717,0.743,0.729,0.738,0.743,0.724,0.734,0.709,0.72,0.734,0.716,0.712,0.714,0.722,0.708,0.74,0.715,0.684,0.722,0.694,0.726,0.688,0.703,0.709,0.741,0.707,0.714,0.732,0.689,0.718,0.703,0.737,0.727,0.729,0.668,0.688,0.739,0.645,0.762,0.702,0.704,0.706,0.707,0.714,0.701,0.697,0.709,0.696,0.681,0.69,0.695,0.704,0.722,0.71,0.755,0.719,0.711,0.687,0.729,0.729,0.702,0.724,0.734,0.706,0.747,0.682,0.723,0.683,0.72,0.714,0.714,0.699,0.716,0.725,0.728,0.689,0.696,0.722,0.706,0.695,0.728,0.7,0.673,0.715,0.699,0.744,0.696,0.701,0.743,0.718,0.708,0.725,0.72,0.725,0.725,0.713,0.726,0.725,0.705,0.742,0.697,0.717,0.738,0.725,0.714,0.716,0.724,0.692,0.696,0.698,0.736,0.678,0.705,0.702,0.707,0.705,0.677,0.693,0.711,0.701,0.726,0.721,0.704,0.706,0.731,0.73,0.709,0.754,0.718,0.729,0.695,0.688,0.705,0.724,0.73,0.744,0.715,0.709,0.696,0.711,0.699,0.707,0.718,0.701,0.709,0.689,0.744,0.687,0.697,0.692,0.715,0.714
0.08	GEE	0.652,0.666,0.664,0.679,0.667,0.666,0.693,0.671,0.655,0.635,0.663,0.666,0.68,0.677,0.647,0.665,0.642,0.654,0.7,0.673,0.688,0.689,0.665,0.656,0.64,0.669,0.665,0.679,0.672,0.681,0.668,0.662,0.659,0.637,0.657,0.659,0.678,0.665,0.657,0.677,0.666,0.649,0.662,0.659,0.672,0.668,0.647,0.66,0.675,0.667,0.663,0.658,0.674,0.652,0.663,0.673,0.654,0.662,0.684,0.676,0.683,0.71,0.682,0.655,0.678,0.643,0.674,0.667,0.654,0.643,0.653,0.668,0.672,0.648,0.655,0.651,0.664,0.676,0.681,0.665,0.658,0.669,0.655,0.656,0.658,0.666,0.65,0.661,0.656,0.644,0.652,0.643,0.657,0.653,0.652,0.679,0.668,0.657,0.685,0.675,0.689,0.661,0.652,0.668,0.647,0.655,0.696,0.69,0.675,0.69,0.68,0.665,0.685,0.675,0.677,0.654,0.668,0.647,0.654,0.682,0.673,0.658,0.67,0.656,0.679,0.679,0.657,0.655,0.668,0.676,0.653,0.667,0.666,0.661,0.671,0.681,0.679,0.662,0.64,0.648,0.655,0.657,0.659,0.676,0.687,0.692,0.66,0.673,0.669,0.656,0.653,0.654,0.643,0.666,0.668,0.649,0.676,0.652,0.649,0.663,0.67,0.684,0.668,0.675,0.65,0.682,0.659,0.669,0.655,0.655,0.677,0.665,0.671,0.661,0.666,0.668,0.666,0.658,0.683,0.677,0.685,0.642,0.669,0.702,0.648,0.659,0.668,0.64,0.669,0.65,0.697,0.677,0.668,0.644,0.666,0.689,0.678,0.672,0.667,0.676
0.08	GNN	0.512,0.368,0.314,0.319,0.293,0.343,0.333,0.255,0.327,0.311,0.331,0.392,0.349,0.413,0.29,0.413,0.355,0.356,0.383,0.276,0.4,0.288,0.453,0.423,0.261,0.347,0.333,0.332,0.347,0.317,0.347,0.396,0.342,0.434,0.35,0.353,0.34,0.398,0.405,0.314,0.387,0.355,0.305,0.313,0.339,0.303,0.348,0.356,0.337,0.447,0.392,0.372,0.46,0.436,0.418,0.313,0.335,0.435,0.276,0.335,0.338,0.33,0.331,0.509,0.373,0.309,0.303,0.437,0.344,0.276,0.296,0.409,0.395,0.405,0.409,0.48,0.445,0.378,0.401,0.432,0.317,0.361,0.394,0.39,0.36,0.404,0.345,0.422,0.401,0.566,0.284,0.429,0.277,0.262,0.268,0.35,0.359,0.362,0.399,0.346,0.333,0.287,0.45,0.376,0.394,0.362,0.432,0.323,0.442,0.293,0.389,0.43,0.436,0.376,0.312,0.32,0.437,0.479,0.422,0.369,0.302,0.32,0.389,0.336,0.367,0.565,0.42,0.389,0.429,0.382,0.4,0.392,0.392,0.403,0.502,0.258,0.319,0.386,0.319,0.302,0.323,0.321,0.298,0.462,0.388,0.378,0.343,0.487,0.323,0.334,0.432,0.299,0.417,0.365,0.374,0.272,0.358,0.433,0.368,0.296,0.41,0.368,0.321,0.282,0.337,0.279,0.327,0.279,0.386,0.369,0.259,0.326,0.375,0.286,0.415,0.338,0.384,0.321,0.339,0.507,0.316,0.296,0.331,0.4,0.453,0.336,0.302,0.424,0.382,0.411,0.338,0.381,0.352,0.347,0.477,0.342,0.354,0.335,0.241,0.451
0.08	GG	0.636,0.647,0.675,0.68,0.635,0.667,0.693,0.649,0.646,0.642,0.676,0.65,0.67,0.696,0.647,0.645,0.652,0.647,0.678,0.663,0.666,0.703,0.673,0.652,0.635,0.65,0.616,0.672,0.652,0.659,0.642,0.634,0.647,0.658,0.654,0.626,0.673,0.685,0.642,0.673,0.662,0.655,0.668,0.677,0.656,0.663,0.664,0.662,0.666,0.658,0.657,0.657,0.681,0.653,0.664,0.664,0.664,0.683,0.644,0.658,0.651,0.724,0.677,0.665,0.662,0.623,0.672,0.643,0.678,0.631,0.637,0.666,0.691,0.653,0.642,0.651,0.636,0.69,0.684,0.679,0.661,0.664,0.633,0.639,0.672,0.609,0.669,0.672,0.656,0.658,0.649,0.661,0.668,0.655,0.634,0.69,0.624,0.664,0.665,0.681,0.672,0.624,0.67,0.673,0.628,0.615,0.677,0.686,0.672,0.676,0.679,0.638,0.709,0.636,0.672,0.633,0.648,0.616,0.676,0.668,0.635,0.656,0.677,0.671,0.653,0.699,0.663,0.638,0.69,0.674,0.663,0.672,0.637,0.685,0.671,0.664,0.693,0.656,0.656,0.665,0.657,0.643,0.659,0.669,0.649,0.699,0.636,0.711,0.651,0.683,0.67,0.644,0.624,0.669,0.668,0.656,0.646,0.641,0.643,0.65,0.664,0.683,0.651,0.634,0.629,0.653,0.67,0.668,0.661,0.661,0.673,0.646,0.669,0.649,0.679,0.685,0.678,0.667,0.67,0.659,0.668,0.658,0.685,0.697,0.638,0.637,0.655,0.634,0.653,0.644,0.695,0.684,0.649,0.631,0.668,0.67,0.669,0.666,0.665,0.676
0.08	GG2	0.644,0.67,0.689,0.694,0.649,0.667,0.699,0.655,0.65,0.656,0.685,0.672,0.673,0.687,0.65,0.664,0.669,0.676,0.709,0.671,0.68,0.699,0.675,0.653,0.644,0.681,0.675,0.682,0.675,0.654,0.647,0.648,0.663,0.655,0.659,0.655,0.682,0.698,0.653,0.674,0.661,0.654,0.674,0.676,0.671,0.666,0.679,0.685,0.701,0.671,0.668,0.667,0.691,0.673,0.665,0.679,0.678,0.685,0.676,0.676,0.666,0.721,0.7,0.673,0.677,0.646,0.676,0.662,0.681,0.646,0.659,0.675,0.702,0.649,0.655,0.658,0.65,0.698,0.684,0.68,0.677,0.678,0.641,0.658,0.694,0.627,0.669,0.674,0.671,0.66,0.67,0.651,0.664,0.647,0.651,0.689,0.638,0.676,0.686,0.697,0.686,0.655,0.692,0.694,0.631,0.654,0.695,0.694,0.687,0.687,0.691,0.662,0.701,0.661,0.67,0.637,0.67,0.651,0.672,0.675,0.668,0.666,0.685,0.66,0.666,0.7,0.671,0.681,0.696,0.671,0.656,0.668,0.663,0.681,0.672,0.671,0.692,0.654,0.653,0.682,0.666,0.658,0.656,0.672,0.68,0.702,0.64,0.712,0.672,0.684,0.679,0.645,0.645,0.668,0.691,0.659,0.674,0.653,0.642,0.658,0.674,0.702,0.663,0.674,0.657,0.664,0.673,0.682,0.676,0.661,0.675,0.655,0.679,0.667,0.685,0.68,0.679,0.677,0.674,0.685,0.67,0.67,0.696,0.711,0.643,0.649,0.662,0.646,0.672,0.655,0.699,0.692,0.66,0.636,0.694,0.685,0.67,0.675,0.682,0.677
0.1	GEE	0.635,0.619,0.604,0.623,0.618,0.633,0.592,0.622,0.63,0.615,0.605,0.614,0.622,0.609,0.644,0.638,0.637,0.614,0.604,0.614,0.585,0.61,0.627,0.613,0.631,0.615,0.637,0.64,0.611,0.615,0.613,0.593,0.635,0.606,0.623,0.619,0.614,0.626,0.617,0.606,0.615,0.611,0.634,0.62,0.612,0.595,0.628,0.612,0.61,0.619,0.592,0.626,0.634,0.616,0.612,0.606,0.632,0.622,0.603,0.603,0.603,0.616,0.616,0.616,0.611,0.61,0.621,0.632,0.612,0.623,0.625,0.615,0.637,0.642,0.618,0.637,0.613,0.615,0.641,0.643,0.619,0.628,0.626,0.612,0.621,0.645,0.631,0.613,0.615,0.614,0.588,0.629,0.626,0.617,0.627,0.595,0.612,0.607,0.616,0.627,0.637,0.617,0.614,0.622,0.576,0.607,0.633,0.632,0.626,0.627,0.636,0.606,0.637,0.616,0.632,0.615,0.638,0.617,0.63,0.612,0.622,0.607,0.621,0.613,0.627,0.612,0.626,0.632,0.645,0.615,0.628,0.621,0.616,0.647,0.624,0.625,0.612,0.605,0.605,0.617,0.598,0.589,0.656,0.628,0.623,0.637,0.615,0.651,0.629,0.625,0.61,0.602,0.611,0.633,0.608,0.609,0.629,0.626,0.619,0.582,0.627,0.607,0.621,0.626,0.627,0.596,0.622,0.644,0.618,0.671,0.649,0.614,0.618,0.624,0.631,0.638,0.625,0.635,0.606,0.629,0.63,0.599,0.607,0.618,0.639,0.595,0.628,0.618,0.592,0.62,0.61,0.617,0.603,0.633,0.615,0.618,0.595,0.62,0.631,0.612
0.1	GNN	0.506,0.31,0.296,0.284,0.287,0.329,0.328,0.26,0.312,0.275,0.321,0.329,0.328,0.367,0.301,0.369,0.354,0.337,0.323,0.275,0.376,0.289,0.388,0.385,0.243,0.315,0.316,0.322,0.334,0.331,0.336,0.354,0.277,0.395,0.345,0.328,0.297,0.381,0.383,0.293,0.341,0.307,0.282,0.274,0.318,0.302,0.337,0.31,0.324,0.417,0.317,0.375,0.402,0.394,0.359,0.275,0.33,0.389,0.265,0.297,0.318,0.309,0.274,0.454,0.373,0.279,0.285,0.377,0.292,0.222,0.257,0.347,0.355,0.36,0.376,0.41,0.4,0.334,0.408,0.383,0.275,0.345,0.403,0.344,0.32,0.376,0.316,0.366,0.378,0.494,0.282,0.348,0.283,0.225,0.261,0.364,0.361,0.372,0.366,0.317,0.298,0.29,0.408,0.331,0.359,0.316,0.358,0.293,0.378,0.302,0.37,0.379,0.375,0.355,0.239,0.317,0.377,0.452,0.39,0.34,0.295,0.29,0.352,0.355,0.35,0.493,0.367,0.313,0.359,0.379,0.37,0.362,0.391,0.327,0.477,0.239,0.287,0.321,0.254,0.246,0.309,0.284,0.278,0.407,0.346,0.33,0.34,0.422,0.311,0.282,0.401,0.274,0.365,0.336,0.326,0.26,0.326,0.435,0.349,0.285,0.352,0.302,0.322,0.247,0.301,0.273,0.311,0.266,0.367,0.357,0.265,0.321,0.37,0.28,0.387,0.328,0.345,0.303,0.332,0.444,0.281,0.256,0.34,0.34,0.396,0.305,0.278,0.397,0.304,0.408,0.311,0.344,0.319,0.323,0.428,0.347,0.317,0.344,0.234,0.395
0.1	GG	0.577,0.625,0.61,0.628,0.593,0.643,0.602,0.594,0.625,0.641,0.591,0.616,0.629,0.624,0.636,0.617,0.637,0.611,0.601,0.608,0.573,0.626,0.616,0.605,0.609,0.607,0.606,0.632,0.593,0.605,0.588,0.578,0.63,0.614,0.604,0.608,0.599,0.63,0.614,0.61,0.619,0.586,0.617,0.622,0.617,0.61,0.62,0.622,0.609,0.623,0.591,0.606,0.626,0.616,0.589,0.605,0.623,0.606,0.589,0.596,0.625,0.605,0.612,0.624,0.588,0.562,0.629,0.605,0.608,0.605,0.625,0.594,0.636,0.609,0.596,0.638,0.588,0.594,0.643,0.647,0.628,0.63,0.59,0.596,0.627,0.591,0.648,0.634,0.602,0.608,0.595,0.607,0.634,0.599,0.595,0.604,0.598,0.59,0.594,0.626,0.631,0.616,0.647,0.627,0.558,0.582,0.592,0.629,0.611,0.604,0.631,0.581,0.627,0.603,0.624,0.602,0.634,0.582,0.621,0.611,0.603,0.602,0.619,0.632,0.61,0.62,0.619,0.624,0.655,0.6,0.644,0.626,0.605,0.656,0.601,0.624,0.629,0.607,0.616,0.635,0.598,0.604,0.649,0.616,0.612,0.619,0.609,0.664,0.615,0.635,0.615,0.592,0.591,0.631,0.59,0.602,0.589,0.615,0.626,0.579,0.603,0.602,0.624,0.616,0.621,0.569,0.628,0.626,0.62,0.636,0.616,0.594,0.589,0.59,0.61,0.644,0.623,0.623,0.616,0.599,0.602,0.648,0.621,0.621,0.612,0.589,0.608,0.609,0.59,0.622,0.614,0.614,0.618,0.615,0.612,0.6,0.59,0.599,0.63,0.63
0.1	GG2	0.612,0.62,0.613,0.627,0.594,0.643,0.61,0.616,0.627,0.646,0.595,0.629,0.629,0.631,0.638,0.618,0.645,0.625,0.608,0.617,0.591,0.635,0.619,0.605,0.618,0.624,0.634,0.636,0.602,0.609,0.591,0.586,0.639,0.614,0.644,0.62,0.624,0.63,0.608,0.621,0.623,0.594,0.637,0.627,0.629,0.602,0.619,0.632,0.61,0.64,0.602,0.608,0.625,0.63,0.604,0.609,0.634,0.619,0.608,0.589,0.619,0.611,0.622,0.631,0.608,0.579,0.628,0.612,0.611,0.616,0.643,0.617,0.633,0.639,0.613,0.649,0.619,0.606,0.646,0.651,0.645,0.642,0.599,0.599,0.635,0.598,0.657,0.639,0.631,0.615,0.601,0.62,0.63,0.606,0.612,0.596,0.601,0.604,0.594,0.627,0.635,0.621,0.64,0.623,0.564,0.586,0.609,0.634,0.601,0.626,0.63,0.597,0.629,0.632,0.628,0.614,0.633,0.613,0.63,0.625,0.604,0.611,0.626,0.644,0.615,0.616,0.621,0.634,0.659,0.614,0.645,0.641,0.623,0.663,0.617,0.622,0.632,0.602,0.609,0.638,0.608,0.621,0.643,0.624,0.609,0.638,0.617,0.661,0.633,0.629,0.61,0.608,0.601,0.636,0.608,0.603,0.626,0.631,0.631,0.587,0.622,0.599,0.625,0.617,0.621,0.6,0.63,0.644,0.633,0.644,0.617,0.607,0.608,0.629,0.611,0.646,0.64,0.651,0.611,0.615,0.602,0.639,0.633,0.618,0.65,0.59,0.623,0.605,0.587,0.63,0.619,0.61,0.619,0.64,0.622,0.596,0.596,0.604,0.63,0.629
0.12	GEE	0.591,0.561,0.569,0.58,0.575,0.549,0.587,0.606,0.575,0.581,0.558,0.591,0.567,0.587,0.554,0.566,0.596,0.575,0.57,0.584,0.579,0.592,0.584,0.579,0.573,0.576,0.554,0.586,0.564,0.566,0.555,0.56,0.583,0.57,0.566,0.57,0.575,0.565,0.539,0.568,0.577,0.609,0.606,0.573,0.586,0.58,0.546,0.574,0.566,0.572,0.567,0.561,0.594,0.568,0.577,0.576,0.565,0.595,0.589,0.576,0.567,0.569,0.578,0.574,0.569,0.577,0.586,0.56,0.571,0.54,0.571,0.576,0.578,0.572,0.58,0.565,0.547,0.569,0.589,0.592,0.593,0.563,0.552,0.578,0.587,0.591,0.563,0.57,0.564,0.605,0.555,0.573,0.587,0.591,0.57,0.596,0.561,0.575,0.573,0.587,0.581,0.6,0.559,0.587,0.578,0.562,0.565,0.575,0.594,0.55,0.564,0.583,0.568,0.575,0.571,0.562,0.555,0.565,0.586,0.583,0.588,0.594,0.566,0.58,0.565,0.579,0.595,0.574,0.586,0.559,0.585,0.569,0.583,0.568,0.579,0.575,0.58,0.569,0.573,0.539,0.593,0.559,0.569,0.565,0.573,0.596,0.583,0.564,0.584,0.581,0.592,0.596,0.578,0.589,0.56,0.562,0.596,0.574,0.571,0.564,0.577,0.58,0.584,0.57,0.57,0.576,0.574,0.591,0.591,0.555,0.569,0.573,0.567,0.574,0.578,0.562,0.568,0.562,0.574,0.537,0.569,0.563,0.574,0.59,0.573,0.567,0.588,0.578,0.567,0.562,0.573,0.588,0.595,0.563,0.587,0.584,0.551,0.549,0.558,0.577
0.12	GNN	0.415,0.325,0.254,0.273,0.302,0.303,0.291,0.262,0.279,0.248,0.323,0.331,0.321,0.331,0.269,0.377,0.34,0.298,0.326,0.258,0.378,0.263,0.372,0.375,0.232,0.29,0.301,0.277,0.315,0.309,0.306,0.344,0.305,0.383,0.285,0.312,0.298,0.392,0.36,0.275,0.326,0.311,0.225,0.251,0.307,0.295,0.314,0.292,0.299,0.4,0.332,0.333,0.341,0.382,0.348,0.272,0.323,0.367,0.279,0.264,0.308,0.284,0.267,0.437,0.316,0.285,0.226,0.369,0.323,0.252,0.294,0.357,0.357,0.339,0.356,0.404,0.363,0.32,0.386,0.371,0.273,0.337,0.345,0.313,0.285,0.31,0.287,0.362,0.325,0.448,0.287,0.363,0.264,0.255,0.265,0.339,0.312,0.34,0.344,0.314,0.311,0.286,0.386,0.335,0.355,0.3,0.346,0.296,0.414,0.254,0.337,0.351,0.347,0.305,0.255,0.275,0.376,0.413,0.381,0.325,0.256,0.303,0.344,0.348,0.322,0.444,0.365,0.292,0.362,0.346,0.354,0.351,0.347,0.351,0.465,0.285,0.276,0.376,0.258,0.26,0.279,0.262,0.233,0.351,0.308,0.304,0.343,0.383,0.294,0.277,0.354,0.308,0.333,0.321,0.342,0.232,0.337,0.389,0.322,0.254,0.34,0.282,0.3,0.24,0.294,0.262,0.28,0.268,0.341,0.346,0.23,0.285,0.357,0.278,0.35,0.313,0.335,0.242,0.298,0.418,0.264,0.249,0.317,0.298,0.353,0.286,0.261,0.418,0.295,0.364,0.28,0.321,0.283,0.278,0.408,0.32,0.298,0.286,0.234,0.383
0.12	GG	0.571,0.57,0.561,0.56,0.537,0.573,0.566,0.568,0.569,0.563,0.561,0.583,0.587,0.595,0.539,0.54,0.573,0.581,0.574,0.553,0.557,0.589,0.573,0.564,0.59,0.587,0.509,0.591,0.54,0.546,0.547,0.547,0.586,0.599,0.58,0.55,0.573,0.564,0.526,0.565,0.564,0.573,0.609,0.566,0.572,0.581,0.565,0.569,0.59,0.58,0.557,0.549,0.606,0.565,0.585,0.562,0.575,0.579,0.562,0.558,0.577,0.569,0.589,0.567,0.554,0.555,0.578,0.522,0.561,0.521,0.57,0.562,0.577,0.554,0.565,0.581,0.521,0.567,0.582,0.596,0.593,0.567,0.522,0.575,0.58,0.53,0.563,0.576,0.55,0.601,0.558,0.555,0.58,0.554,0.564,0.579,0.515,0.587,0.549,0.577,0.589,0.58,0.566,0.586,0.545,0.539,0.571,0.558,0.584,0.554,0.578,0.546,0.567,0.547,0.554,0.539,0.566,0.548,0.616,0.591,0.591,0.571,0.583,0.589,0.557,0.6,0.617,0.569,0.6,0.573,0.58,0.561,0.561,0.561,0.583,0.565,0.594,0.566,0.576,0.561,0.555,0.57,0.559,0.565,0.56,0.579,0.564,0.578,0.579,0.582,0.576,0.563,0.561,0.579,0.562,0.542,0.565,0.573,0.557,0.543,0.546,0.576,0.571,0.542,0.551,0.56,0.534,0.575,0.588,0.569,0.551,0.553,0.561,0.533,0.592,0.58,0.578,0.572,0.57,0.562,0.548,0.59,0.586,0.577,0.578,0.529,0.556,0.555,0.553,0.523,0.571,0.583,0.568,0.555,0.586,0.585,0.55,0.537,0.552,0.597
0.12	GG2	0.566,0.584,0.557,0.561,0.548,0.558,0.58,0.576,0.578,0.575,0.565,0.588,0.576,0.583,0.549,0.579,0.576,0.584,0.572,0.567,0.562,0.58,0.579,0.574,0.594,0.594,0.532,0.588,0.582,0.562,0.551,0.54,0.59,0.59,0.576,0.553,0.572,0.564,0.527,0.562,0.567,0.591,0.604,0.566,0.58,0.564,0.56,0.576,0.598,0.581,0.564,0.548,0.614,0.574,0.584,0.578,0.577,0.593,0.577,0.578,0.583,0.577,0.6,0.58,0.576,0.574,0.582,0.522,0.566,0.532,0.568,0.567,0.579,0.562,0.571,0.563,0.534,0.544,0.601,0.596,0.601,0.578,0.538,0.581,0.579,0.54,0.566,0.572,0.559,0.608,0.565,0.565,0.6,0.554,0.574,0.575,0.529,0.593,0.557,0.573,0.591,0.606,0.576,0.597,0.555,0.57,0.577,0.558,0.588,0.585,0.581,0.555,0.579,0.57,0.561,0.543,0.573,0.56,0.618,0.595,0.6,0.574,0.572,0.59,0.565,0.606,0.61,0.588,0.607,0.56,0.591,0.565,0.57,0.573,0.58,0.577,0.601,0.566,0.584,0.563,0.572,0.576,0.566,0.569,0.563,0.603,0.569,0.582,0.591,0.586,0.581,0.571,0.567,0.579,0.562,0.553,0.574,0.582,0.557,0.552,0.557,0.579,0.575,0.562,0.547,0.564,0.541,0.579,0.607,0.565,0.546,0.558,0.566,0.553,0.603,0.573,0.579,0.568,0.574,0.565,0.555,0.584,0.582,0.596,0.573,0.528,0.562,0.567,0.561,0.537,0.594,0.584,0.575,0.546,0.581,0.581,0.549,0.535,0.569,0.596
0.14	GEE	0.531,0.531,0.53,0.554,0.525,0.518,0.518,0.513,0.518,0.518,0.545,0.536,0.523,0.547,0.505,0.538,0.533,0.543,0.536,0.554,0.525,0.558,0.525,0.53,0.511,0.515,0.541,0.522,0.526,0.532,0.539,0.52,0.515,0.532,0.531,0.518,0.544,0.545,0.544,0.509,0.54,0.528,0.533,0.513,0.527,0.52,0.52,0.539,0.514,0.508,0.52,0.55,0.542,0.528,0.554,0.53,0.562,0.558,0.525,0.509,0.547,0.544,0.533,0.528,0.515,0.512,0.516,0.53,0.528,0.525,0.529,0.557,0.513,0.51,0.513,0.536,0.546,0.542,0.529,0.522,0.518,0.486,0.528,0.554,0.539,0.533,0.538,0.532,0.522,0.541,0.51,0.538,0.545,0.532,0.55,0.531,0.534,0.524,0.513,0.517,0.536,0.508,0.546,0.552,0.519,0.55,0.536,0.526,0.551,0.542,0.548,0.536,0.565,0.537,0.551,0.523,0.539,0.518,0.554,0.519,0.544,0.539,0.533,0.514,0.537,0.539,0.536,0.52,0.542,0.533,0.541,0.533,0.548,0.532,0.525,0.522,0.527,0.522,0.524,0.52,0.528,0.556,0.537,0.536,0.529,0.532,0.507,0.536,0.563,0.54,0.549,0.524,0.56,0.538,0.534,0.513,0.548,0.496,0.532,0.502,0.527,0.529,0.547,0.549,0.506,0.547,0.516,0.542,0.513,0.528,0.523,0.515,0.508,0.507,0.538,0.537,0.513,0.54,0.53,0.52,0.523,0.537,0.507,0.53,0.531,0.53,0.539,0.549,0.549,0.544,0.546,0.516,0.534,0.535,0.518,0.55,0.514,0.546,0.526,0.508
0.14	GNN	0.407,0.307,0.262,0.266,0.273,0.298,0.285,0.242,0.268,0.261,0.295,0.333,0.302,0.316,0.27,0.331,0.323,0.298,0.333,0.245,0.323,0.277,0.381,0.372,0.254,0.312,0.285,0.281,0.307,0.271,0.299,0.303,0.27,0.374,0.263,0.289,0.3,0.379,0.358,0.236,0.338,0.307,0.257,0.296,0.271,0.298,0.315,0.3,0.285,0.372,0.324,0.321,0.325,0.373,0.333,0.264,0.316,0.343,0.266,0.251,0.301,0.265,0.267,0.342,0.315,0.268,0.247,0.36,0.304,0.213,0.276,0.342,0.29,0.348,0.334,0.372,0.346,0.294,0.356,0.352,0.278,0.312,0.354,0.299,0.295,0.314,0.284,0.345,0.322,0.448,0.256,0.354,0.26,0.238,0.22,0.317,0.304,0.295,0.314,0.256,0.284,0.298,0.388,0.297,0.334,0.283,0.331,0.299,0.329,0.268,0.332,0.342,0.344,0.326,0.259,0.281,0.313,0.381,0.354,0.325,0.255,0.282,0.34,0.337,0.294,0.434,0.353,0.311,0.356,0.365,0.309,0.332,0.321,0.305,0.377,0.275,0.28,0.313,0.259,0.237,0.267,0.272,0.268,0.341,0.327,0.275,0.298,0.363,0.302,0.26,0.352,0.274,0.306,0.292,0.304,0.236,0.297,0.374,0.3,0.254,0.299,0.27,0.308,0.242,0.28,0.259,0.281,0.26,0.336,0.319,0.224,0.261,0.315,0.257,0.343,0.295,0.326,0.262,0.29,0.402,0.259,0.234,0.313,0.29,0.332,0.263,0.27,0.368,0.283,0.357,0.28,0.303,0.309,0.29,0.363,0.307,0.294,0.317,0.228,0.353
0.14	GG	0.508,0.53,0.539,0.558,0.496,0.509,0.515,0.495,0.49,0.533,0.508,0.521,0.53,0.539,0.494,0.507,0.512,0.531,0.532,0.548,0.537,0.543,0.521,0.519,0.507,0.513,0.506,0.514,0.54,0.543,0.523,0.514,0.519,0.536,0.505,0.506,0.533,0.55,0.499,0.499,0.535,0.519,0.531,0.513,0.508,0.525,0.526,0.507,0.513,0.514,0.507,0.53,0.539,0.521,0.542,0.52,0.574,0.546,0.509,0.482,0.516,0.542,0.53,0.53,0.506,0.497,0.513,0.491,0.515,0.502,0.525,0.55,0.515,0.492,0.512,0.545,0.528,0.528,0.534,0.533,0.534,0.496,0.512,0.524,0.544,0.492,0.526,0.534,0.504,0.525,0.483,0.513,0.523,0.51,0.527,0.526,0.517,0.52,0.479,0.513,0.507,0.492,0.554,0.553,0.505,0.52,0.527,0.52,0.546,0.539,0.552,0.528,0.572,0.491,0.55,0.519,0.544,0.495,0.539,0.529,0.548,0.511,0.518,0.518,0.533,0.534,0.515,0.519,0.55,0.527,0.534,0.518,0.533,0.537,0.514,0.512,0.561,0.512,0.527,0.515,0.502,0.538,0.544,0.529,0.502,0.522,0.505,0.527,0.524,0.547,0.546,0.512,0.533,0.524,0.525,0.504,0.521,0.513,0.516,0.495,0.524,0.518,0.517,0.536,0.507,0.514,0.518,0.537,0.509,0.545,0.504,0.514,0.503,0.492,0.555,0.546,0.529,0.538,0.501,0.502,0.499,0.55,0.518,0.528,0.534,0.489,0.492,0.524,0.544,0.516,0.557,0.497,0.536,0.533,0.498,0.534,0.515,0.525,0.522,0.529
0.14	GG2	0.515,0.541,0.537,0.56,0.505,0.523,0.52,0.498,0.494,0.529,0.525,0.527,0.532,0.547,0.49,0.514,0.522,0.538,0.536,0.551,0.534,0.548,0.522,0.522,0.515,0.513,0.518,0.535,0.54,0.541,0.521,0.508,0.517,0.548,0.522,0.515,0.531,0.552,0.497,0.514,0.534,0.521,0.535,0.522,0.509,0.527,0.528,0.53,0.519,0.522,0.535,0.53,0.548,0.528,0.55,0.531,0.572,0.553,0.527,0.501,0.523,0.525,0.535,0.53,0.515,0.506,0.517,0.49,0.524,0.512,0.53,0.54,0.522,0.501,0.526,0.544,0.541,0.531,0.531,0.53,0.538,0.51,0.517,0.536,0.54,0.492,0.531,0.522,0.517,0.529,0.496,0.514,0.539,0.518,0.541,0.519,0.522,0.538,0.512,0.514,0.537,0.496,0.564,0.558,0.513,0.54,0.528,0.543,0.544,0.548,0.553,0.524,0.561,0.511,0.553,0.52,0.549,0.498,0.548,0.533,0.54,0.523,0.523,0.508,0.537,0.558,0.526,0.523,0.554,0.522,0.53,0.522,0.534,0.542,0.517,0.524,0.564,0.521,0.535,0.53,0.51,0.542,0.534,0.539,0.514,0.532,0.505,0.54,0.543,0.548,0.546,0.507,0.544,0.534,0.53,0.487,0.527,0.513,0.521,0.506,0.527,0.531,0.535,0.536,0.511,0.524,0.517,0.539,0.51,0.546,0.524,0.519,0.509,0.502,0.559,0.539,0.529,0.545,0.516,0.521,0.503,0.545,0.519,0.54,0.539,0.493,0.52,0.535,0.546,0.513,0.537,0.5,0.54,0.527,0.512,0.546,0.515,0.532,0.532,0.528
0.16	GEE	0.503,0.527,0.505,0.517,0.504,0.481,0.487,0.471,0.479,0.487,0.476,0.499,0.467,0.513,0.517,0.503,0.478,0.487,0.51,0.513,0.484,0.514,0.478,0.472,0.486,0.504,0.488,0.508,0.488,0.504,0.5,0.494,0.501,0.471,0.476,0.489,0.482,0.482,0.493,0.489,0.496,0.479,0.496,0.501,0.483,0.512,0.483,0.483,0.489,0.483,0.481,0.518,0.481,0.472,0.492,0.513,0.524,0.52,0.506,0.506,0.483,0.494,0.483,0.493,0.481,0.486,0.5,0.504,0.489,0.473,0.495,0.515,0.491,0.506,0.482,0.483,0.499,0.489,0.496,0.498,0.486,0.478,0.484,0.484,0.5,0.491,0.507,0.501,0.474,0.501,0.492,0.504,0.485,0.491,0.5,0.49,0.482,0.519,0.506,0.513,0.501,0.501,0.516,0.473,0.483,0.483,0.478,0.508,0.489,0.481,0.497,0.499,0.5,0.49,0.516,0.498,0.514,0.482,0.504,0.491,0.518,0.493,0.502,0.51,0.491,0.489,0.501,0.496,0.485,0.484,0.498,0.504,0.476,0.505,0.476,0.507,0.5,0.493,0.488,0.508,0.48,0.487,0.514,0.482,0.482,0.513,0.487,0.495,0.482,0.476,0.489,0.485,0.484,0.495,0.51,0.517,0.486,0.502,0.501,0.491,0.496,0.52,0.493,0.506,0.477,0.496,0.489,0.455,0.474,0.485,0.498,0.497,0.494,0.47,0.508,0.496,0.497,0.489,0.486,0.494,0.479,0.483,0.494,0.489,0.482,0.506,0.479,0.49,0.463,0.481,0.498,0.506,0.488,0.496,0.485,0.468,0.515,0.505,0.49,0.485
0.16	GNN	0.374,0.279,0.243,0.27,0.275,0.274,0.292,0.262,0.271,0.25,0.294,0.295,0.3,0.314,0.245,0.313,0.292,0.306,0.292,0.252,0.294,0.292,0.353,0.318,0.244,0.284,0.294,0.253,0.264,0.26,0.3,0.302,0.26,0.314,0.253,0.288,0.267,0.316,0.324,0.242,0.301,0.298,0.261,0.26,0.307,0.267,0.297,0.284,0.282,0.327,0.314,0.34,0.298,0.359,0.274,0.255,0.288,0.335,0.256,0.257,0.301,0.273,0.261,0.34,0.3,0.278,0.267,0.319,0.301,0.255,0.251,0.337,0.315,0.269,0.334,0.353,0.333,0.299,0.323,0.35,0.27,0.298,0.319,0.316,0.289,0.289,0.248,0.311,0.298,0.397,0.268,0.324,0.263,0.228,0.227,0.327,0.311,0.318,0.3,0.269,0.288,0.266,0.344,0.306,0.322,0.273,0.326,0.274,0.309,0.255,0.291,0.326,0.31,0.322,0.264,0.249,0.327,0.377,0.339,0.308,0.239,0.303,0.313,0.303,0.313,0.364,0.326,0.286,0.262,0.327,0.301,0.31,0.333,0.3,0.379,0.262,0.273,0.29,0.27,0.244,0.269,0.288,0.241,0.312,0.283,0.246,0.291,0.363,0.284,0.26,0.316,0.276,0.318,0.266,0.33,0.242,0.296,0.33,0.296,0.232,0.284,0.286,0.294,0.226,0.292,0.28,0.276,0.262,0.322,0.309,0.246,0.259,0.309,0.234,0.311,0.3,0.307,0.285,0.277,0.357,0.258,0.238,0.305,0.294,0.305,0.244,0.268,0.358,0.285,0.348,0.275,0.328,0.278,0.258,0.372,0.289,0.295,0.276,0.235,0.321
0.16	GG	0.469,0.519,0.503,0.492,0.488,0.495,0.486,0.458,0.48,0.481,0.485,0.505,0.486,0.521,0.492,0.488,0.478,0.495,0.494,0.499,0.485,0.503,0.486,0.476,0.466,0.479,0.456,0.486,0.481,0.486,0.454,0.472,0.499,0.462,0.479,0.484,0.458,0.493,0.437,0.49,0.484,0.473,0.481,0.484,0.483,0.492,0.486,0.499,0.485,0.473,0.478,0.493,0.488,0.454,0.479,0.49,0.514,0.514,0.491,0.495,0.467,0.471,0.467,0.497,0.454,0.458,0.477,0.485,0.485,0.468,0.466,0.501,0.491,0.497,0.493,0.487,0.474,0.492,0.489,0.512,0.478,0.457,0.481,0.469,0.473,0.474,0.502,0.491,0.445,0.489,0.465,0.5,0.484,0.468,0.472,0.49,0.468,0.505,0.465,0.487,0.503,0.483,0.499,0.48,0.461,0.453,0.461,0.504,0.483,0.476,0.489,0.484,0.51,0.447,0.515,0.495,0.476,0.456,0.518,0.497,0.496,0.481,0.514,0.485,0.467,0.499,0.488,0.487,0.492,0.472,0.484,0.495,0.474,0.503,0.459,0.504,0.501,0.479,0.489,0.524,0.458,0.478,0.506,0.465,0.473,0.496,0.467,0.497,0.486,0.492,0.488,0.487,0.452,0.464,0.522,0.501,0.457,0.497,0.503,0.475,0.496,0.505,0.49,0.496,0.461,0.484,0.477,0.452,0.485,0.466,0.499,0.47,0.477,0.464,0.505,0.49,0.48,0.469,0.478,0.479,0.465,0.491,0.486,0.479,0.49,0.478,0.462,0.471,0.459,0.463,0.496,0.505,0.489,0.495,0.484,0.463,0.495,0.493,0.466,0.477
0.16	GG2	0.48,0.517,0.511,0.512,0.491,0.503,0.486,0.454,0.468,0.496,0.483,0.505,0.477,0.518,0.5,0.493,0.481,0.512,0.493,0.492,0.484,0.509,0.489,0.469,0.479,0.481,0.463,0.492,0.48,0.486,0.48,0.481,0.502,0.495,0.48,0.476,0.469,0.495,0.493,0.486,0.489,0.485,0.495,0.481,0.489,0.498,0.486,0.472,0.493,0.486,0.477,0.511,0.499,0.473,0.48,0.499,0.512,0.514,0.499,0.5,0.5,0.485,0.477,0.486,0.479,0.473,0.479,0.489,0.482,0.475,0.489,0.509,0.486,0.502,0.498,0.484,0.475,0.507,0.491,0.511,0.48,0.458,0.486,0.477,0.495,0.489,0.513,0.487,0.466,0.497,0.466,0.505,0.476,0.48,0.469,0.487,0.467,0.515,0.477,0.487,0.504,0.496,0.503,0.478,0.469,0.456,0.481,0.51,0.485,0.487,0.506,0.495,0.511,0.465,0.524,0.498,0.491,0.464,0.523,0.502,0.505,0.491,0.5,0.498,0.476,0.492,0.486,0.488,0.495,0.482,0.5,0.503,0.478,0.505,0.475,0.503,0.502,0.485,0.491,0.523,0.467,0.485,0.506,0.481,0.481,0.5,0.468,0.487,0.485,0.485,0.492,0.493,0.472,0.486,0.528,0.491,0.469,0.51,0.5,0.471,0.501,0.513,0.478,0.495,0.468,0.485,0.48,0.455,0.489,0.474,0.501,0.473,0.487,0.472,0.512,0.489,0.486,0.486,0.483,0.484,0.468,0.494,0.492,0.489,0.495,0.485,0.492,0.487,0.472,0.469,0.509,0.509,0.488,0.487,0.482,0.46,0.5,0.492,0.47,0.481
0.18	GEE	0.429,0.427,0.457,0.452,0.445,0.443,0.462,0.45,0.421,0.428,0.428,0.432,0.47,0.433,0.45,0.458,0.463,0.461,0.461,0.458,0.449,0.449,0.424,0.442,0.431,0.458,0.455,0.439,0.434,0.453,0.438,0.463,0.467,0.436,0.476,0.441,0.444,0.446,0.447,0.427,0.423,0.449,0.441,0.439,0.474,0.446,0.451,0.459,0.46,0.451,0.454,0.471,0.432,0.437,0.432,0.447,0.425,0.426,0.469,0.448,0.44,0.456,0.442,0.438,0.457,0.452,0.463,0.437,0.446,0.431,0.44,0.454,0.437,0.443,0.466,0.444,0.45,0.458,0.446,0.468,0.441,0.429,0.44,0.419,0.453,0.457,0.481,0.456,0.454,0.48,0.45,0.444,0.478,0.462,0.443,0.43,0.453,0.469,0.397,0.438,0.459,0.441,0.436,0.442,0.431,0.464,0.45,0.444,0.438,0.445,0.441,0.439,0.462,0.43,0.46,0.448,0.444,0.425,0.446,0.471,0.461,0.45,0.452,0.463,0.448,0.454,0.449,0.452,0.453,0.445,0.461,0.44,0.452,0.44,0.426,0.442,0.45,0.455,0.443,0.445,0.437,0.445,0.448,0.442,0.445,0.452,0.449,0.445,0.449,0.478,0.419,0.457,0.462,0.433,0.414,0.459,0.456,0.448,0.458,0.433,0.453,0.434,0.432,0.45,0.459,0.446,0.435,0.454,0.461,0.422,0.428,0.433,0.436,0.454,0.448,0.474,0.452,0.45,0.467,0.432,0.445,0.445,0.436,0.435,0.427,0.437,0.443,0.443,0.44,0.449,0.461,0.434,0.446,0.454,0.453,0.455,0.44,0.455,0.444,0.466
0.18	GNN	0.342,0.25,0.253,0.248,0.252,0.288,0.287,0.229,0.241,0.247,0.283,0.29,0.307,0.302,0.24,0.319,0.275,0.301,0.269,0.254,0.307,0.24,0.324,0.305,0.221,0.287,0.262,0.253,0.273,0.274,0.312,0.287,0.248,0.323,0.26,0.303,0.267,0.317,0.297,0.248,0.264,0.292,0.28,0.287,0.288,0.269,0.294,0.263,0.296,0.318,0.286,0.292,0.329,0.306,0.291,0.242,0.279,0.306,0.259,0.233,0.274,0.238,0.263,0.306,0.299,0.262,0.253,0.308,0.298,0.227,0.257,0.288,0.267,0.278,0.306,0.335,0.318,0.29,0.351,0.315,0.262,0.27,0.301,0.312,0.256,0.322,0.272,0.302,0.299,0.395,0.24,0.311,0.254,0.227,0.241,0.294,0.311,0.289,0.283,0.247,0.259,0.262,0.317,0.291,0.329,0.253,0.305,0.303,0.33,0.271,0.293,0.283,0.297,0.287,0.256,0.269,0.324,0.321,0.309,0.3,0.244,0.243,0.313,0.289,0.263,0.356,0.316,0.27,0.306,0.32,0.304,0.292,0.303,0.279,0.346,0.219,0.241,0.295,0.259,0.222,0.254,0.263,0.272,0.307,0.287,0.253,0.289,0.319,0.257,0.257,0.288,0.264,0.297,0.279,0.288,0.244,0.311,0.333,0.285,0.255,0.304,0.24,0.285,0.231,0.249,0.26,0.272,0.241,0.305,0.279,0.245,0.265,0.297,0.226,0.314,0.265,0.292,0.25,0.281,0.372,0.27,0.246,0.313,0.257,0.34,0.259,0.256,0.306,0.273,0.312,0.262,0.289,0.276,0.298,0.326,0.286,0.281,0.277,0.228,0.308
0.18	GG	0.417,0.436,0.457,0.448,0.444,0.44,0.45,0.444,0.419,0.442,0.443,0.418,0.463,0.453,0.428,0.429,0.458,0.454,0.441,0.452,0.438,0.455,0.43,0.433,0.429,0.452,0.428,0.419,0.425,0.43,0.414,0.439,0.45,0.42,0.454,0.435,0.443,0.456,0.436,0.422,0.422,0.434,0.453,0.429,0.442,0.457,0.446,0.438,0.456,0.431,0.431,0.464,0.421,0.425,0.419,0.451,0.43,0.433,0.469,0.435,0.423,0.411,0.433,0.439,0.446,0.424,0.456,0.437,0.432,0.415,0.402,0.424,0.443,0.434,0.44,0.439,0.441,0.466,0.424,0.444,0.434,0.432,0.417,0.415,0.457,0.425,0.462,0.441,0.444,0.465,0.449,0.454,0.456,0.445,0.43,0.434,0.431,0.452,0.408,0.438,0.461,0.414,0.434,0.431,0.437,0.421,0.441,0.439,0.431,0.439,0.431,0.439,0.472,0.391,0.445,0.435,0.434,0.409,0.449,0.458,0.465,0.427,0.423,0.453,0.436,0.443,0.428,0.44,0.473,0.414,0.445,0.434,0.443,0.443,0.418,0.434,0.439,0.453,0.422,0.441,0.432,0.448,0.431,0.456,0.428,0.455,0.438,0.442,0.448,0.465,0.432,0.45,0.451,0.43,0.404,0.425,0.418,0.435,0.454,0.43,0.417,0.442,0.427,0.423,0.447,0.436,0.408,0.45,0.45,0.416,0.424,0.434,0.408,0.43,0.46,0.477,0.434,0.446,0.433,0.419,0.435,0.425,0.436,0.434,0.433,0.431,0.421,0.422,0.445,0.442,0.45,0.427,0.455,0.437,0.445,0.44,0.437,0.45,0.449,0.457
0.18	GG2	0.421,0.437,0.459,0.451,0.441,0.453,0.45,0.439,0.418,0.445,0.431,0.431,0.459,0.451,0.444,0.447,0.449,0.444,0.446,0.455,0.443,0.445,0.434,0.438,0.426,0.45,0.44,0.423,0.422,0.443,0.419,0.437,0.454,0.422,0.455,0.44,0.446,0.461,0.433,0.429,0.427,0.451,0.45,0.43,0.444,0.446,0.445,0.456,0.456,0.441,0.445,0.453,0.453,0.434,0.424,0.464,0.429,0.439,0.475,0.434,0.43,0.442,0.44,0.445,0.448,0.424,0.453,0.437,0.437,0.423,0.422,0.429,0.448,0.433,0.452,0.447,0.45,0.467,0.42,0.438,0.438,0.427,0.428,0.409,0.464,0.432,0.451,0.44,0.449,0.477,0.451,0.437,0.457,0.447,0.423,0.434,0.435,0.458,0.408,0.427,0.463,0.442,0.437,0.434,0.43,0.414,0.439,0.448,0.43,0.443,0.435,0.436,0.461,0.409,0.442,0.44,0.44,0.406,0.453,0.466,0.463,0.429,0.424,0.451,0.435,0.445,0.429,0.443,0.474,0.426,0.454,0.435,0.451,0.442,0.414,0.434,0.43,0.439,0.428,0.436,0.441,0.448,0.44,0.453,0.446,0.454,0.447,0.446,0.45,0.458,0.417,0.453,0.448,0.443,0.409,0.449,0.431,0.43,0.452,0.43,0.43,0.432,0.43,0.426,0.449,0.441,0.42,0.448,0.442,0.42,0.419,0.431,0.436,0.437,0.464,0.478,0.436,0.452,0.44,0.418,0.439,0.431,0.447,0.437,0.436,0.428,0.441,0.449,0.453,0.444,0.454,0.421,0.457,0.444,0.444,0.44,0.442,0.454,0.453,0.453
0.2	GEE	0.42,0.424,0.431,0.399,0.406,0.449,0.39,0.401,0.424,0.407,0.437,0.425,0.399,0.416,0.411,0.408,0.425,0.419,0.422,0.431,0.415,0.443,0.417,0.434,0.428,0.421,0.409,0.441,0.413,0.393,0.421,0.415,0.432,0.425,0.416,0.392,0.406,0.415,0.413,0.426,0.44,0.41,0.409,0.429,0.403,0.401,0.415,0.414,0.422,0.426,0.42,0.437,0.4,0.402,0.437,0.432,0.422,0.429,0.433,0.448,0.397,0.41,0.401,0.414,0.424,0.43,0.423,0.428,0.414,0.418,0.418,0.417,0.449,0.419,0.413,0.411,0.412,0.394,0.411,0.418,0.449,0.417,0.401,0.434,0.404,0.403,0.398,0.41,0.407,0.419,0.416,0.43,0.394,0.408,0.402,0.406,0.435,0.441,0.426,0.405,0.416,0.406,0.417,0.425,0.412,0.411,0.409,0.411,0.429,0.444,0.419,0.422,0.415,0.428,0.426,0.408,0.397,0.376,0.409,0.421,0.43,0.444,0.422,0.434,0.412,0.398,0.424,0.416,0.413,0.416,0.426,0.415,0.418,0.413,0.421,0.396,0.393,0.421,0.447,0.433,0.417,0.414,0.407,0.4,0.411,0.419,0.418,0.428,0.373,0.408,0.422,0.433,0.445,0.429,0.407,0.42,0.426,0.403,0.411,0.406,0.387,0.403,0.399,0.392,0.427,0.419,0.397,0.417,0.423,0.414,0.419,0.424,0.434,0.428,0.422,0.389,0.401,0.409,0.418,0.398,0.393,0.43,0.387,0.426,0.398,0.415,0.414,0.433,0.387,0.43,0.416,0.412,0.434,0.427,0.426,0.411,0.419,0.421,0.4,0.422
0.2	GNN	0.344,0.283,0.229,0.247,0.242,0.27,0.293,0.248,0.238,0.245,0.272,0.269,0.279,0.285,0.255,0.299,0.272,0.279,0.271,0.247,0.309,0.262,0.308,0.305,0.247,0.299,0.277,0.263,0.282,0.283,0.274,0.265,0.296,0.302,0.267,0.288,0.282,0.313,0.302,0.254,0.234,0.32,0.259,0.246,0.265,0.284,0.292,0.262,0.282,0.311,0.301,0.28,0.281,0.312,0.299,0.273,0.285,0.301,0.237,0.233,0.27,0.248,0.261,0.303,0.297,0.303,0.252,0.3,0.31,0.246,0.238,0.287,0.279,0.285,0.282,0.298,0.331,0.275,0.308,0.33,0.274,0.288,0.298,0.249,0.268,0.274,0.263,0.304,0.27,0.342,0.256,0.294,0.264,0.221,0.247,0.289,0.301,0.281,0.235,0.275,0.261,0.267,0.296,0.284,0.305,0.264,0.274,0.286,0.309,0.226,0.284,0.317,0.278,0.282,0.245,0.279,0.293,0.295,0.293,0.25,0.248,0.282,0.307,0.288,0.262,0.342,0.278,0.275,0.291,0.303,0.261,0.286,0.288,0.291,0.353,0.233,0.269,0.28,0.217,0.229,0.237,0.277,0.258,0.282,0.294,0.225,0.312,0.323,0.265,0.254,0.32,0.275,0.317,0.279,0.264,0.243,0.276,0.319,0.291,0.263,0.285,0.277,0.281,0.236,0.262,0.263,0.247,0.246,0.281,0.272,0.233,0.262,0.287,0.279,0.297,0.24,0.293,0.272,0.279,0.329,0.28,0.259,0.286,0.246,0.315,0.266,0.241,0.306,0.292,0.298,0.259,0.274,0.252,0.267,0.327,0.256,0.278,0.305,0.228,0.296
0.2	GG	0.41,0.426,0.411,0.42,0.405,0.425,0.391,0.369,0.411,0.405,0.434,0.433,0.406,0.41,0.41,0.396,0.408,0.412,0.42,0.424,0.389,0.441,0.387,0.414,0.41,0.405,0.376,0.382,0.396,0.403,0.397,0.415,0.43,0.413,0.397,0.379,0.408,0.399,0.407,0.408,0.433,0.402,0.402,0.416,0.394,0.397,0.428,0.41,0.401,0.431,0.412,0.406,0.404,0.404,0.431,0.406,0.407,0.404,0.398,0.424,0.395,0.408,0.392,0.413,0.407,0.401,0.415,0.392,0.409,0.407,0.384,0.383,0.435,0.413,0.394,0.405,0.407,0.401,0.403,0.42,0.419,0.412,0.377,0.408,0.397,0.397,0.394,0.425,0.408,0.433,0.395,0.411,0.402,0.407,0.413,0.394,0.427,0.402,0.415,0.378,0.416,0.402,0.417,0.432,0.37,0.399,0.4,0.41,0.418,0.435,0.433,0.422,0.415,0.405,0.428,0.399,0.387,0.385,0.437,0.431,0.414,0.42,0.423,0.409,0.387,0.398,0.398,0.408,0.403,0.38,0.426,0.401,0.407,0.421,0.377,0.398,0.38,0.4,0.435,0.456,0.357,0.402,0.392,0.401,0.403,0.397,0.413,0.419,0.376,0.406,0.438,0.422,0.435,0.43,0.411,0.422,0.409,0.406,0.401,0.413,0.403,0.405,0.374,0.388,0.398,0.41,0.376,0.406,0.422,0.396,0.426,0.412,0.391,0.358,0.419,0.39,0.397,0.405,0.412,0.387,0.403,0.421,0.363,0.419,0.394,0.421,0.399,0.419,0.383,0.408,0.426,0.405,0.431,0.414,0.409,0.417,0.4,0.402,0.387,0.4
0.2	GG2	0.433,0.441,0.409,0.413,0.408,0.429,0.382,0.392,0.415,0.417,0.433,0.422,0.393,0.409,0.413,0.414,0.406,0.413,0.423,0.432,0.397,0.44,0.411,0.42,0.413,0.398,0.381,0.418,0.394,0.403,0.403,0.414,0.427,0.42,0.405,0.382,0.413,0.397,0.409,0.407,0.424,0.399,0.412,0.417,0.4,0.395,0.418,0.405,0.409,0.422,0.411,0.409,0.407,0.402,0.43,0.416,0.408,0.407,0.418,0.44,0.4,0.411,0.398,0.411,0.41,0.415,0.417,0.399,0.401,0.415,0.416,0.412,0.459,0.422,0.418,0.402,0.422,0.39,0.408,0.422,0.424,0.412,0.381,0.413,0.403,0.407,0.391,0.427,0.401,0.446,0.399,0.418,0.4,0.405,0.413,0.398,0.431,0.414,0.421,0.397,0.418,0.391,0.419,0.429,0.401,0.399,0.4,0.408,0.428,0.443,0.437,0.416,0.42,0.41,0.43,0.405,0.384,0.387,0.426,0.435,0.42,0.427,0.423,0.416,0.402,0.398,0.413,0.413,0.407,0.374,0.425,0.404,0.429,0.418,0.415,0.399,0.382,0.424,0.423,0.466,0.416,0.408,0.39,0.392,0.414,0.404,0.42,0.427,0.384,0.399,0.449,0.428,0.436,0.417,0.409,0.416,0.41,0.413,0.404,0.42,0.402,0.423,0.372,0.414,0.433,0.416,0.381,0.406,0.407,0.404,0.421,0.418,0.402,0.408,0.412,0.382,0.401,0.4,0.411,0.394,0.403,0.446,0.39,0.418,0.416,0.41,0.408,0.423,0.392,0.41,0.433,0.408,0.424,0.41,0.414,0.416,0.409,0.406,0.395,0.414
0.22	GEE	0.391,0.375,0.376,0.386,0.399,0.382,0.385,0.398,0.382,0.399,0.378,0.373,0.367,0.418,0.387,0.4,0.4,0.402,0.382,0.38,0.376,0.381,0.372,0.394,0.379,0.378,0.391,0.369,0.381,0.384,0.371,0.367,0.408,0.391,0.375,0.378,0.371,0.364,0.364,0.395,0.376,0.352,0.352,0.38,0.392,0.382,0.417,0.371,0.396,0.39,0.354,0.381,0.381,0.362,0.364,0.372,0.38,0.375,0.389,0.38,0.379,0.38,0.367,0.378,0.384,0.386,0.377,0.4,0.374,0.361,0.393,0.382,0.394,0.371,0.393,0.393,0.382,0.386,0.387,0.402,0.383,0.4,0.402,0.366,0.382,0.389,0.374,0.38,0.354,0.381,0.388,0.382,0.384,0.397,0.378,0.384,0.359,0.371,0.353,0.37,0.375,0.358,0.362,0.403,0.391,0.393,0.379,0.385,0.394,0.398,0.393,0.398,0.379,0.385,0.391,0.393,0.386,0.384,0.364,0.368,0.386,0.405,0.359,0.367,0.361,0.391,0.379,0.373,0.392,0.393,0.369,0.367,0.348,0.382,0.375,0.383,0.39,0.385,0.397,0.385,0.374,0.405,0.381,0.38,0.401,0.36,0.397,0.389,0.365,0.382,0.359,0.376,0.393,0.378,0.367,0.377,0.386,0.385,0.387,0.378,0.375,0.374,0.392,0.397,0.376,0.389,0.383,0.38,0.384,0.389,0.406,0.368,0.38,0.393,0.385,0.391,0.395,0.397,0.373,0.377,0.367,0.369,0.394,0.38,0.347,0.364,0.399,0.376,0.381,0.39,0.384,0.373,0.385,0.386,0.378,0.378,0.386,0.402,0.379,0.359
0.22	GNN	0.337,0.272,0.236,0.233,0.233,0.273,0.275,0.247,0.246,0.238,0.264,0.276,0.296,0.277,0.278,0.287,0.269,0.261,0.276,0.24,0.277,0.251,0.299,0.283,0.234,0.259,0.279,0.255,0.243,0.236,0.261,0.275,0.234,0.273,0.271,0.287,0.263,0.299,0.306,0.237,0.262,0.276,0.233,0.272,0.286,0.276,0.291,0.256,0.274,0.318,0.289,0.282,0.297,0.282,0.3,0.237,0.261,0.298,0.254,0.232,0.27,0.232,0.256,0.301,0.282,0.251,0.249,0.298,0.262,0.237,0.231,0.294,0.26,0.27,0.282,0.262,0.302,0.286,0.318,0.296,0.254,0.274,0.287,0.3,0.271,0.246,0.262,0.27,0.277,0.325,0.278,0.295,0.257,0.239,0.243,0.268,0.282,0.26,0.263,0.248,0.284,0.24,0.301,0.272,0.282,0.251,0.295,0.269,0.283,0.251,0.288,0.262,0.28,0.255,0.234,0.267,0.28,0.296,0.27,0.267,0.247,0.266,0.268,0.282,0.265,0.307,0.291,0.263,0.271,0.305,0.274,0.283,0.289,0.253,0.284,0.243,0.241,0.269,0.229,0.242,0.272,0.265,0.242,0.312,0.253,0.238,0.273,0.295,0.249,0.246,0.279,0.271,0.295,0.248,0.277,0.239,0.279,0.306,0.255,0.234,0.269,0.252,0.271,0.258,0.276,0.263,0.284,0.249,0.293,0.295,0.257,0.266,0.278,0.251,0.268,0.252,0.298,0.253,0.255,0.31,0.278,0.222,0.252,0.238,0.276,0.257,0.248,0.271,0.267,0.278,0.276,0.264,0.266,0.246,0.302,0.275,0.269,0.295,0.228,0.264
0.22	GG	0.356,0.378,0.372,0.392,0.378,0.377,0.395,0.363,0.371,0.397,0.387,0.379,0.371,0.406,0.387,0.386,0.382,0.388,0.39,0.369,0.357,0.357,0.378,0.394,0.355,0.388,0.393,0.368,0.372,0.367,0.366,0.358,0.39,0.353,0.373,0.369,0.35,0.375,0.352,0.372,0.378,0.332,0.339,0.384,0.376,0.384,0.393,0.361,0.385,0.385,0.356,0.336,0.365,0.364,0.368,0.361,0.363,0.326,0.367,0.366,0.382,0.381,0.377,0.321,0.352,0.366,0.35,0.37,0.362,0.361,0.344,0.368,0.392,0.37,0.391,0.392,0.373,0.401,0.372,0.388,0.383,0.394,0.374,0.351,0.38,0.375,0.38,0.337,0.366,0.38,0.384,0.385,0.39,0.388,0.385,0.385,0.367,0.369,0.362,0.348,0.372,0.347,0.373,0.334,0.375,0.332,0.381,0.383,0.384,0.372,0.381,0.394,0.375,0.367,0.396,0.372,0.361,0.351,0.366,0.362,0.38,0.374,0.362,0.356,0.353,0.385,0.354,0.352,0.379,0.378,0.372,0.343,0.358,0.38,0.363,0.364,0.385,0.378,0.361,0.375,0.371,0.401,0.373,0.358,0.353,0.359,0.384,0.379,0.357,0.388,0.346,0.353,0.319,0.374,0.354,0.354,0.367,0.364,0.396,0.374,0.35,0.378,0.386,0.376,0.358,0.383,0.371,0.38,0.377,0.375,0.397,0.376,0.372,0.364,0.375,0.386,0.38,0.401,0.378,0.358,0.352,0.371,0.345,0.38,0.35,0.358,0.382,0.371,0.366,0.382,0.369,0.361,0.379,0.361,0.379,0.381,0.367,0.386,0.374,0.363
0.22	GG2	0.382,0.364,0.367,0.394,0.382,0.38,0.394,0.369,0.386,0.396,0.383,0.375,0.376,0.412,0.379,0.377,0.381,0.402,0.391,0.372,0.365,0.355,0.377,0.401,0.372,0.393,0.389,0.367,0.371,0.358,0.361,0.352,0.4,0.383,0.376,0.386,0.364,0.373,0.352,0.383,0.379,0.332,0.344,0.386,0.388,0.385,0.398,0.365,0.373,0.37,0.35,0.378,0.372,0.368,0.366,0.358,0.374,0.346,0.373,0.368,0.376,0.38,0.367,0.37,0.372,0.377,0.364,0.399,0.359,0.351,0.378,0.379,0.384,0.372,0.391,0.378,0.375,0.384,0.377,0.377,0.382,0.396,0.377,0.355,0.392,0.379,0.379,0.397,0.358,0.387,0.388,0.38,0.391,0.392,0.385,0.386,0.363,0.365,0.369,0.362,0.378,0.345,0.369,0.401,0.379,0.366,0.376,0.376,0.381,0.373,0.395,0.403,0.381,0.377,0.385,0.385,0.362,0.372,0.37,0.367,0.382,0.393,0.345,0.351,0.357,0.384,0.354,0.373,0.381,0.378,0.38,0.335,0.361,0.373,0.361,0.371,0.393,0.381,0.367,0.376,0.372,0.389,0.376,0.361,0.372,0.357,0.395,0.382,0.356,0.391,0.35,0.354,0.392,0.374,0.356,0.361,0.373,0.361,0.392,0.376,0.356,0.37,0.389,0.398,0.366,0.379,0.37,0.387,0.379,0.372,0.404,0.369,0.388,0.367,0.379,0.388,0.373,0.398,0.385,0.358,0.368,0.369,0.361,0.383,0.356,0.357,0.384,0.38,0.397,0.389,0.374,0.359,0.38,0.365,0.382,0.387,0.372,0.379,0.379,0.377
0.24	GEE	0.328,0.32,0.352,0.346,0.329,0.316,0.333,0.351,0.318,0.346,0.335,0.357,0.317,0.33,0.33,0.344,0.339,0.323,0.32,0.324,0.333,0.338,0.348,0.329,0.331,0.33,0.341,0.347,0.333,0.323,0.333,0.342,0.333,0.351,0.348,0.356,0.34,0.339,0.338,0.34,0.33,0.321,0.352,0.305,0.35,0.328,0.328,0.34,0.344,0.327,0.331,0.337,0.365,0.344,0.317,0.325,0.334,0.338,0.336,0.329,0.329,0.334,0.36,0.345,0.351,0.322,0.326,0.335,0.345,0.332,0.349,0.327,0.337,0.331,0.328,0.347,0.315,0.332,0.328,0.323,0.318,0.327,0.319,0.335,0.355,0.344,0.333,0.342,0.332,0.314,0.346,0.337,0.322,0.331,0.328,0.329,0.365,0.351,0.338,0.324,0.325,0.355,0.335,0.32,0.341,0.344,0.341,0.337,0.32,0.364,0.315,0.318,0.323,0.325,0.35,0.342,0.346,0.345,0.355,0.349,0.358,0.351,0.338,0.335,0.332,0.337,0.34,0.335,0.349,0.332,0.348,0.34,0.338,0.332,0.328,0.325,0.359,0.344,0.346,0.358,0.347,0.345,0.325,0.331,0.351,0.331,0.355,0.327,0.358,0.344,0.323,0.322,0.337,0.323,0.33,0.316,0.339,0.353,0.346,0.36,0.352,0.322,0.335,0.331,0.321,0.343,0.345,0.35,0.327,0.344,0.337,0.343,0.332,0.343,0.352,0.338,0.346,0.337,0.336,0.334,0.341,0.338,0.322,0.348,0.344,0.343,0.332,0.344,0.327,0.365,0.347,0.335,0.356,0.345,0.359,0.346,0.347,0.339,0.339,0.321
0.24	GNN	0.31,0.262,0.245,0.261,0.236,0.265,0.236,0.219,0.271,0.239,0.269,0.254,0.259,0.252,0.252,0.267,0.27,0.279,0.256,0.249,0.276,0.26,0.267,0.279,0.248,0.268,0.28,0.258,0.27,0.247,0.243,0.26,0.251,0.285,0.257,0.259,0.259,0.278,0.272,0.252,0.259,0.267,0.245,0.265,0.267,0.248,0.279,0.255,0.262,0.31,0.286,0.265,0.25,0.279,0.264,0.239,0.264,0.28,0.25,0.254,0.282,0.227,0.265,0.243,0.279,0.25,0.253,0.288,0.242,0.22,0.252,0.264,0.247,0.252,0.289,0.286,0.273,0.244,0.28,0.28,0.233,0.276,0.284,0.255,0.255,0.269,0.254,0.268,0.275,0.286,0.237,0.276,0.258,0.244,0.228,0.283,0.253,0.262,0.271,0.244,0.272,0.245,0.297,0.272,0.272,0.249,0.267,0.263,0.277,0.267,0.258,0.271,0.27,0.289,0.228,0.246,0.28,0.293,0.28,0.255,0.235,0.258,0.289,0.269,0.276,0.286,0.267,0.259,0.26,0.292,0.249,0.281,0.285,0.263,0.285,0.245,0.248,0.281,0.233,0.253,0.261,0.233,0.275,0.284,0.253,0.25,0.243,0.292,0.255,0.245,0.264,0.222,0.292,0.268,0.255,0.248,0.269,0.257,0.268,0.235,0.282,0.255,0.232,0.253,0.242,0.24,0.291,0.242,0.304,0.264,0.249,0.252,0.283,0.239,0.266,0.257,0.264,0.236,0.252,0.263,0.241,0.25,0.257,0.241,0.312,0.251,0.232,0.284,0.248,0.276,0.271,0.266,0.254,0.263,0.276,0.277,0.273,0.236,0.227,0.308
0.24	GG	0.316,0.341,0.275,0.324,0.318,0.314,0.326,0.323,0.324,0.352,0.345,0.364,0.276,0.33,0.321,0.319,0.341,0.33,0.321,0.325,0.325,0.343,0.295,0.321,0.332,0.306,0.327,0.349,0.322,0.32,0.332,0.336,0.345,0.332,0.336,0.346,0.31,0.346,0.328,0.318,0.333,0.255,0.332,0.332,0.314,0.334,0.318,0.337,0.343,0.318,0.32,0.336,0.357,0.336,0.307,0.302,0.331,0.333,0.343,0.325,0.325,0.332,0.353,0.337,0.335,0.308,0.27,0.315,0.338,0.321,0.33,0.319,0.34,0.319,0.309,0.346,0.308,0.34,0.339,0.331,0.314,0.334,0.325,0.311,0.326,0.322,0.305,0.326,0.29,0.331,0.328,0.336,0.323,0.328,0.319,0.301,0.344,0.344,0.327,0.318,0.348,0.344,0.309,0.29,0.321,0.329,0.294,0.341,0.327,0.349,0.307,0.322,0.326,0.308,0.334,0.314,0.342,0.307,0.367,0.346,0.348,0.303,0.314,0.345,0.304,0.314,0.34,0.341,0.344,0.287,0.35,0.334,0.347,0.323,0.325,0.289,0.336,0.33,0.286,0.324,0.276,0.292,0.322,0.329,0.313,0.323,0.343,0.318,0.342,0.324,0.336,0.311,0.315,0.311,0.33,0.31,0.337,0.342,0.341,0.36,0.312,0.333,0.333,0.319,0.335,0.338,0.336,0.319,0.336,0.343,0.323,0.27,0.314,0.305,0.329,0.349,0.358,0.354,0.325,0.317,0.322,0.336,0.302,0.332,0.322,0.293,0.323,0.327,0.33,0.343,0.335,0.334,0.367,0.342,0.356,0.357,0.331,0.34,0.334,0.328
0.24	GG2	0.333,0.331,0.343,0.334,0.311,0.314,0.33,0.34,0.314,0.356,0.336,0.36,0.329,0.333,0.333,0.319,0.33,0.341,0.317,0.334,0.329,0.348,0.333,0.328,0.328,0.313,0.322,0.361,0.332,0.312,0.333,0.336,0.341,0.334,0.344,0.353,0.311,0.345,0.33,0.333,0.322,0.303,0.33,0.332,0.33,0.332,0.32,0.341,0.341,0.326,0.326,0.337,0.348,0.337,0.31,0.332,0.326,0.327,0.344,0.33,0.334,0.33,0.348,0.33,0.329,0.298,0.334,0.331,0.329,0.328,0.329,0.325,0.329,0.328,0.324,0.348,0.315,0.333,0.329,0.334,0.311,0.343,0.319,0.32,0.34,0.328,0.314,0.332,0.347,0.326,0.323,0.338,0.316,0.334,0.328,0.33,0.352,0.337,0.343,0.321,0.344,0.355,0.323,0.31,0.333,0.341,0.338,0.343,0.332,0.362,0.314,0.315,0.321,0.314,0.32,0.351,0.338,0.321,0.358,0.354,0.341,0.35,0.329,0.349,0.331,0.316,0.348,0.35,0.341,0.323,0.36,0.333,0.341,0.32,0.336,0.338,0.339,0.329,0.358,0.335,0.35,0.335,0.321,0.339,0.341,0.322,0.347,0.317,0.332,0.334,0.338,0.312,0.318,0.311,0.323,0.308,0.337,0.348,0.344,0.356,0.334,0.329,0.331,0.304,0.331,0.335,0.335,0.329,0.339,0.335,0.316,0.337,0.324,0.323,0.367,0.33,0.335,0.354,0.328,0.323,0.326,0.33,0.324,0.329,0.32,0.339,0.315,0.338,0.328,0.341,0.34,0.333,0.373,0.347,0.337,0.361,0.333,0.339,0.342,0.322
0.26	GEE	0.289,0.311,0.316,0.303,0.283,0.31,0.303,0.298,0.302,0.301,0.297,0.297,0.304,0.299,0.303,0.296,0.302,0.277,0.291,0.278,0.285,0.286,0.301,0.3,0.311,0.303,0.31,0.314,0.292,0.299,0.288,0.303,0.332,0.304,0.28,0.279,0.314,0.306,0.303,0.293,0.303,0.315,0.308,0.322,0.29,0.302,0.321,0.288,0.308,0.296,0.304,0.309,0.287,0.298,0.303,0.303,0.321,0.309,0.288,0.29,0.305,0.313,0.301,0.325,0.326,0.287,0.308,0.308,0.315,0.302,0.303,0.293,0.312,0.283,0.306,0.316,0.307,0.301,0.317,0.3,0.299,0.324,0.293,0.3,0.292,0.295,0.31,0.299,0.287,0.296,0.289,0.282,0.319,0.299,0.294,0.302,0.299,0.309,0.325,0.313,0.322,0.3,0.291,0.297,0.291,0.325,0.32,0.301,0.299,0.297,0.302,0.277,0.305,0.305,0.286,0.302,0.316,0.299,0.302,0.309,0.303,0.313,0.301,0.29,0.324,0.32,0.3,0.314,0.281,0.316,0.323,0.333,0.317,0.299,0.291,0.297,0.311,0.295,0.282,0.301,0.281,0.288,0.291,0.31,0.278,0.278,0.297,0.302,0.307,0.309,0.309,0.319,0.309,0.304,0.307,0.279,0.295,0.307,0.302,0.313,0.299,0.276,0.281,0.305,0.312,0.298,0.3,0.306,0.307,0.298,0.297,0.31,0.317,0.29,0.318,0.306,0.31,0.299,0.31,0.294,0.316,0.297,0.294,0.314,0.292,0.295,0.29,0.289,0.284,0.288,0.302,0.286,0.298,0.303,0.283,0.301,0.314,0.29,0.301,0.306
0.26	GNN	0.267,0.254,0.225,0.246,0.268,0.251,0.275,0.254,0.251,0.257,0.273,0.241,0.268,0.24,0.242,0.246,0.274,0.277,0.249,0.24,0.267,0.251,0.267,0.258,0.255,0.301,0.272,0.249,0.262,0.28,0.269,0.248,0.248,0.255,0.264,0.244,0.256,0.281,0.269,0.245,0.249,0.253,0.257,0.255,0.252,0.244,0.268,0.26,0.238,0.273,0.251,0.291,0.263,0.28,0.26,0.257,0.262,0.267,0.257,0.273,0.236,0.238,0.271,0.269,0.271,0.236,0.244,0.243,0.274,0.249,0.246,0.249,0.251,0.277,0.247,0.28,0.272,0.265,0.267,0.259,0.232,0.262,0.292,0.256,0.261,0.27,0.239,0.276,0.255,0.268,0.259,0.269,0.235,0.243,0.251,0.288,0.257,0.242,0.255,0.236,0.293,0.239,0.287,0.254,0.286,0.252,0.279,0.286,0.261,0.258,0.263,0.277,0.292,0.262,0.246,0.254,0.278,0.259,0.252,0.265,0.26,0.238,0.255,0.272,0.243,0.267,0.233,0.244,0.259,0.289,0.243,0.259,0.277,0.255,0.282,0.249,0.238,0.269,0.269,0.252,0.254,0.263,0.256,0.257,0.288,0.267,0.261,0.261,0.241,0.283,0.244,0.259,0.243,0.253,0.261,0.251,0.256,0.282,0.223,0.254,0.26,0.246,0.269,0.263,0.256,0.267,0.258,0.269,0.269,0.238,0.261,0.256,0.266,0.276,0.258,0.262,0.268,0.246,0.252,0.283,0.245,0.256,0.282,0.25,0.281,0.264,0.265,0.248,0.241,0.283,0.262,0.267,0.259,0.245,0.278,0.262,0.271,0.263,0.235,0.293
0.26	GG	0.288,0.302,0.311,0.311,0.285,0.313,0.297,0.286,0.301,0.295,0.279,0.304,0.291,0.311,0.303,0.29,0.293,0.285,0.284,0.277,0.281,0.289,0.271,0.302,0.313,0.303,0.315,0.32,0.293,0.307,0.306,0.299,0.311,0.312,0.282,0.265,0.277,0.294,0.285,0.284,0.288,0.299,0.3,0.317,0.294,0.295,0.296,0.292,0.308,0.287,0.305,0.269,0.307,0.296,0.273,0.276,0.327,0.242,0.296,0.292,0.298,0.296,0.313,0.315,0.312,0.275,0.297,0.282,0.282,0.31,0.294,0.313,0.302,0.279,0.328,0.316,0.299,0.291,0.314,0.298,0.312,0.316,0.292,0.302,0.307,0.299,0.282,0.288,0.295,0.289,0.278,0.286,0.3,0.305,0.299,0.279,0.291,0.299,0.309,0.281,0.324,0.282,0.284,0.322,0.284,0.321,0.313,0.289,0.291,0.288,0.31,0.281,0.287,0.295,0.287,0.297,0.313,0.3,0.318,0.31,0.303,0.314,0.272,0.275,0.293,0.326,0.305,0.316,0.302,0.264,0.318,0.321,0.317,0.31,0.294,0.286,0.298,0.303,0.289,0.305,0.27,0.303,0.28,0.297,0.277,0.283,0.295,0.3,0.313,0.308,0.285,0.301,0.302,0.319,0.294,0.283,0.294,0.312,0.311,0.324,0.27,0.284,0.282,0.294,0.311,0.294,0.284,0.305,0.306,0.291,0.303,0.308,0.302,0.285,0.315,0.312,0.321,0.285,0.291,0.29,0.296,0.303,0.29,0.306,0.298,0.281,0.309,0.283,0.296,0.276,0.29,0.289,0.308,0.27,0.298,0.288,0.293,0.276,0.281,0.312
0.26	GG2	0.286,0.298,0.304,0.317,0.288,0.308,0.298,0.289,0.293,0.302,0.29,0.303,0.301,0.306,0.3,0.303,0.302,0.291,0.277,0.275,0.285,0.296,0.285,0.289,0.321,0.304,0.316,0.312,0.29,0.322,0.303,0.304,0.297,0.317,0.278,0.276,0.297,0.301,0.287,0.285,0.302,0.298,0.296,0.33,0.3,0.293,0.307,0.3,0.312,0.307,0.302,0.304,0.308,0.303,0.293,0.286,0.323,0.306,0.286,0.287,0.303,0.306,0.312,0.306,0.311,0.289,0.297,0.286,0.295,0.312,0.298,0.305,0.311,0.271,0.312,0.314,0.3,0.284,0.311,0.292,0.313,0.322,0.296,0.302,0.299,0.301,0.287,0.283,0.289,0.293,0.283,0.269,0.307,0.298,0.298,0.289,0.295,0.3,0.323,0.29,0.321,0.307,0.287,0.326,0.287,0.316,0.316,0.281,0.292,0.283,0.286,0.293,0.292,0.286,0.285,0.307,0.311,0.304,0.311,0.307,0.301,0.321,0.284,0.293,0.327,0.327,0.31,0.315,0.301,0.295,0.325,0.316,0.311,0.307,0.295,0.303,0.298,0.298,0.292,0.316,0.276,0.305,0.296,0.3,0.28,0.291,0.31,0.297,0.305,0.304,0.29,0.301,0.303,0.303,0.295,0.284,0.298,0.311,0.314,0.313,0.286,0.28,0.273,0.305,0.317,0.297,0.323,0.313,0.3,0.298,0.302,0.308,0.296,0.284,0.299,0.299,0.308,0.293,0.315,0.3,0.308,0.299,0.298,0.305,0.286,0.285,0.286,0.286,0.286,0.275,0.298,0.288,0.301,0.281,0.289,0.292,0.299,0.277,0.295,0.311
0.28	GEE	0.264,0.272,0.263,0.246,0.27,0.262,0.27,0.257,0.282,0.252,0.264,0.286,0.266,0.262,0.254,0.263,0.249,0.267,0.253,0.272,0.264,0.284,0.277,0.261,0.278,0.279,0.259,0.251,0.271,0.258,0.244,0.267,0.274,0.298,0.266,0.267,0.27,0.284,0.255,0.284,0.253,0.273,0.255,0.269,0.272,0.269,0.28,0.29,0.249,0.271,0.266,0.29,0.281,0.254,0.265,0.255,0.263,0.285,0.261,0.255,0.27,0.276,0.272,0.284,0.292,0.273,0.263,0.265,0.268,0.275,0.263,0.286,0.273,0.282,0.27,0.271,0.27,0.28,0.263,0.279,0.259,0.292,0.275,0.291,0.278,0.261,0.287,0.273,0.268,0.266,0.273,0.271,0.267,0.277,0.282,0.274,0.264,0.276,0.276,0.283,0.271,0.27,0.287,0.267,0.274,0.271,0.274,0.283,0.276,0.263,0.256,0.258,0.269,0.278,0.269,0.256,0.248,0.273,0.274,0.267,0.298,0.281,0.275,0.262,0.257,0.262,0.271,0.272,0.274,0.265,0.255,0.265,0.262,0.279,0.271,0.279,0.275,0.287,0.269,0.255,0.251,0.271,0.277,0.279,0.257,0.268,0.284,0.279,0.261,0.284,0.262,0.263,0.272,0.275,0.281,0.286,0.282,0.293,0.254,0.26,0.254,0.271,0.264,0.259,0.262,0.255,0.241,0.256,0.281,0.259,0.266,0.284,0.271,0.264,0.252,0.242,0.253,0.257,0.271,0.272,0.26,0.25,0.271,0.28,0.289,0.279,0.292,0.295,0.254,0.256,0.26,0.301,0.275,0.251,0.283,0.269,0.26,0.275,0.273,0.268
0.28	GNN	0.262,0.258,0.261,0.262,0.259,0.242,0.264,0.234,0.251,0.248,0.226,0.25,0.251,0.243,0.264,0.269,0.252,0.282,0.245,0.243,0.259,0.264,0.27,0.254,0.264,0.266,0.241,0.273,0.252,0.287,0.267,0.259,0.277,0.267,0.255,0.253,0.267,0.257,0.264,0.266,0.257,0.277,0.242,0.283,0.257,0.223,0.266,0.258,0.267,0.255,0.251,0.247,0.263,0.244,0.242,0.254,0.264,0.273,0.261,0.258,0.266,0.26,0.261,0.26,0.257,0.251,0.26,0.291,0.279,0.251,0.252,0.245,0.252,0.284,0.276,0.27,0.255,0.262,0.251,0.261,0.262,0.255,0.255,0.287,0.255,0.272,0.275,0.268,0.278,0.287,0.248,0.234,0.248,0.252,0.238,0.283,0.283,0.241,0.258,0.241,0.255,0.237,0.27,0.255,0.263,0.251,0.287,0.243,0.245,0.257,0.269,0.238,0.251,0.276,0.252,0.264,0.265,0.256,0.281,0.266,0.248,0.265,0.25,0.263,0.261,0.275,0.275,0.278,0.242,0.262,0.243,0.262,0.251,0.264,0.269,0.229,0.257,0.265,0.245,0.247,0.253,0.24,0.25,0.25,0.25,0.261,0.271,0.256,0.273,0.254,0.278,0.265,0.257,0.247,0.253,0.246,0.254,0.276,0.247,0.236,0.248,0.273,0.249,0.23,0.239,0.26,0.255,0.238,0.277,0.276,0.23,0.266,0.266,0.251,0.265,0.26,0.249,0.26,0.275,0.27,0.247,0.251,0.256,0.239,0.259,0.23,0.262,0.275,0.272,0.238,0.246,0.247,0.253,0.25,0.271,0.264,0.284,0.246,0.245,0.242
0.28	GG	0.259,0.269,0.266,0.25,0.277,0.279,0.284,0.266,0.272,0.255,0.277,0.277,0.256,0.278,0.256,0.273,0.256,0.257,0.265,0.266,0.263,0.286,0.282,0.261,0.286,0.272,0.264,0.241,0.28,0.289,0.246,0.269,0.267,0.288,0.268,0.254,0.256,0.282,0.271,0.283,0.26,0.251,0.257,0.26,0.268,0.265,0.267,0.277,0.255,0.26,0.271,0.289,0.287,0.247,0.27,0.266,0.252,0.29,0.261,0.257,0.268,0.26,0.271,0.271,0.286,0.269,0.252,0.259,0.275,0.272,0.259,0.279,0.278,0.28,0.26,0.262,0.283,0.267,0.266,0.284,0.267,0.285,0.277,0.289,0.263,0.287,0.296,0.26,0.283,0.272,0.27,0.253,0.27,0.262,0.263,0.273,0.261,0.276,0.271,0.265,0.273,0.266,0.288,0.251,0.271,0.272,0.277,0.282,0.271,0.251,0.257,0.24,0.274,0.258,0.28,0.257,0.258,0.268,0.273,0.264,0.285,0.263,0.279,0.261,0.254,0.256,0.271,0.27,0.269,0.275,0.238,0.249,0.273,0.261,0.262,0.257,0.259,0.293,0.256,0.244,0.258,0.26,0.284,0.275,0.242,0.27,0.277,0.283,0.271,0.284,0.256,0.268,0.278,0.268,0.277,0.27,0.271,0.29,0.262,0.262,0.244,0.254,0.284,0.255,0.253,0.252,0.256,0.28,0.288,0.253,0.274,0.265,0.276,0.266,0.27,0.253,0.261,0.262,0.269,0.267,0.271,0.248,0.267,0.276,0.284,0.276,0.293,0.276,0.258,0.273,0.255,0.286,0.268,0.253,0.272,0.269,0.275,0.264,0.256,0.269
0.28	GG2	0.259,0.27,0.271,0.245,0.281,0.265,0.271,0.266,0.291,0.251,0.275,0.279,0.272,0.281,0.264,0.281,0.244,0.263,0.274,0.276,0.262,0.271,0.281,0.25,0.297,0.27,0.272,0.253,0.273,0.275,0.249,0.271,0.263,0.29,0.272,0.265,0.265,0.281,0.266,0.287,0.261,0.258,0.262,0.266,0.273,0.269,0.279,0.277,0.249,0.263,0.269,0.287,0.283,0.249,0.275,0.263,0.27,0.281,0.261,0.259,0.26,0.283,0.277,0.289,0.28,0.27,0.254,0.252,0.259,0.268,0.268,0.273,0.282,0.269,0.275,0.282,0.269,0.285,0.274,0.281,0.263,0.28,0.286,0.292,0.272,0.287,0.283,0.257,0.281,0.274,0.269,0.26,0.265,0.259,0.265,0.253,0.273,0.271,0.282,0.262,0.264,0.261,0.289,0.274,0.273,0.27,0.288,0.278,0.271,0.264,0.27,0.25,0.268,0.285,0.278,0.259,0.248,0.264,0.281,0.268,0.289,0.265,0.28,0.271,0.265,0.257,0.274,0.275,0.263,0.269,0.244,0.253,0.267,0.264,0.268,0.273,0.256,0.296,0.267,0.237,0.258,0.263,0.274,0.267,0.253,0.273,0.285,0.287,0.27,0.281,0.256,0.272,0.274,0.279,0.259,0.276,0.275,0.283,0.262,0.264,0.244,0.25,0.287,0.255,0.269,0.259,0.245,0.275,0.286,0.249,0.269,0.278,0.278,0.259,0.26,0.252,0.258,0.247,0.271,0.277,0.267,0.262,0.265,0.272,0.281,0.275,0.289,0.28,0.254,0.27,0.255,0.29,0.274,0.252,0.27,0.28,0.268,0.27,0.252,0.272
0.3	GEE	0.271,0.278,0.251,0.243,0.267,0.249,0.297,0.265,0.244,0.265,0.273,0.257,0.259,0.255,0.25,0.267,0.232,0.24,0.259,0.239,0.224,0.238,0.254,0.26,0.237,0.238,0.25,0.25,0.234,0.243,0.24,0.255,0.238,0.252,0.245,0.237,0.263,0.261,0.229,0.251,0.22,0.244,0.242,0.253,0.259,0.251,0.269,0.244,0.281,0.254,0.239,0.256,0.264,0.251,0.246,0.258,0.247,0.258,0.255,0.261,0.25,0.249,0.253,0.249,0.244,0.257,0.245,0.247,0.253,0.26,0.229,0.243,0.26,0.249,0.25,0.237,0.258,0.254,0.253,0.233,0.256,0.229,0.253,0.233,0.247,0.235,0.266,0.256,0.214,0.241,0.259,0.231,0.241,0.244,0.247,0.229,0.261,0.265,0.235,0.243,0.243,0.264,0.27,0.261,0.254,0.267,0.232,0.239,0.253,0.24,0.233,0.262,0.257,0.254,0.256,0.26,0.24,0.264,0.247,0.259,0.242,0.234,0.253,0.241,0.262,0.25,0.253,0.254,0.248,0.266,0.245,0.247,0.256,0.252,0.252,0.251,0.253,0.244,0.25,0.243,0.25,0.25,0.257,0.257,0.257,0.249,0.258,0.246,0.245,0.261,0.237,0.244,0.274,0.255,0.258,0.255,0.244,0.245,0.251,0.246,0.25,0.255,0.242,0.258,0.261,0.268,0.253,0.249,0.272,0.263,0.241,0.26,0.254,0.271,0.26,0.256,0.247,0.244,0.26,0.259,0.235,0.246,0.229,0.241,0.25,0.228,0.251,0.225,0.257,0.253,0.222,0.253,0.251,0.259,0.249,0.252,0.22,0.261,0.261,0.257
0.3	GNN	0.275,0.255,0.251,0.261,0.253,0.218,0.255,0.254,0.252,0.244,0.264,0.245,0.268,0.255,0.236,0.224,0.25,0.244,0.266,0.246,0.24,0.275,0.274,0.261,0.252,0.274,0.258,0.257,0.235,0.282,0.258,0.247,0.263,0.246,0.242,0.255,0.255,0.265,0.244,0.233,0.257,0.266,0.245,0.24,0.252,0.25,0.266,0.239,0.237,0.263,0.245,0.238,0.243,0.265,0.256,0.253,0.233,0.261,0.265,0.271,0.249,0.258,0.237,0.233,0.275,0.259,0.244,0.255,0.257,0.244,0.247,0.259,0.263,0.277,0.21,0.269,0.274,0.273,0.252,0.249,0.233,0.257,0.26,0.232,0.265,0.257,0.243,0.259,0.288,0.227,0.28,0.248,0.248,0.257,0.256,0.249,0.241,0.253,0.269,0.241,0.255,0.258,0.241,0.271,0.251,0.234,0.258,0.252,0.258,0.266,0.266,0.242,0.249,0.26,0.259,0.259,0.252,0.262,0.245,0.247,0.273,0.229,0.252,0.267,0.248,0.235,0.242,0.272,0.261,0.249,0.238,0.261,0.271,0.247,0.258,0.245,0.238,0.259,0.256,0.273,0.255,0.238,0.248,0.267,0.245,0.243,0.259,0.237,0.261,0.274,0.243,0.265,0.265,0.275,0.266,0.258,0.268,0.254,0.258,0.257,0.257,0.239,0.258,0.249,0.289,0.241,0.241,0.244,0.24,0.247,0.267,0.257,0.263,0.262,0.252,0.275,0.22,0.241,0.253,0.247,0.237,0.256,0.249,0.219,0.24,0.255,0.242,0.261,0.243,0.261,0.242,0.265,0.25,0.267,0.255,0.275,0.283,0.244,0.253,0.245
0.3	GG	0.265,0.268,0.252,0.252,0.255,0.242,0.268,0.278,0.238,0.253,0.256,0.247,0.269,0.252,0.251,0.273,0.235,0.239,0.255,0.242,0.218,0.255,0.251,0.254,0.246,0.237,0.241,0.261,0.234,0.236,0.242,0.251,0.24,0.246,0.247,0.236,0.258,0.264,0.233,0.258,0.239,0.241,0.256,0.235,0.261,0.248,0.239,0.238,0.272,0.238,0.252,0.262,0.269,0.25,0.266,0.252,0.253,0.243,0.252,0.262,0.248,0.249,0.259,0.249,0.236,0.249,0.229,0.23,0.237,0.246,0.252,0.228,0.266,0.248,0.252,0.236,0.249,0.244,0.258,0.256,0.259,0.237,0.251,0.224,0.246,0.245,0.279,0.266,0.215,0.249,0.255,0.242,0.238,0.249,0.24,0.247,0.243,0.275,0.26,0.252,0.249,0.243,0.263,0.249,0.246,0.258,0.24,0.237,0.262,0.242,0.247,0.268,0.243,0.263,0.237,0.264,0.26,0.264,0.24,0.256,0.255,0.253,0.244,0.227,0.27,0.252,0.254,0.265,0.254,0.226,0.25,0.25,0.25,0.233,0.269,0.247,0.238,0.247,0.27,0.254,0.245,0.254,0.257,0.246,0.241,0.238,0.239,0.245,0.236,0.246,0.233,0.241,0.276,0.261,0.254,0.242,0.246,0.267,0.245,0.252,0.238,0.248,0.253,0.258,0.242,0.274,0.243,0.258,0.276,0.269,0.258,0.258,0.249,0.268,0.248,0.263,0.262,0.264,0.257,0.255,0.23,0.245,0.248,0.241,0.247,0.231,0.242,0.242,0.258,0.235,0.243,0.248,0.254,0.259,0.241,0.248,0.249,0.262,0.238,0.262
0.3	GG2	0.258,0.277,0.262,0.248,0.262,0.245,0.277,0.281,0.241,0.258,0.259,0.236,0.263,0.254,0.268,0.257,0.242,0.221,0.257,0.248,0.206,0.247,0.26,0.257,0.239,0.239,0.247,0.25,0.241,0.233,0.238,0.245,0.25,0.255,0.26,0.235,0.262,0.266,0.227,0.26,0.239,0.24,0.257,0.233,0.262,0.242,0.257,0.241,0.28,0.248,0.242,0.246,0.273,0.249,0.262,0.267,0.262,0.249,0.253,0.252,0.254,0.253,0.257,0.24,0.241,0.251,0.257,0.255,0.261,0.251,0.228,0.233,0.274,0.243,0.246,0.239,0.249,0.227,0.249,0.25,0.264,0.243,0.242,0.222,0.25,0.239,0.279,0.261,0.216,0.236,0.256,0.244,0.247,0.256,0.246,0.25,0.258,0.28,0.256,0.248,0.254,0.25,0.258,0.26,0.248,0.262,0.243,0.232,0.255,0.239,0.258,0.263,0.248,0.249,0.253,0.26,0.248,0.262,0.244,0.25,0.255,0.238,0.241,0.237,0.274,0.261,0.243,0.265,0.241,0.248,0.255,0.256,0.264,0.229,0.247,0.235,0.245,0.244,0.263,0.248,0.238,0.255,0.259,0.255,0.243,0.244,0.26,0.251,0.237,0.248,0.22,0.241,0.272,0.263,0.257,0.245,0.263,0.243,0.24,0.248,0.245,0.243,0.25,0.264,0.248,0.279,0.247,0.249,0.292,0.263,0.248,0.251,0.247,0.248,0.25,0.259,0.259,0.257,0.257,0.234,0.228,0.235,0.253,0.251,0.236,0.24,0.247,0.238,0.251,0.237,0.241,0.251,0.253,0.263,0.245,0.242,0.246,0.262,0.264,0.259
