0.0	GEE	0.828,0.841,0.816,0.842,0.832,0.804,0.826,0.85,0.845,0.841,0.822,0.819,0.805,0.832,0.851,0.843,0.828,0.845,0.83,0.827,0.838,0.838,0.831,0.835,0.845,0.821,0.818,0.825,0.82,0.841,0.831,0.847,0.837,0.829,0.859,0.812,0.837,0.822,0.819,0.841,0.839,0.822,0.847,0.817,0.827,0.822,0.828,0.822,0.814,0.826,0.823,0.844,0.837,0.846,0.832,0.829,0.849,0.814,0.843,0.837,0.819,0.835,0.823,0.834,0.83,0.852,0.812,0.841,0.82,0.816,0.836,0.823,0.816,0.827,0.843,0.837,0.838,0.846,0.838,0.833,0.806,0.82,0.823,0.846,0.838,0.849,0.82,0.835,0.841,0.832,0.852,0.841,0.836,0.814,0.828,0.83,0.82,0.823,0.836,0.84,0.839,0.816,0.819,0.817,0.836,0.854,0.812,0.854,0.798,0.862,0.847,0.799,0.835,0.838,0.845,0.844,0.825,0.811,0.819,0.846,0.822,0.829,0.835,0.853,0.853,0.832,0.835,0.824,0.801,0.837,0.826,0.826,0.837,0.816,0.816,0.824,0.835,0.831,0.844,0.838,0.85,0.842,0.81,0.852,0.822,0.825,0.811,0.83,0.831,0.82,0.852,0.801,0.824,0.83,0.846,0.817,0.823,0.833,0.838,0.829,0.846,0.834,0.84,0.823,0.822,0.833,0.835,0.836,0.831,0.803,0.847,0.836,0.846,0.839,0.832,0.844,0.792,0.858,0.82,0.797,0.821,0.829,0.83,0.826,0.837,0.845,0.821,0.832,0.841,0.836,0.838,0.84,0.834,0.851,0.836,0.844,0.823,0.824,0.824,0.833
0.0	GNN	0.749,0.586,0.64,0.742,0.697,0.715,0.58,0.702,0.547,0.584,0.718,0.763,0.507,0.684,0.405,0.582,0.497,0.52,0.697,0.431,0.637,0.518,0.627,0.695,0.505,0.573,0.476,0.66,0.504,0.449,0.61,0.521,0.535,0.771,0.619,0.776,0.594,0.537,0.663,0.649,0.596,0.549,0.622,0.701,0.556,0.637,0.548,0.746,0.534,0.71,0.463,0.609,0.819,0.622,0.676,0.59,0.687,0.718,0.533,0.632,0.437,0.674,0.611,0.804,0.648,0.475,0.463,0.696,0.525,0.582,0.661,0.583,0.684,0.503,0.467,0.83,0.637,0.634,0.697,0.714,0.518,0.526,0.682,0.714,0.525,0.8,0.531,0.667,0.622,0.8,0.391,0.593,0.622,0.638,0.56,0.641,0.643,0.631,0.793,0.624,0.48,0.594,0.765,0.648,0.728,0.67,0.666,0.7,0.536,0.494,0.546,0.749,0.658,0.759,0.554,0.487,0.643,0.688,0.611,0.571,0.514,0.582,0.503,0.394,0.603,0.749,0.568,0.556,0.654,0.533,0.547,0.618,0.744,0.655,0.657,0.565,0.588,0.57,0.521,0.546,0.482,0.599,0.624,0.777,0.629,0.635,0.546,0.742,0.67,0.65,0.751,0.504,0.563,0.596,0.605,0.446,0.569,0.712,0.626,0.622,0.744,0.705,0.719,0.418,0.602,0.679,0.537,0.414,0.479,0.659,0.498,0.755,0.638,0.498,0.733,0.652,0.663,0.515,0.743,0.684,0.462,0.528,0.59,0.524,0.617,0.643,0.696,0.713,0.609,0.65,0.57,0.652,0.486,0.571,0.671,0.503,0.714,0.547,0.41,0.634
0.0	GG	0.849,0.841,0.852,0.823,0.835,0.863,0.841,0.87,0.84,0.859,0.876,0.823,0.804,0.886,0.824,0.846,0.844,0.867,0.855,0.862,0.841,0.839,0.83,0.843,0.821,0.823,0.775,0.839,0.769,0.896,0.802,0.842,0.848,0.827,0.856,0.817,0.856,0.891,0.693,0.876,0.847,0.844,0.873,0.873,0.858,0.857,0.877,0.886,0.827,0.829,0.809,0.885,0.865,0.874,0.871,0.822,0.853,0.866,0.85,0.839,0.803,0.85,0.826,0.84,0.846,0.833,0.86,0.832,0.859,0.827,0.822,0.824,0.863,0.83,0.699,0.854,0.773,0.834,0.865,0.84,0.875,0.882,0.833,0.846,0.839,0.709,0.87,0.838,0.835,0.839,0.865,0.864,0.825,0.839,0.868,0.842,0.834,0.866,0.835,0.884,0.863,0.785,0.905,0.882,0.81,0.872,0.831,0.855,0.839,0.844,0.874,0.814,0.901,0.856,0.867,0.724,0.848,0.825,0.867,0.83,0.765,0.796,0.866,0.845,0.854,0.856,0.813,0.825,0.842,0.858,0.807,0.865,0.814,0.851,0.87,0.866,0.881,0.865,0.854,0.88,0.868,0.865,0.863,0.846,0.832,0.877,0.854,0.876,0.825,0.851,0.885,0.848,0.83,0.853,0.88,0.844,0.838,0.864,0.845,0.795,0.841,0.894,0.848,0.81,0.817,0.799,0.831,0.832,0.858,0.868,0.83,0.826,0.851,0.844,0.835,0.84,0.814,0.869,0.823,0.817,0.819,0.885,0.834,0.878,0.891,0.847,0.835,0.836,0.837,0.843,0.866,0.866,0.83,0.832,0.854,0.841,0.838,0.829,0.883,0.834
0.0	GG2	0.866,0.87,0.858,0.873,0.865,0.86,0.849,0.876,0.903,0.864,0.87,0.865,0.831,0.91,0.825,0.84,0.851,0.875,0.879,0.878,0.871,0.881,0.855,0.857,0.857,0.848,0.83,0.866,0.841,0.867,0.831,0.832,0.865,0.893,0.895,0.818,0.863,0.834,0.878,0.863,0.859,0.845,0.883,0.891,0.869,0.859,0.901,0.9,0.824,0.837,0.851,0.887,0.872,0.89,0.862,0.887,0.89,0.891,0.86,0.866,0.829,0.864,0.858,0.871,0.877,0.858,0.859,0.848,0.852,0.821,0.861,0.859,0.898,0.839,0.896,0.861,0.856,0.869,0.885,0.835,0.851,0.903,0.855,0.841,0.88,0.862,0.904,0.892,0.875,0.841,0.877,0.862,0.862,0.834,0.841,0.849,0.823,0.86,0.838,0.89,0.876,0.858,0.877,0.902,0.852,0.878,0.841,0.869,0.842,0.892,0.892,0.84,0.863,0.865,0.896,0.816,0.859,0.877,0.877,0.865,0.838,0.808,0.893,0.876,0.878,0.863,0.847,0.831,0.877,0.865,0.843,0.888,0.848,0.863,0.874,0.864,0.881,0.859,0.863,0.889,0.864,0.877,0.893,0.842,0.889,0.881,0.811,0.891,0.872,0.863,0.905,0.857,0.841,0.875,0.885,0.826,0.866,0.883,0.875,0.862,0.853,0.899,0.873,0.832,0.824,0.818,0.834,0.858,0.86,0.866,0.894,0.837,0.872,0.893,0.853,0.883,0.83,0.892,0.838,0.853,0.843,0.88,0.861,0.9,0.894,0.871,0.853,0.859,0.834,0.872,0.892,0.86,0.841,0.851,0.853,0.87,0.846,0.835,0.881,0.881
0.02	GEE	0.783,0.819,0.793,0.802,0.807,0.775,0.82,0.798,0.805,0.819,0.794,0.801,0.804,0.788,0.815,0.8,0.818,0.81,0.809,0.821,0.796,0.799,0.795,0.799,0.775,0.806,0.822,0.771,0.801,0.787,0.785,0.818,0.804,0.815,0.809,0.789,0.78,0.797,0.79,0.798,0.8,0.807,0.802,0.809,0.806,0.797,0.812,0.78,0.804,0.804,0.822,0.803,0.795,0.784,0.822,0.786,0.804,0.804,0.798,0.784,0.804,0.789,0.787,0.786,0.786,0.796,0.792,0.79,0.791,0.798,0.766,0.808,0.782,0.79,0.816,0.784,0.819,0.788,0.808,0.79,0.796,0.791,0.784,0.787,0.783,0.802,0.777,0.814,0.816,0.823,0.785,0.797,0.786,0.805,0.796,0.822,0.82,0.793,0.791,0.811,0.792,0.783,0.816,0.821,0.8,0.793,0.801,0.82,0.788,0.806,0.813,0.78,0.798,0.805,0.812,0.806,0.807,0.804,0.793,0.812,0.813,0.797,0.814,0.788,0.834,0.783,0.812,0.806,0.798,0.786,0.796,0.778,0.799,0.798,0.796,0.803,0.787,0.813,0.794,0.785,0.81,0.795,0.785,0.812,0.809,0.778,0.807,0.789,0.776,0.803,0.797,0.795,0.781,0.771,0.801,0.815,0.794,0.795,0.812,0.81,0.807,0.824,0.799,0.788,0.805,0.796,0.798,0.815,0.787,0.803,0.8,0.802,0.796,0.804,0.825,0.793,0.785,0.805,0.807,0.779,0.794,0.788,0.796,0.793,0.8,0.781,0.807,0.802,0.803,0.832,0.784,0.801,0.795,0.793,0.79,0.832,0.809,0.798,0.811,0.795
0.02	GNN	0.726,0.521,0.455,0.437,0.529,0.567,0.518,0.447,0.492,0.413,0.536,0.701,0.435,0.643,0.369,0.533,0.439,0.507,0.539,0.309,0.478,0.389,0.586,0.578,0.42,0.432,0.42,0.505,0.42,0.386,0.533,0.553,0.468,0.662,0.537,0.65,0.51,0.48,0.577,0.442,0.441,0.468,0.463,0.51,0.482,0.58,0.532,0.58,0.448,0.554,0.411,0.407,0.692,0.517,0.511,0.48,0.485,0.619,0.349,0.521,0.476,0.517,0.514,0.749,0.533,0.42,0.398,0.514,0.448,0.455,0.491,0.525,0.611,0.413,0.428,0.693,0.527,0.486,0.603,0.635,0.467,0.49,0.585,0.634,0.471,0.668,0.489,0.61,0.55,0.752,0.32,0.563,0.472,0.514,0.438,0.581,0.596,0.574,0.667,0.533,0.395,0.455,0.667,0.564,0.641,0.563,0.602,0.548,0.462,0.424,0.423,0.645,0.538,0.636,0.469,0.385,0.607,0.654,0.566,0.512,0.342,0.463,0.476,0.346,0.505,0.684,0.556,0.475,0.621,0.488,0.5,0.544,0.638,0.621,0.619,0.37,0.465,0.477,0.435,0.433,0.426,0.429,0.463,0.667,0.561,0.525,0.423,0.679,0.513,0.418,0.648,0.398,0.481,0.555,0.488,0.239,0.528,0.654,0.545,0.524,0.677,0.549,0.588,0.348,0.538,0.539,0.381,0.361,0.411,0.581,0.342,0.574,0.609,0.315,0.651,0.607,0.526,0.418,0.586,0.652,0.358,0.415,0.5,0.445,0.486,0.549,0.467,0.567,0.495,0.592,0.481,0.522,0.367,0.483,0.638,0.391,0.555,0.409,0.339,0.553
0.02	GG	0.813,0.81,0.817,0.812,0.771,0.816,0.808,0.796,0.822,0.841,0.796,0.799,0.79,0.83,0.794,0.792,0.805,0.816,0.801,0.831,0.805,0.816,0.816,0.789,0.756,0.81,0.772,0.796,0.792,0.81,0.774,0.79,0.824,0.801,0.827,0.805,0.806,0.827,0.778,0.826,0.809,0.795,0.817,0.761,0.803,0.793,0.807,0.839,0.796,0.815,0.802,0.842,0.824,0.816,0.816,0.798,0.817,0.824,0.797,0.81,0.773,0.789,0.784,0.795,0.795,0.793,0.818,0.809,0.82,0.785,0.774,0.809,0.825,0.816,0.825,0.803,0.694,0.752,0.823,0.794,0.833,0.826,0.762,0.781,0.78,0.713,0.828,0.818,0.784,0.812,0.796,0.815,0.799,0.77,0.803,0.828,0.791,0.816,0.799,0.831,0.821,0.777,0.853,0.844,0.802,0.783,0.8,0.84,0.804,0.84,0.822,0.8,0.83,0.807,0.791,0.717,0.827,0.812,0.831,0.801,0.754,0.8,0.84,0.784,0.818,0.818,0.802,0.773,0.823,0.817,0.789,0.809,0.768,0.824,0.827,0.803,0.845,0.832,0.827,0.831,0.823,0.803,0.817,0.807,0.812,0.811,0.809,0.835,0.779,0.842,0.823,0.803,0.766,0.768,0.85,0.824,0.817,0.838,0.799,0.794,0.812,0.844,0.796,0.781,0.769,0.777,0.827,0.806,0.826,0.784,0.823,0.794,0.84,0.803,0.815,0.81,0.804,0.83,0.812,0.721,0.822,0.836,0.821,0.838,0.831,0.752,0.781,0.821,0.761,0.805,0.813,0.811,0.791,0.776,0.786,0.813,0.795,0.767,0.831,0.793
0.02	GG2	0.824,0.813,0.822,0.81,0.795,0.824,0.815,0.802,0.832,0.846,0.808,0.79,0.813,0.828,0.801,0.808,0.818,0.836,0.815,0.841,0.826,0.817,0.824,0.802,0.797,0.829,0.804,0.807,0.806,0.829,0.767,0.797,0.825,0.819,0.835,0.823,0.797,0.842,0.786,0.831,0.819,0.801,0.807,0.861,0.811,0.801,0.817,0.811,0.797,0.794,0.806,0.838,0.807,0.829,0.812,0.793,0.835,0.824,0.8,0.832,0.802,0.819,0.814,0.782,0.812,0.796,0.831,0.817,0.817,0.791,0.805,0.812,0.828,0.801,0.837,0.816,0.811,0.795,0.823,0.795,0.846,0.838,0.765,0.795,0.802,0.791,0.856,0.817,0.797,0.819,0.798,0.806,0.811,0.802,0.811,0.836,0.807,0.819,0.81,0.856,0.828,0.785,0.842,0.84,0.794,0.8,0.812,0.841,0.81,0.833,0.828,0.79,0.839,0.825,0.807,0.798,0.83,0.833,0.807,0.822,0.814,0.818,0.848,0.796,0.828,0.829,0.814,0.793,0.822,0.797,0.818,0.825,0.801,0.82,0.84,0.809,0.832,0.802,0.838,0.837,0.812,0.837,0.807,0.819,0.836,0.844,0.823,0.846,0.79,0.837,0.841,0.813,0.776,0.778,0.839,0.8,0.831,0.85,0.807,0.814,0.817,0.838,0.812,0.78,0.781,0.815,0.809,0.819,0.8,0.814,0.8,0.818,0.859,0.822,0.825,0.819,0.818,0.855,0.815,0.806,0.822,0.832,0.809,0.846,0.828,0.799,0.796,0.829,0.794,0.811,0.817,0.839,0.797,0.752,0.813,0.832,0.797,0.815,0.837,0.796
0.04	GEE	0.74,0.737,0.74,0.725,0.763,0.756,0.737,0.725,0.733,0.725,0.76,0.724,0.731,0.717,0.754,0.759,0.745,0.725,0.758,0.731,0.714,0.752,0.738,0.721,0.71,0.744,0.751,0.743,0.753,0.737,0.728,0.768,0.728,0.729,0.716,0.716,0.725,0.762,0.758,0.753,0.73,0.752,0.743,0.73,0.76,0.73,0.738,0.724,0.757,0.725,0.773,0.754,0.733,0.729,0.73,0.725,0.748,0.74,0.73,0.747,0.732,0.735,0.772,0.757,0.731,0.737,0.737,0.76,0.733,0.735,0.732,0.762,0.734,0.725,0.746,0.73,0.743,0.726,0.741,0.743,0.728,0.741,0.736,0.733,0.73,0.759,0.73,0.727,0.749,0.756,0.733,0.736,0.735,0.726,0.732,0.745,0.744,0.78,0.748,0.737,0.731,0.731,0.724,0.739,0.74,0.761,0.786,0.737,0.753,0.763,0.739,0.721,0.726,0.734,0.746,0.742,0.74,0.724,0.75,0.755,0.715,0.764,0.722,0.769,0.741,0.729,0.744,0.761,0.736,0.745,0.741,0.73,0.745,0.719,0.745,0.731,0.738,0.744,0.733,0.736,0.736,0.773,0.739,0.745,0.729,0.755,0.735,0.763,0.743,0.739,0.736,0.713,0.742,0.749,0.732,0.701,0.729,0.753,0.733,0.738,0.739,0.746,0.76,0.758,0.749,0.754,0.732,0.764,0.72,0.716,0.75,0.741,0.772,0.76,0.759,0.736,0.717,0.718,0.755,0.75,0.727,0.724,0.738,0.725,0.732,0.731,0.737,0.738,0.731,0.735,0.739,0.73,0.765,0.771,0.736,0.75,0.77,0.726,0.75,0.725
0.04	GNN	0.658,0.486,0.418,0.359,0.443,0.504,0.459,0.341,0.455,0.33,0.467,0.589,0.374,0.57,0.361,0.489,0.395,0.489,0.503,0.296,0.412,0.349,0.532,0.509,0.381,0.386,0.369,0.452,0.369,0.379,0.522,0.495,0.419,0.601,0.453,0.583,0.477,0.466,0.528,0.392,0.411,0.474,0.399,0.423,0.48,0.518,0.498,0.522,0.441,0.505,0.386,0.364,0.61,0.501,0.497,0.47,0.409,0.544,0.29,0.474,0.394,0.465,0.426,0.698,0.48,0.393,0.34,0.456,0.409,0.357,0.395,0.519,0.572,0.355,0.332,0.604,0.488,0.415,0.533,0.566,0.422,0.44,0.528,0.579,0.436,0.56,0.475,0.556,0.478,0.733,0.311,0.502,0.38,0.444,0.358,0.526,0.546,0.533,0.589,0.445,0.364,0.374,0.613,0.496,0.573,0.524,0.538,0.478,0.399,0.368,0.366,0.572,0.498,0.549,0.373,0.389,0.58,0.594,0.518,0.491,0.297,0.414,0.473,0.323,0.485,0.671,0.551,0.451,0.534,0.416,0.43,0.481,0.571,0.52,0.608,0.324,0.395,0.46,0.371,0.368,0.374,0.4,0.396,0.616,0.494,0.433,0.408,0.637,0.42,0.314,0.62,0.358,0.459,0.522,0.421,0.234,0.496,0.605,0.487,0.431,0.6,0.442,0.446,0.296,0.519,0.433,0.338,0.32,0.395,0.533,0.304,0.465,0.525,0.333,0.571,0.553,0.501,0.423,0.498,0.605,0.285,0.346,0.48,0.386,0.438,0.488,0.399,0.505,0.455,0.541,0.365,0.53,0.296,0.391,0.579,0.366,0.508,0.361,0.267,0.517
0.04	GG	0.766,0.767,0.769,0.747,0.721,0.77,0.734,0.74,0.769,0.77,0.757,0.757,0.715,0.783,0.743,0.725,0.731,0.77,0.762,0.762,0.743,0.761,0.757,0.733,0.709,0.747,0.72,0.755,0.748,0.777,0.719,0.738,0.754,0.737,0.762,0.733,0.758,0.782,0.727,0.791,0.747,0.726,0.775,0.752,0.748,0.745,0.748,0.757,0.724,0.765,0.735,0.785,0.762,0.746,0.757,0.738,0.759,0.763,0.735,0.769,0.716,0.778,0.766,0.777,0.729,0.737,0.766,0.748,0.775,0.758,0.75,0.757,0.782,0.742,0.765,0.76,0.665,0.694,0.76,0.76,0.774,0.783,0.731,0.734,0.74,0.695,0.775,0.759,0.726,0.749,0.77,0.747,0.753,0.71,0.735,0.779,0.722,0.775,0.75,0.77,0.762,0.734,0.778,0.784,0.731,0.725,0.744,0.766,0.755,0.794,0.742,0.732,0.779,0.748,0.729,0.702,0.775,0.727,0.777,0.737,0.723,0.749,0.778,0.75,0.743,0.769,0.75,0.723,0.772,0.764,0.764,0.749,0.709,0.786,0.765,0.732,0.777,0.767,0.744,0.783,0.764,0.771,0.734,0.764,0.75,0.786,0.739,0.795,0.735,0.792,0.779,0.74,0.725,0.723,0.793,0.726,0.756,0.766,0.743,0.728,0.765,0.774,0.758,0.731,0.743,0.724,0.757,0.766,0.739,0.738,0.76,0.741,0.784,0.749,0.739,0.744,0.745,0.752,0.734,0.675,0.769,0.758,0.757,0.774,0.79,0.716,0.729,0.721,0.735,0.714,0.771,0.779,0.766,0.738,0.738,0.726,0.762,0.729,0.753,0.726
0.04	GG2	0.77,0.776,0.772,0.742,0.739,0.783,0.752,0.749,0.774,0.778,0.774,0.766,0.72,0.781,0.755,0.752,0.766,0.74,0.771,0.763,0.743,0.732,0.758,0.756,0.716,0.757,0.744,0.757,0.755,0.75,0.721,0.736,0.779,0.748,0.761,0.741,0.759,0.791,0.762,0.791,0.756,0.736,0.783,0.752,0.766,0.751,0.772,0.744,0.744,0.746,0.741,0.79,0.747,0.734,0.765,0.752,0.784,0.761,0.732,0.78,0.733,0.78,0.793,0.754,0.741,0.732,0.774,0.766,0.767,0.748,0.776,0.76,0.789,0.72,0.779,0.772,0.72,0.721,0.776,0.772,0.787,0.781,0.736,0.759,0.762,0.728,0.785,0.746,0.751,0.751,0.78,0.77,0.777,0.717,0.75,0.794,0.726,0.774,0.758,0.782,0.752,0.733,0.771,0.798,0.729,0.767,0.77,0.78,0.747,0.792,0.763,0.752,0.753,0.755,0.742,0.724,0.774,0.726,0.756,0.754,0.705,0.758,0.784,0.753,0.762,0.771,0.754,0.73,0.772,0.782,0.762,0.765,0.751,0.793,0.767,0.738,0.79,0.758,0.742,0.785,0.766,0.784,0.742,0.775,0.755,0.793,0.748,0.807,0.741,0.782,0.773,0.742,0.739,0.738,0.772,0.743,0.77,0.785,0.752,0.732,0.773,0.764,0.77,0.741,0.739,0.737,0.756,0.764,0.727,0.724,0.772,0.753,0.785,0.763,0.759,0.76,0.766,0.755,0.737,0.757,0.783,0.765,0.757,0.775,0.781,0.746,0.734,0.759,0.755,0.723,0.766,0.785,0.772,0.753,0.75,0.736,0.767,0.757,0.773,0.723
0.06	GEE	0.718,0.694,0.716,0.722,0.705,0.695,0.729,0.699,0.705,0.693,0.691,0.709,0.732,0.693,0.74,0.69,0.693,0.685,0.689,0.708,0.691,0.706,0.679,0.728,0.696,0.723,0.716,0.697,0.701,0.671,0.716,0.699,0.708,0.699,0.697,0.699,0.702,0.728,0.678,0.696,0.72,0.702,0.726,0.714,0.739,0.709,0.678,0.695,0.724,0.72,0.721,0.692,0.698,0.677,0.74,0.698,0.734,0.714,0.696,0.71,0.688,0.732,0.724,0.719,0.708,0.714,0.689,0.711,0.712,0.728,0.709,0.707,0.683,0.683,0.733,0.718,0.729,0.704,0.705,0.718,0.733,0.721,0.714,0.688,0.709,0.727,0.708,0.701,0.699,0.682,0.677,0.707,0.711,0.699,0.713,0.681,0.708,0.672,0.691,0.721,0.687,0.725,0.72,0.737,0.689,0.721,0.726,0.685,0.676,0.727,0.658,0.687,0.694,0.702,0.723,0.689,0.709,0.711,0.706,0.695,0.691,0.689,0.694,0.723,0.739,0.682,0.705,0.719,0.692,0.705,0.691,0.71,0.683,0.739,0.705,0.683,0.706,0.717,0.723,0.723,0.723,0.702,0.703,0.711,0.718,0.701,0.73,0.689,0.684,0.701,0.723,0.716,0.704,0.693,0.713,0.691,0.728,0.717,0.715,0.691,0.722,0.705,0.711,0.677,0.721,0.703,0.687,0.701,0.702,0.706,0.694,0.691,0.696,0.714,0.707,0.709,0.681,0.702,0.732,0.731,0.698,0.67,0.688,0.722,0.709,0.725,0.748,0.733,0.696,0.678,0.694,0.706,0.712,0.709,0.694,0.691,0.734,0.697,0.689,0.684
0.06	GNN	0.642,0.473,0.356,0.336,0.329,0.427,0.453,0.304,0.389,0.305,0.425,0.557,0.35,0.518,0.328,0.455,0.409,0.443,0.465,0.277,0.396,0.318,0.528,0.461,0.347,0.365,0.358,0.417,0.343,0.344,0.49,0.523,0.392,0.579,0.395,0.544,0.426,0.462,0.496,0.383,0.37,0.435,0.343,0.361,0.453,0.49,0.485,0.492,0.399,0.495,0.341,0.361,0.544,0.497,0.436,0.454,0.398,0.534,0.282,0.437,0.346,0.433,0.435,0.638,0.465,0.351,0.347,0.407,0.386,0.348,0.34,0.499,0.506,0.335,0.305,0.537,0.457,0.393,0.525,0.527,0.415,0.463,0.512,0.491,0.424,0.551,0.459,0.544,0.459,0.667,0.325,0.465,0.343,0.368,0.347,0.497,0.514,0.494,0.512,0.404,0.374,0.331,0.537,0.526,0.554,0.435,0.481,0.449,0.406,0.332,0.353,0.564,0.446,0.486,0.374,0.343,0.525,0.589,0.495,0.469,0.272,0.37,0.479,0.258,0.429,0.65,0.488,0.434,0.494,0.385,0.403,0.447,0.562,0.525,0.532,0.27,0.37,0.45,0.324,0.347,0.356,0.348,0.375,0.576,0.465,0.389,0.407,0.601,0.388,0.244,0.541,0.333,0.42,0.442,0.348,0.23,0.458,0.554,0.441,0.405,0.53,0.357,0.397,0.278,0.5,0.36,0.32,0.314,0.423,0.516,0.271,0.418,0.529,0.275,0.513,0.518,0.431,0.409,0.429,0.535,0.276,0.31,0.456,0.344,0.419,0.463,0.314,0.44,0.433,0.515,0.372,0.468,0.293,0.351,0.57,0.382,0.456,0.365,0.292,0.477
0.06	GG	0.734,0.702,0.74,0.728,0.677,0.741,0.72,0.689,0.74,0.752,0.711,0.711,0.704,0.736,0.721,0.697,0.696,0.715,0.706,0.712,0.728,0.735,0.726,0.707,0.684,0.733,0.661,0.718,0.714,0.723,0.694,0.712,0.724,0.727,0.72,0.709,0.736,0.757,0.693,0.749,0.7,0.676,0.734,0.741,0.735,0.71,0.695,0.712,0.724,0.712,0.664,0.741,0.722,0.712,0.734,0.711,0.716,0.748,0.719,0.732,0.693,0.754,0.712,0.731,0.671,0.688,0.741,0.695,0.745,0.716,0.731,0.695,0.751,0.714,0.724,0.713,0.634,0.69,0.736,0.707,0.745,0.738,0.673,0.685,0.741,0.68,0.759,0.713,0.662,0.686,0.694,0.718,0.727,0.673,0.684,0.718,0.656,0.711,0.702,0.73,0.723,0.695,0.757,0.741,0.702,0.708,0.708,0.731,0.696,0.742,0.692,0.703,0.724,0.694,0.682,0.645,0.747,0.703,0.743,0.691,0.7,0.737,0.739,0.703,0.717,0.718,0.692,0.683,0.734,0.722,0.682,0.725,0.667,0.756,0.73,0.699,0.745,0.735,0.723,0.758,0.718,0.696,0.722,0.724,0.714,0.768,0.716,0.743,0.692,0.74,0.756,0.725,0.69,0.694,0.765,0.716,0.707,0.715,0.71,0.674,0.731,0.729,0.73,0.67,0.713,0.688,0.722,0.722,0.732,0.689,0.726,0.685,0.744,0.708,0.697,0.726,0.712,0.748,0.729,0.663,0.734,0.703,0.714,0.748,0.759,0.709,0.709,0.705,0.703,0.689,0.743,0.735,0.699,0.687,0.688,0.698,0.726,0.707,0.719,0.717
0.06	GG2	0.744,0.711,0.756,0.701,0.659,0.741,0.722,0.704,0.752,0.745,0.723,0.706,0.724,0.739,0.748,0.68,0.712,0.698,0.717,0.723,0.738,0.722,0.722,0.718,0.696,0.732,0.692,0.724,0.71,0.73,0.712,0.73,0.727,0.731,0.749,0.716,0.735,0.759,0.698,0.751,0.712,0.68,0.741,0.739,0.744,0.709,0.717,0.75,0.702,0.719,0.712,0.752,0.732,0.733,0.736,0.72,0.731,0.738,0.716,0.734,0.719,0.757,0.733,0.735,0.729,0.706,0.739,0.713,0.748,0.712,0.756,0.718,0.745,0.694,0.76,0.729,0.692,0.72,0.754,0.731,0.748,0.759,0.683,0.708,0.748,0.705,0.765,0.719,0.681,0.701,0.708,0.734,0.724,0.706,0.716,0.723,0.672,0.701,0.702,0.738,0.735,0.699,0.743,0.742,0.706,0.735,0.72,0.735,0.696,0.744,0.706,0.717,0.699,0.722,0.72,0.704,0.751,0.723,0.752,0.719,0.691,0.751,0.747,0.706,0.727,0.716,0.741,0.721,0.744,0.718,0.717,0.75,0.699,0.77,0.742,0.704,0.759,0.732,0.731,0.766,0.713,0.711,0.729,0.732,0.738,0.764,0.731,0.742,0.694,0.741,0.759,0.717,0.697,0.705,0.762,0.719,0.744,0.728,0.709,0.697,0.737,0.726,0.73,0.696,0.702,0.709,0.72,0.729,0.745,0.711,0.728,0.702,0.751,0.731,0.721,0.742,0.726,0.756,0.733,0.682,0.712,0.713,0.721,0.748,0.771,0.725,0.723,0.731,0.714,0.697,0.745,0.738,0.706,0.707,0.707,0.717,0.736,0.718,0.738,0.717
0.08	GEE	0.698,0.677,0.689,0.679,0.696,0.652,0.666,0.65,0.643,0.657,0.641,0.671,0.671,0.673,0.658,0.681,0.684,0.646,0.672,0.676,0.682,0.683,0.683,0.659,0.673,0.706,0.661,0.671,0.661,0.68,0.68,0.678,0.635,0.649,0.696,0.666,0.67,0.686,0.68,0.65,0.695,0.686,0.693,0.676,0.683,0.687,0.641,0.677,0.68,0.687,0.676,0.668,0.653,0.665,0.651,0.663,0.687,0.675,0.697,0.707,0.671,0.692,0.686,0.698,0.661,0.678,0.677,0.677,0.643,0.636,0.658,0.652,0.674,0.668,0.685,0.686,0.688,0.658,0.683,0.678,0.673,0.68,0.673,0.66,0.668,0.668,0.665,0.656,0.693,0.683,0.66,0.691,0.671,0.666,0.654,0.665,0.689,0.683,0.696,0.679,0.662,0.653,0.678,0.673,0.644,0.662,0.688,0.637,0.681,0.682,0.677,0.637,0.671,0.679,0.659,0.658,0.684,0.679,0.662,0.7,0.663,0.684,0.66,0.661,0.694,0.684,0.671,0.705,0.656,0.672,0.655,0.666,0.66,0.669,0.663,0.687,0.661,0.657,0.67,0.674,0.669,0.652,0.673,0.678,0.656,0.692,0.681,0.686,0.648,0.666,0.665,0.692,0.658,0.68,0.679,0.641,0.661,0.681,0.68,0.64,0.694,0.695,0.703,0.674,0.691,0.674,0.653,0.657,0.635,0.652,0.676,0.686,0.684,0.655,0.663,0.664,0.644,0.658,0.661,0.678,0.682,0.659,0.669,0.659,0.672,0.681,0.675,0.688,0.671,0.681,0.712,0.685,0.681,0.682,0.674,0.684,0.677,0.664,0.687,0.69
0.08	GNN	0.623,0.409,0.348,0.254,0.327,0.42,0.389,0.299,0.403,0.264,0.363,0.505,0.352,0.52,0.31,0.441,0.339,0.436,0.435,0.285,0.378,0.317,0.467,0.463,0.336,0.361,0.329,0.398,0.35,0.377,0.452,0.493,0.417,0.542,0.395,0.49,0.376,0.437,0.475,0.358,0.358,0.428,0.347,0.355,0.431,0.45,0.454,0.488,0.407,0.423,0.329,0.332,0.497,0.421,0.374,0.423,0.367,0.501,0.286,0.385,0.34,0.415,0.414,0.62,0.419,0.358,0.316,0.396,0.339,0.324,0.321,0.478,0.482,0.323,0.306,0.493,0.468,0.372,0.478,0.489,0.387,0.437,0.42,0.439,0.418,0.472,0.443,0.525,0.407,0.646,0.283,0.444,0.317,0.336,0.322,0.477,0.496,0.429,0.444,0.384,0.313,0.297,0.484,0.43,0.503,0.398,0.466,0.397,0.395,0.31,0.339,0.501,0.42,0.444,0.337,0.347,0.504,0.529,0.476,0.426,0.27,0.335,0.454,0.266,0.399,0.583,0.488,0.403,0.443,0.405,0.377,0.442,0.495,0.469,0.538,0.246,0.323,0.427,0.309,0.311,0.323,0.328,0.34,0.514,0.418,0.37,0.431,0.558,0.353,0.305,0.501,0.287,0.414,0.415,0.374,0.245,0.441,0.495,0.422,0.369,0.493,0.351,0.387,0.263,0.483,0.352,0.296,0.31,0.393,0.468,0.282,0.359,0.503,0.278,0.485,0.451,0.398,0.388,0.415,0.505,0.293,0.304,0.436,0.352,0.392,0.437,0.282,0.433,0.4,0.468,0.319,0.452,0.33,0.36,0.542,0.369,0.387,0.291,0.251,0.449
0.08	GG	0.708,0.683,0.685,0.691,0.673,0.689,0.683,0.672,0.693,0.69,0.661,0.685,0.655,0.707,0.65,0.637,0.677,0.674,0.689,0.671,0.727,0.71,0.693,0.652,0.65,0.678,0.641,0.677,0.654,0.683,0.672,0.68,0.664,0.693,0.715,0.664,0.691,0.716,0.671,0.68,0.699,0.653,0.707,0.696,0.657,0.686,0.666,0.684,0.673,0.668,0.631,0.707,0.658,0.68,0.657,0.679,0.675,0.697,0.684,0.721,0.65,0.718,0.716,0.698,0.654,0.68,0.704,0.682,0.696,0.661,0.684,0.665,0.72,0.661,0.694,0.671,0.624,0.675,0.683,0.68,0.681,0.696,0.656,0.648,0.702,0.643,0.688,0.665,0.678,0.667,0.644,0.718,0.69,0.667,0.648,0.685,0.658,0.705,0.684,0.693,0.659,0.66,0.695,0.729,0.662,0.652,0.685,0.686,0.686,0.703,0.674,0.653,0.712,0.668,0.624,0.602,0.689,0.662,0.688,0.682,0.655,0.686,0.705,0.678,0.667,0.699,0.663,0.636,0.699,0.715,0.685,0.66,0.661,0.713,0.683,0.667,0.712,0.664,0.682,0.71,0.659,0.639,0.648,0.7,0.663,0.72,0.691,0.708,0.668,0.704,0.706,0.695,0.649,0.644,0.712,0.672,0.691,0.671,0.656,0.628,0.68,0.709,0.705,0.655,0.687,0.663,0.672,0.67,0.681,0.633,0.677,0.655,0.688,0.64,0.659,0.684,0.651,0.675,0.672,0.641,0.702,0.701,0.701,0.707,0.677,0.66,0.642,0.665,0.669,0.675,0.735,0.718,0.681,0.673,0.678,0.68,0.69,0.664,0.68,0.686
0.08	GG2	0.718,0.698,0.703,0.698,0.677,0.696,0.688,0.689,0.683,0.697,0.668,0.698,0.676,0.694,0.668,0.691,0.671,0.676,0.706,0.669,0.714,0.716,0.683,0.664,0.669,0.684,0.673,0.691,0.651,0.696,0.68,0.686,0.671,0.672,0.72,0.669,0.7,0.71,0.683,0.685,0.716,0.674,0.716,0.692,0.68,0.69,0.672,0.7,0.686,0.681,0.665,0.712,0.657,0.7,0.667,0.679,0.697,0.701,0.691,0.737,0.694,0.719,0.724,0.69,0.665,0.683,0.689,0.692,0.704,0.661,0.688,0.688,0.722,0.662,0.719,0.701,0.651,0.663,0.694,0.68,0.687,0.694,0.661,0.658,0.703,0.647,0.697,0.644,0.686,0.672,0.663,0.722,0.69,0.663,0.666,0.683,0.674,0.711,0.692,0.701,0.684,0.665,0.688,0.709,0.665,0.714,0.695,0.678,0.705,0.708,0.684,0.661,0.715,0.702,0.629,0.653,0.707,0.68,0.702,0.696,0.657,0.693,0.712,0.656,0.688,0.707,0.688,0.687,0.702,0.704,0.693,0.677,0.676,0.707,0.693,0.674,0.717,0.674,0.676,0.708,0.667,0.646,0.665,0.7,0.68,0.723,0.689,0.714,0.677,0.702,0.708,0.699,0.66,0.672,0.715,0.657,0.703,0.679,0.679,0.641,0.684,0.711,0.704,0.68,0.687,0.677,0.672,0.682,0.691,0.663,0.676,0.676,0.69,0.658,0.674,0.689,0.673,0.685,0.666,0.666,0.702,0.711,0.706,0.708,0.704,0.683,0.645,0.696,0.671,0.672,0.733,0.717,0.674,0.652,0.687,0.69,0.685,0.675,0.689,0.69
0.1	GEE	0.623,0.606,0.638,0.621,0.649,0.603,0.604,0.603,0.615,0.642,0.582,0.598,0.622,0.618,0.655,0.601,0.617,0.625,0.616,0.606,0.602,0.623,0.613,0.614,0.622,0.661,0.637,0.625,0.642,0.615,0.609,0.642,0.627,0.618,0.626,0.615,0.604,0.639,0.608,0.638,0.604,0.579,0.629,0.607,0.624,0.624,0.603,0.585,0.628,0.623,0.617,0.627,0.64,0.636,0.636,0.619,0.624,0.611,0.599,0.624,0.623,0.633,0.611,0.646,0.615,0.607,0.644,0.646,0.603,0.607,0.633,0.626,0.628,0.643,0.631,0.625,0.618,0.606,0.646,0.632,0.655,0.615,0.619,0.636,0.651,0.624,0.622,0.605,0.628,0.628,0.613,0.618,0.605,0.609,0.631,0.593,0.631,0.636,0.657,0.633,0.626,0.594,0.646,0.659,0.63,0.605,0.633,0.613,0.618,0.617,0.64,0.636,0.609,0.637,0.636,0.605,0.646,0.589,0.598,0.614,0.597,0.599,0.648,0.629,0.646,0.608,0.634,0.629,0.601,0.609,0.633,0.6,0.595,0.612,0.623,0.639,0.614,0.634,0.638,0.617,0.65,0.567,0.641,0.608,0.647,0.609,0.661,0.643,0.596,0.618,0.605,0.609,0.627,0.627,0.601,0.639,0.613,0.577,0.637,0.619,0.65,0.618,0.635,0.622,0.657,0.621,0.637,0.626,0.627,0.644,0.632,0.624,0.624,0.629,0.65,0.64,0.597,0.641,0.636,0.618,0.62,0.563,0.62,0.627,0.63,0.61,0.629,0.629,0.619,0.627,0.627,0.614,0.598,0.652,0.599,0.65,0.625,0.594,0.6,0.597
0.1	GNN	0.555,0.403,0.328,0.266,0.29,0.362,0.356,0.276,0.383,0.272,0.356,0.446,0.308,0.461,0.304,0.428,0.325,0.398,0.384,0.264,0.311,0.291,0.452,0.403,0.293,0.336,0.307,0.378,0.343,0.32,0.402,0.421,0.363,0.494,0.332,0.44,0.335,0.443,0.454,0.326,0.341,0.401,0.313,0.341,0.41,0.377,0.448,0.426,0.345,0.428,0.324,0.329,0.427,0.45,0.341,0.413,0.302,0.479,0.269,0.331,0.327,0.367,0.349,0.586,0.37,0.345,0.331,0.369,0.355,0.283,0.28,0.472,0.449,0.281,0.311,0.44,0.422,0.344,0.461,0.474,0.333,0.427,0.418,0.419,0.353,0.425,0.407,0.472,0.38,0.585,0.26,0.412,0.325,0.27,0.31,0.435,0.454,0.422,0.4,0.334,0.332,0.295,0.442,0.385,0.474,0.368,0.412,0.353,0.349,0.294,0.285,0.441,0.392,0.39,0.334,0.322,0.415,0.497,0.434,0.393,0.277,0.341,0.436,0.255,0.36,0.55,0.465,0.381,0.417,0.367,0.378,0.381,0.462,0.462,0.483,0.244,0.308,0.39,0.303,0.299,0.284,0.305,0.29,0.475,0.413,0.34,0.38,0.532,0.325,0.237,0.452,0.283,0.42,0.352,0.359,0.257,0.436,0.493,0.365,0.366,0.46,0.287,0.368,0.24,0.424,0.296,0.303,0.279,0.384,0.47,0.274,0.347,0.446,0.295,0.466,0.434,0.406,0.336,0.363,0.49,0.273,0.281,0.399,0.307,0.377,0.377,0.296,0.395,0.389,0.447,0.292,0.411,0.325,0.37,0.477,0.376,0.401,0.286,0.276,0.422
0.1	GG	0.66,0.626,0.625,0.652,0.578,0.66,0.613,0.621,0.649,0.665,0.578,0.619,0.627,0.672,0.636,0.537,0.634,0.643,0.635,0.6,0.607,0.655,0.63,0.628,0.594,0.66,0.636,0.623,0.643,0.637,0.62,0.622,0.652,0.638,0.655,0.636,0.638,0.685,0.626,0.658,0.617,0.578,0.626,0.621,0.614,0.643,0.618,0.622,0.579,0.616,0.58,0.655,0.634,0.652,0.622,0.642,0.649,0.632,0.621,0.623,0.591,0.664,0.652,0.641,0.625,0.602,0.649,0.617,0.634,0.633,0.629,0.626,0.669,0.625,0.645,0.658,0.565,0.599,0.658,0.639,0.635,0.643,0.606,0.595,0.656,0.603,0.659,0.641,0.603,0.63,0.617,0.625,0.659,0.616,0.635,0.634,0.612,0.65,0.642,0.651,0.636,0.573,0.674,0.669,0.628,0.593,0.613,0.647,0.617,0.633,0.648,0.62,0.643,0.639,0.585,0.561,0.639,0.589,0.647,0.614,0.609,0.611,0.664,0.638,0.612,0.648,0.625,0.597,0.647,0.632,0.632,0.593,0.576,0.655,0.628,0.647,0.653,0.626,0.621,0.64,0.614,0.581,0.627,0.654,0.633,0.639,0.665,0.684,0.621,0.665,0.652,0.626,0.617,0.612,0.643,0.625,0.596,0.616,0.612,0.578,0.646,0.651,0.639,0.604,0.628,0.605,0.606,0.627,0.653,0.616,0.648,0.629,0.643,0.59,0.645,0.657,0.627,0.684,0.626,0.594,0.63,0.623,0.616,0.651,0.666,0.602,0.601,0.607,0.614,0.609,0.649,0.652,0.625,0.638,0.597,0.605,0.622,0.627,0.599,0.59
0.1	GG2	0.661,0.622,0.646,0.642,0.6,0.64,0.61,0.633,0.656,0.669,0.582,0.628,0.633,0.673,0.675,0.61,0.632,0.636,0.625,0.601,0.623,0.636,0.641,0.638,0.62,0.666,0.639,0.637,0.643,0.641,0.634,0.627,0.659,0.649,0.641,0.637,0.65,0.681,0.629,0.665,0.622,0.597,0.643,0.63,0.632,0.641,0.621,0.619,0.635,0.618,0.6,0.658,0.637,0.644,0.632,0.632,0.661,0.656,0.62,0.647,0.61,0.669,0.658,0.652,0.63,0.602,0.652,0.626,0.62,0.645,0.652,0.63,0.647,0.637,0.67,0.659,0.587,0.602,0.683,0.647,0.644,0.657,0.604,0.613,0.665,0.609,0.661,0.621,0.608,0.64,0.631,0.641,0.659,0.62,0.657,0.634,0.619,0.634,0.661,0.657,0.633,0.579,0.675,0.664,0.634,0.621,0.628,0.653,0.632,0.646,0.653,0.631,0.621,0.656,0.616,0.585,0.658,0.606,0.658,0.615,0.611,0.639,0.669,0.636,0.62,0.666,0.641,0.632,0.655,0.62,0.642,0.606,0.613,0.671,0.636,0.656,0.668,0.636,0.617,0.649,0.632,0.588,0.639,0.637,0.639,0.647,0.669,0.689,0.617,0.676,0.637,0.626,0.623,0.617,0.656,0.619,0.642,0.622,0.622,0.592,0.66,0.637,0.636,0.614,0.651,0.613,0.615,0.632,0.665,0.63,0.66,0.632,0.663,0.611,0.653,0.663,0.628,0.685,0.632,0.618,0.632,0.617,0.62,0.646,0.674,0.615,0.599,0.615,0.627,0.615,0.676,0.657,0.622,0.638,0.611,0.638,0.613,0.62,0.623,0.598
0.12	GEE	0.621,0.608,0.604,0.626,0.59,0.572,0.579,0.579,0.623,0.626,0.611,0.621,0.613,0.611,0.588,0.604,0.622,0.618,0.581,0.6,0.617,0.632,0.606,0.604,0.608,0.606,0.602,0.589,0.592,0.603,0.607,0.598,0.601,0.603,0.606,0.595,0.617,0.593,0.619,0.598,0.62,0.608,0.645,0.584,0.622,0.606,0.591,0.615,0.627,0.622,0.597,0.591,0.607,0.571,0.6,0.583,0.608,0.637,0.589,0.616,0.615,0.605,0.6,0.591,0.575,0.591,0.608,0.611,0.607,0.589,0.604,0.601,0.621,0.606,0.612,0.636,0.571,0.589,0.614,0.586,0.621,0.61,0.6,0.597,0.612,0.616,0.599,0.607,0.58,0.607,0.591,0.589,0.591,0.571,0.594,0.611,0.59,0.624,0.614,0.623,0.603,0.617,0.607,0.599,0.613,0.586,0.606,0.608,0.602,0.617,0.561,0.581,0.614,0.638,0.59,0.583,0.606,0.616,0.617,0.598,0.607,0.622,0.61,0.603,0.624,0.601,0.582,0.616,0.594,0.602,0.597,0.604,0.634,0.63,0.604,0.628,0.621,0.595,0.609,0.595,0.61,0.618,0.599,0.608,0.632,0.617,0.626,0.616,0.597,0.635,0.596,0.627,0.611,0.601,0.614,0.598,0.605,0.607,0.611,0.575,0.617,0.6,0.605,0.611,0.615,0.633,0.579,0.622,0.583,0.609,0.616,0.642,0.609,0.585,0.603,0.599,0.589,0.597,0.594,0.599,0.589,0.594,0.591,0.602,0.585,0.585,0.604,0.637,0.601,0.589,0.62,0.615,0.613,0.622,0.607,0.619,0.593,0.589,0.616,0.627
0.12	GNN	0.545,0.365,0.32,0.254,0.32,0.332,0.367,0.257,0.385,0.246,0.327,0.439,0.303,0.451,0.338,0.419,0.32,0.41,0.408,0.248,0.318,0.298,0.443,0.405,0.321,0.33,0.342,0.349,0.318,0.333,0.404,0.427,0.35,0.479,0.342,0.479,0.31,0.398,0.419,0.345,0.291,0.411,0.302,0.309,0.405,0.385,0.431,0.418,0.366,0.442,0.326,0.312,0.443,0.395,0.329,0.365,0.31,0.434,0.255,0.35,0.294,0.362,0.37,0.532,0.367,0.338,0.34,0.372,0.357,0.259,0.293,0.443,0.441,0.304,0.308,0.433,0.421,0.353,0.42,0.434,0.336,0.429,0.395,0.422,0.355,0.437,0.428,0.459,0.348,0.567,0.29,0.432,0.296,0.321,0.298,0.43,0.435,0.415,0.422,0.301,0.321,0.287,0.407,0.385,0.478,0.356,0.413,0.346,0.351,0.286,0.28,0.439,0.348,0.406,0.303,0.314,0.449,0.463,0.433,0.4,0.256,0.311,0.42,0.275,0.349,0.485,0.476,0.364,0.422,0.355,0.359,0.411,0.449,0.419,0.465,0.228,0.305,0.37,0.29,0.299,0.3,0.313,0.328,0.502,0.395,0.356,0.381,0.515,0.312,0.259,0.413,0.259,0.411,0.39,0.367,0.24,0.404,0.46,0.35,0.3,0.445,0.284,0.333,0.244,0.439,0.31,0.281,0.317,0.378,0.442,0.264,0.342,0.448,0.287,0.431,0.45,0.375,0.327,0.381,0.467,0.265,0.27,0.403,0.334,0.338,0.359,0.276,0.367,0.383,0.422,0.297,0.403,0.276,0.305,0.484,0.367,0.375,0.293,0.229,0.404
0.12	GG	0.628,0.62,0.628,0.653,0.582,0.61,0.585,0.577,0.629,0.643,0.605,0.625,0.589,0.603,0.581,0.562,0.601,0.62,0.584,0.561,0.623,0.632,0.602,0.597,0.595,0.597,0.575,0.587,0.586,0.6,0.603,0.579,0.624,0.629,0.61,0.599,0.622,0.614,0.602,0.629,0.608,0.611,0.636,0.616,0.599,0.609,0.59,0.604,0.592,0.603,0.556,0.608,0.592,0.573,0.574,0.571,0.598,0.64,0.594,0.611,0.587,0.63,0.619,0.609,0.583,0.556,0.639,0.603,0.624,0.617,0.616,0.607,0.649,0.56,0.608,0.623,0.506,0.563,0.636,0.591,0.654,0.639,0.593,0.576,0.626,0.577,0.62,0.619,0.542,0.607,0.589,0.631,0.614,0.541,0.571,0.603,0.568,0.625,0.597,0.63,0.628,0.581,0.619,0.629,0.602,0.574,0.601,0.644,0.608,0.614,0.55,0.595,0.614,0.61,0.545,0.533,0.607,0.603,0.634,0.593,0.609,0.594,0.628,0.582,0.585,0.626,0.573,0.563,0.619,0.615,0.621,0.609,0.607,0.627,0.621,0.591,0.644,0.586,0.602,0.624,0.625,0.589,0.587,0.622,0.643,0.647,0.62,0.64,0.592,0.649,0.607,0.626,0.59,0.601,0.636,0.594,0.616,0.6,0.585,0.566,0.594,0.62,0.615,0.525,0.607,0.577,0.576,0.619,0.608,0.597,0.615,0.632,0.623,0.57,0.604,0.615,0.598,0.637,0.59,0.547,0.628,0.636,0.602,0.622,0.615,0.568,0.577,0.6,0.597,0.568,0.633,0.66,0.588,0.588,0.606,0.607,0.606,0.594,0.615,0.612
0.12	GG2	0.636,0.621,0.639,0.654,0.589,0.611,0.588,0.581,0.634,0.649,0.625,0.627,0.596,0.617,0.593,0.604,0.619,0.622,0.582,0.608,0.625,0.639,0.615,0.604,0.605,0.602,0.586,0.588,0.583,0.617,0.623,0.601,0.637,0.626,0.615,0.603,0.629,0.627,0.609,0.633,0.621,0.614,0.639,0.619,0.607,0.607,0.613,0.624,0.619,0.628,0.59,0.616,0.612,0.577,0.605,0.589,0.607,0.651,0.607,0.617,0.606,0.629,0.619,0.616,0.602,0.561,0.64,0.597,0.631,0.612,0.628,0.629,0.647,0.6,0.626,0.647,0.524,0.576,0.638,0.597,0.646,0.641,0.603,0.587,0.637,0.578,0.619,0.61,0.579,0.612,0.61,0.627,0.618,0.545,0.586,0.623,0.588,0.629,0.612,0.641,0.615,0.618,0.633,0.63,0.624,0.596,0.613,0.642,0.641,0.623,0.567,0.599,0.623,0.653,0.546,0.541,0.617,0.627,0.659,0.604,0.606,0.612,0.618,0.581,0.602,0.63,0.591,0.599,0.62,0.621,0.611,0.613,0.627,0.645,0.631,0.617,0.643,0.592,0.608,0.637,0.617,0.604,0.607,0.628,0.643,0.641,0.633,0.648,0.606,0.648,0.608,0.658,0.609,0.617,0.63,0.613,0.611,0.613,0.607,0.595,0.609,0.614,0.617,0.608,0.602,0.615,0.592,0.615,0.612,0.602,0.622,0.653,0.625,0.581,0.616,0.618,0.619,0.619,0.594,0.589,0.632,0.638,0.615,0.638,0.616,0.567,0.605,0.617,0.608,0.585,0.638,0.661,0.6,0.598,0.619,0.621,0.611,0.605,0.632,0.615
0.14	GEE	0.574,0.531,0.55,0.55,0.535,0.508,0.535,0.532,0.568,0.542,0.499,0.556,0.506,0.582,0.564,0.515,0.545,0.536,0.562,0.505,0.534,0.564,0.545,0.513,0.527,0.565,0.575,0.559,0.532,0.55,0.566,0.525,0.525,0.545,0.542,0.553,0.537,0.558,0.525,0.543,0.544,0.547,0.548,0.503,0.548,0.556,0.505,0.536,0.566,0.496,0.547,0.57,0.528,0.539,0.569,0.52,0.571,0.554,0.53,0.543,0.534,0.549,0.529,0.524,0.52,0.555,0.547,0.549,0.529,0.541,0.557,0.548,0.533,0.544,0.524,0.527,0.547,0.526,0.567,0.488,0.533,0.528,0.53,0.557,0.508,0.546,0.523,0.546,0.51,0.529,0.522,0.542,0.515,0.511,0.542,0.506,0.529,0.555,0.54,0.535,0.529,0.518,0.547,0.549,0.55,0.547,0.557,0.528,0.544,0.572,0.525,0.544,0.532,0.548,0.553,0.546,0.566,0.525,0.551,0.586,0.534,0.537,0.531,0.541,0.551,0.534,0.529,0.537,0.533,0.553,0.556,0.541,0.536,0.54,0.552,0.509,0.541,0.559,0.554,0.529,0.524,0.518,0.564,0.541,0.57,0.534,0.549,0.504,0.551,0.529,0.525,0.563,0.519,0.53,0.525,0.513,0.526,0.538,0.517,0.53,0.525,0.524,0.544,0.544,0.591,0.537,0.53,0.537,0.528,0.528,0.547,0.541,0.553,0.529,0.526,0.562,0.547,0.516,0.543,0.545,0.497,0.522,0.539,0.534,0.542,0.534,0.56,0.558,0.527,0.521,0.562,0.546,0.551,0.56,0.506,0.529,0.521,0.554,0.54,0.539
0.14	GNN	0.475,0.353,0.294,0.224,0.262,0.349,0.341,0.262,0.36,0.247,0.288,0.396,0.292,0.41,0.311,0.369,0.318,0.36,0.368,0.253,0.31,0.272,0.423,0.36,0.278,0.316,0.288,0.333,0.286,0.321,0.34,0.372,0.346,0.422,0.293,0.387,0.311,0.408,0.384,0.316,0.294,0.379,0.296,0.303,0.364,0.328,0.424,0.391,0.347,0.377,0.296,0.331,0.357,0.364,0.326,0.327,0.296,0.42,0.268,0.303,0.309,0.337,0.369,0.479,0.361,0.329,0.334,0.331,0.318,0.244,0.267,0.414,0.384,0.25,0.289,0.358,0.403,0.304,0.408,0.382,0.347,0.39,0.407,0.388,0.352,0.338,0.378,0.412,0.354,0.491,0.27,0.369,0.279,0.278,0.292,0.379,0.415,0.377,0.381,0.287,0.314,0.293,0.391,0.353,0.433,0.302,0.376,0.312,0.329,0.249,0.284,0.349,0.359,0.353,0.255,0.307,0.397,0.427,0.409,0.363,0.226,0.307,0.377,0.265,0.314,0.473,0.418,0.357,0.362,0.326,0.33,0.348,0.394,0.379,0.421,0.26,0.287,0.352,0.275,0.307,0.304,0.322,0.277,0.431,0.345,0.314,0.321,0.47,0.302,0.239,0.39,0.268,0.366,0.317,0.33,0.244,0.393,0.435,0.318,0.307,0.388,0.262,0.323,0.228,0.404,0.274,0.284,0.307,0.358,0.379,0.261,0.306,0.392,0.272,0.401,0.402,0.337,0.347,0.336,0.418,0.26,0.238,0.351,0.319,0.3,0.386,0.254,0.334,0.346,0.38,0.281,0.35,0.303,0.308,0.41,0.326,0.319,0.312,0.259,0.388
0.14	GG	0.563,0.566,0.55,0.546,0.481,0.56,0.553,0.531,0.586,0.562,0.516,0.538,0.523,0.576,0.559,0.492,0.535,0.543,0.573,0.515,0.556,0.56,0.516,0.527,0.511,0.54,0.53,0.536,0.501,0.561,0.534,0.527,0.532,0.574,0.528,0.545,0.535,0.591,0.511,0.551,0.552,0.525,0.546,0.529,0.537,0.558,0.535,0.56,0.525,0.527,0.52,0.571,0.523,0.525,0.558,0.508,0.539,0.553,0.521,0.546,0.515,0.555,0.548,0.541,0.524,0.527,0.569,0.511,0.557,0.556,0.576,0.563,0.547,0.521,0.541,0.535,0.48,0.536,0.587,0.505,0.538,0.527,0.546,0.518,0.539,0.506,0.542,0.558,0.499,0.521,0.512,0.558,0.553,0.519,0.507,0.542,0.503,0.56,0.514,0.518,0.564,0.525,0.568,0.573,0.557,0.525,0.543,0.577,0.542,0.588,0.513,0.521,0.56,0.531,0.518,0.529,0.55,0.538,0.578,0.529,0.519,0.535,0.559,0.524,0.514,0.571,0.537,0.496,0.571,0.548,0.545,0.532,0.535,0.572,0.555,0.525,0.578,0.542,0.547,0.563,0.524,0.516,0.548,0.557,0.562,0.547,0.534,0.554,0.563,0.566,0.563,0.561,0.508,0.54,0.556,0.533,0.562,0.558,0.518,0.506,0.536,0.557,0.539,0.533,0.595,0.512,0.53,0.526,0.559,0.521,0.556,0.529,0.557,0.513,0.542,0.554,0.534,0.557,0.542,0.495,0.539,0.566,0.518,0.54,0.553,0.535,0.543,0.541,0.528,0.521,0.579,0.564,0.539,0.545,0.512,0.499,0.547,0.556,0.551,0.543
0.14	GG2	0.571,0.561,0.567,0.583,0.496,0.554,0.564,0.526,0.592,0.568,0.518,0.539,0.521,0.588,0.574,0.502,0.546,0.535,0.576,0.529,0.557,0.563,0.564,0.538,0.522,0.554,0.552,0.542,0.534,0.557,0.566,0.536,0.533,0.587,0.557,0.549,0.539,0.591,0.526,0.542,0.557,0.54,0.565,0.528,0.551,0.573,0.553,0.56,0.558,0.54,0.545,0.576,0.537,0.576,0.564,0.542,0.565,0.545,0.527,0.554,0.544,0.558,0.552,0.545,0.546,0.54,0.575,0.523,0.553,0.539,0.58,0.559,0.568,0.549,0.56,0.538,0.505,0.537,0.588,0.513,0.538,0.535,0.559,0.527,0.545,0.518,0.559,0.552,0.504,0.516,0.537,0.564,0.558,0.533,0.521,0.548,0.513,0.556,0.533,0.516,0.555,0.527,0.566,0.577,0.572,0.534,0.554,0.586,0.573,0.592,0.53,0.528,0.568,0.536,0.534,0.552,0.581,0.529,0.589,0.547,0.55,0.558,0.56,0.516,0.533,0.568,0.547,0.52,0.583,0.556,0.565,0.543,0.547,0.573,0.555,0.535,0.581,0.542,0.555,0.565,0.514,0.528,0.56,0.563,0.568,0.56,0.543,0.55,0.576,0.571,0.556,0.551,0.51,0.541,0.573,0.532,0.563,0.559,0.547,0.509,0.54,0.539,0.552,0.542,0.595,0.534,0.541,0.543,0.573,0.528,0.562,0.546,0.559,0.528,0.551,0.568,0.553,0.558,0.545,0.53,0.527,0.571,0.528,0.553,0.572,0.533,0.537,0.56,0.535,0.541,0.581,0.565,0.545,0.559,0.525,0.526,0.546,0.555,0.562,0.55
0.16	GEE	0.507,0.516,0.514,0.517,0.489,0.516,0.513,0.468,0.488,0.464,0.495,0.53,0.494,0.536,0.501,0.487,0.474,0.491,0.543,0.509,0.51,0.465,0.505,0.493,0.526,0.513,0.509,0.501,0.525,0.485,0.536,0.481,0.493,0.493,0.5,0.482,0.488,0.503,0.49,0.498,0.488,0.511,0.495,0.504,0.519,0.5,0.472,0.5,0.549,0.511,0.492,0.516,0.529,0.513,0.493,0.491,0.532,0.513,0.492,0.505,0.495,0.529,0.528,0.545,0.49,0.488,0.517,0.509,0.474,0.493,0.495,0.521,0.487,0.491,0.507,0.503,0.467,0.462,0.505,0.482,0.478,0.504,0.498,0.501,0.496,0.509,0.481,0.504,0.478,0.497,0.504,0.479,0.465,0.474,0.517,0.481,0.535,0.522,0.532,0.516,0.507,0.487,0.54,0.547,0.492,0.494,0.505,0.504,0.519,0.51,0.515,0.493,0.508,0.501,0.498,0.483,0.509,0.491,0.515,0.512,0.508,0.541,0.541,0.518,0.506,0.478,0.512,0.493,0.477,0.467,0.488,0.532,0.486,0.497,0.49,0.503,0.52,0.528,0.518,0.483,0.541,0.523,0.52,0.514,0.508,0.517,0.519,0.522,0.485,0.451,0.502,0.543,0.488,0.507,0.501,0.5,0.483,0.514,0.512,0.497,0.507,0.535,0.486,0.486,0.53,0.543,0.508,0.473,0.496,0.511,0.527,0.472,0.491,0.499,0.523,0.524,0.534,0.492,0.516,0.473,0.493,0.497,0.487,0.48,0.5,0.502,0.495,0.492,0.464,0.489,0.505,0.521,0.52,0.537,0.488,0.493,0.538,0.463,0.476,0.471
0.16	GNN	0.465,0.352,0.289,0.238,0.255,0.323,0.325,0.254,0.336,0.249,0.289,0.362,0.282,0.402,0.299,0.36,0.289,0.36,0.383,0.273,0.284,0.256,0.416,0.315,0.28,0.317,0.313,0.314,0.319,0.298,0.329,0.375,0.325,0.402,0.295,0.388,0.292,0.394,0.385,0.291,0.283,0.357,0.273,0.276,0.354,0.34,0.378,0.36,0.33,0.334,0.298,0.303,0.365,0.324,0.292,0.367,0.287,0.404,0.253,0.275,0.262,0.343,0.341,0.425,0.345,0.289,0.314,0.3,0.326,0.245,0.26,0.406,0.366,0.246,0.263,0.343,0.381,0.303,0.371,0.4,0.326,0.374,0.357,0.391,0.322,0.366,0.364,0.399,0.312,0.481,0.263,0.372,0.271,0.252,0.242,0.36,0.406,0.349,0.315,0.289,0.295,0.269,0.377,0.333,0.409,0.284,0.318,0.297,0.294,0.251,0.271,0.349,0.326,0.329,0.259,0.322,0.38,0.402,0.383,0.351,0.222,0.284,0.371,0.272,0.303,0.413,0.411,0.356,0.346,0.307,0.314,0.352,0.398,0.372,0.412,0.239,0.29,0.342,0.252,0.291,0.269,0.289,0.274,0.38,0.329,0.341,0.377,0.41,0.275,0.229,0.379,0.271,0.369,0.347,0.324,0.225,0.354,0.387,0.299,0.324,0.392,0.227,0.303,0.236,0.386,0.276,0.312,0.287,0.357,0.411,0.241,0.292,0.395,0.295,0.373,0.385,0.355,0.311,0.343,0.419,0.25,0.262,0.352,0.259,0.331,0.327,0.244,0.332,0.314,0.367,0.278,0.355,0.277,0.324,0.407,0.316,0.352,0.289,0.251,0.341
0.16	GG	0.518,0.542,0.507,0.511,0.483,0.518,0.509,0.489,0.517,0.491,0.491,0.54,0.496,0.546,0.517,0.463,0.479,0.495,0.525,0.509,0.507,0.49,0.514,0.463,0.502,0.514,0.501,0.468,0.49,0.519,0.528,0.466,0.518,0.514,0.517,0.49,0.497,0.528,0.484,0.511,0.474,0.484,0.512,0.492,0.509,0.498,0.47,0.475,0.483,0.523,0.493,0.518,0.513,0.535,0.487,0.506,0.516,0.515,0.492,0.514,0.46,0.523,0.535,0.542,0.495,0.468,0.54,0.506,0.485,0.509,0.502,0.512,0.544,0.479,0.526,0.52,0.453,0.485,0.495,0.478,0.487,0.515,0.497,0.492,0.512,0.496,0.514,0.503,0.462,0.501,0.504,0.506,0.503,0.466,0.509,0.507,0.517,0.516,0.509,0.513,0.525,0.494,0.539,0.538,0.5,0.506,0.505,0.532,0.516,0.506,0.488,0.509,0.524,0.515,0.462,0.441,0.53,0.479,0.526,0.481,0.519,0.492,0.54,0.501,0.471,0.52,0.496,0.491,0.494,0.494,0.509,0.517,0.501,0.53,0.505,0.499,0.527,0.522,0.504,0.514,0.523,0.503,0.504,0.524,0.506,0.528,0.529,0.535,0.496,0.517,0.524,0.542,0.472,0.497,0.53,0.51,0.488,0.498,0.486,0.473,0.501,0.545,0.497,0.488,0.515,0.515,0.478,0.501,0.508,0.473,0.536,0.482,0.525,0.487,0.51,0.507,0.526,0.529,0.507,0.452,0.518,0.522,0.498,0.517,0.513,0.478,0.483,0.478,0.472,0.49,0.528,0.545,0.514,0.52,0.477,0.484,0.519,0.494,0.507,0.471
0.16	GG2	0.535,0.534,0.506,0.523,0.482,0.541,0.512,0.485,0.524,0.498,0.488,0.543,0.497,0.55,0.529,0.484,0.48,0.509,0.541,0.52,0.51,0.501,0.536,0.501,0.516,0.522,0.511,0.495,0.494,0.524,0.541,0.461,0.517,0.509,0.5,0.482,0.505,0.524,0.484,0.509,0.485,0.503,0.514,0.504,0.513,0.507,0.471,0.507,0.528,0.506,0.498,0.53,0.523,0.525,0.501,0.508,0.526,0.518,0.507,0.515,0.483,0.532,0.544,0.552,0.505,0.479,0.54,0.506,0.493,0.499,0.501,0.523,0.545,0.511,0.525,0.524,0.468,0.491,0.503,0.497,0.504,0.515,0.511,0.494,0.507,0.509,0.52,0.519,0.465,0.516,0.521,0.503,0.501,0.478,0.524,0.506,0.529,0.516,0.536,0.511,0.519,0.515,0.54,0.533,0.5,0.505,0.522,0.535,0.522,0.513,0.51,0.516,0.521,0.506,0.471,0.446,0.541,0.498,0.546,0.506,0.51,0.542,0.54,0.51,0.499,0.515,0.512,0.511,0.498,0.484,0.532,0.531,0.5,0.547,0.524,0.5,0.53,0.523,0.506,0.521,0.532,0.501,0.515,0.528,0.51,0.531,0.512,0.545,0.504,0.501,0.512,0.55,0.503,0.509,0.545,0.514,0.493,0.503,0.49,0.478,0.497,0.54,0.502,0.497,0.521,0.533,0.5,0.503,0.511,0.495,0.541,0.491,0.517,0.483,0.512,0.522,0.535,0.514,0.51,0.464,0.502,0.522,0.489,0.504,0.515,0.521,0.492,0.486,0.474,0.492,0.536,0.54,0.51,0.517,0.487,0.495,0.527,0.488,0.516,0.473
0.18	GEE	0.484,0.459,0.461,0.468,0.429,0.438,0.479,0.45,0.426,0.469,0.424,0.504,0.446,0.437,0.482,0.462,0.46,0.453,0.457,0.451,0.441,0.446,0.427,0.437,0.43,0.482,0.466,0.474,0.471,0.47,0.481,0.49,0.467,0.446,0.458,0.464,0.463,0.463,0.459,0.484,0.445,0.43,0.473,0.451,0.474,0.453,0.454,0.455,0.48,0.486,0.495,0.46,0.473,0.466,0.438,0.464,0.427,0.452,0.473,0.478,0.451,0.497,0.464,0.465,0.449,0.482,0.474,0.465,0.451,0.41,0.487,0.489,0.494,0.483,0.478,0.452,0.458,0.448,0.44,0.448,0.497,0.477,0.455,0.439,0.451,0.473,0.451,0.425,0.425,0.448,0.432,0.474,0.448,0.485,0.438,0.428,0.479,0.492,0.449,0.471,0.456,0.459,0.484,0.47,0.435,0.455,0.454,0.456,0.464,0.48,0.447,0.454,0.473,0.467,0.468,0.477,0.471,0.481,0.456,0.473,0.447,0.487,0.469,0.469,0.496,0.447,0.455,0.458,0.472,0.495,0.445,0.436,0.477,0.455,0.454,0.476,0.459,0.469,0.465,0.461,0.462,0.45,0.46,0.457,0.466,0.472,0.477,0.452,0.476,0.468,0.425,0.493,0.482,0.485,0.465,0.485,0.472,0.461,0.487,0.448,0.51,0.453,0.436,0.473,0.485,0.466,0.457,0.445,0.467,0.478,0.48,0.456,0.467,0.471,0.465,0.493,0.48,0.438,0.472,0.449,0.478,0.442,0.484,0.455,0.45,0.416,0.458,0.481,0.47,0.446,0.474,0.479,0.478,0.486,0.491,0.476,0.477,0.444,0.456,0.473
0.18	GNN	0.411,0.322,0.277,0.229,0.265,0.31,0.364,0.241,0.327,0.261,0.302,0.349,0.275,0.37,0.284,0.323,0.287,0.338,0.343,0.251,0.311,0.268,0.389,0.349,0.297,0.29,0.299,0.289,0.29,0.317,0.332,0.345,0.34,0.384,0.305,0.369,0.311,0.379,0.361,0.321,0.284,0.364,0.292,0.276,0.378,0.332,0.36,0.378,0.313,0.342,0.317,0.293,0.339,0.342,0.303,0.337,0.265,0.373,0.248,0.28,0.278,0.36,0.321,0.424,0.325,0.293,0.324,0.293,0.313,0.275,0.263,0.356,0.346,0.258,0.252,0.335,0.378,0.326,0.343,0.385,0.334,0.349,0.332,0.362,0.324,0.348,0.353,0.389,0.331,0.44,0.273,0.349,0.275,0.262,0.28,0.362,0.401,0.314,0.281,0.296,0.253,0.275,0.36,0.361,0.376,0.299,0.314,0.319,0.285,0.262,0.256,0.338,0.343,0.326,0.272,0.315,0.359,0.392,0.356,0.341,0.27,0.266,0.382,0.261,0.314,0.44,0.392,0.323,0.353,0.314,0.298,0.334,0.362,0.373,0.384,0.221,0.267,0.345,0.252,0.275,0.277,0.307,0.276,0.374,0.352,0.292,0.319,0.38,0.28,0.233,0.328,0.282,0.316,0.319,0.317,0.254,0.349,0.4,0.311,0.306,0.371,0.258,0.294,0.235,0.35,0.283,0.28,0.3,0.333,0.359,0.238,0.31,0.398,0.295,0.379,0.35,0.346,0.308,0.331,0.389,0.256,0.252,0.352,0.276,0.316,0.314,0.256,0.337,0.338,0.351,0.262,0.345,0.293,0.307,0.364,0.32,0.337,0.289,0.277,0.358
0.18	GG	0.488,0.454,0.44,0.473,0.416,0.445,0.45,0.433,0.475,0.473,0.447,0.487,0.46,0.477,0.481,0.415,0.466,0.475,0.459,0.449,0.479,0.476,0.447,0.447,0.439,0.458,0.459,0.458,0.432,0.47,0.445,0.483,0.462,0.45,0.472,0.463,0.466,0.477,0.463,0.489,0.467,0.438,0.469,0.45,0.48,0.475,0.466,0.477,0.432,0.492,0.447,0.453,0.478,0.461,0.454,0.455,0.427,0.453,0.483,0.499,0.427,0.446,0.494,0.477,0.451,0.433,0.497,0.489,0.475,0.458,0.483,0.475,0.503,0.468,0.456,0.479,0.422,0.466,0.439,0.444,0.476,0.478,0.463,0.443,0.455,0.459,0.462,0.453,0.436,0.469,0.436,0.479,0.453,0.451,0.435,0.447,0.459,0.489,0.44,0.461,0.5,0.439,0.492,0.499,0.436,0.452,0.445,0.478,0.455,0.498,0.45,0.455,0.481,0.482,0.447,0.434,0.46,0.451,0.49,0.448,0.491,0.47,0.449,0.466,0.46,0.476,0.445,0.452,0.508,0.451,0.473,0.448,0.446,0.473,0.452,0.468,0.475,0.457,0.446,0.494,0.43,0.421,0.456,0.467,0.465,0.503,0.49,0.484,0.466,0.48,0.462,0.499,0.456,0.476,0.454,0.468,0.455,0.456,0.462,0.448,0.487,0.476,0.464,0.457,0.48,0.456,0.46,0.455,0.499,0.474,0.465,0.445,0.465,0.444,0.468,0.485,0.507,0.457,0.469,0.405,0.481,0.47,0.489,0.468,0.452,0.394,0.469,0.484,0.438,0.442,0.482,0.486,0.499,0.481,0.456,0.44,0.478,0.457,0.458,0.453
0.18	GG2	0.486,0.459,0.452,0.476,0.432,0.458,0.456,0.464,0.479,0.478,0.448,0.501,0.474,0.466,0.478,0.451,0.473,0.487,0.467,0.447,0.463,0.47,0.44,0.467,0.449,0.473,0.474,0.467,0.456,0.48,0.478,0.486,0.472,0.459,0.474,0.464,0.483,0.489,0.463,0.493,0.466,0.408,0.472,0.455,0.484,0.477,0.48,0.472,0.471,0.496,0.484,0.453,0.481,0.453,0.467,0.476,0.449,0.454,0.485,0.513,0.437,0.485,0.49,0.48,0.478,0.468,0.49,0.491,0.468,0.447,0.49,0.488,0.506,0.486,0.479,0.48,0.425,0.487,0.449,0.449,0.492,0.489,0.481,0.459,0.476,0.46,0.468,0.436,0.443,0.462,0.443,0.477,0.479,0.504,0.444,0.468,0.472,0.493,0.46,0.483,0.499,0.463,0.495,0.502,0.459,0.454,0.457,0.479,0.456,0.5,0.459,0.466,0.488,0.49,0.457,0.468,0.486,0.485,0.483,0.469,0.468,0.479,0.46,0.456,0.486,0.485,0.451,0.469,0.521,0.495,0.475,0.467,0.467,0.483,0.462,0.471,0.507,0.456,0.484,0.494,0.439,0.45,0.472,0.47,0.471,0.5,0.482,0.49,0.478,0.48,0.471,0.497,0.481,0.485,0.47,0.47,0.471,0.437,0.468,0.472,0.491,0.468,0.444,0.452,0.479,0.48,0.466,0.456,0.51,0.482,0.475,0.47,0.482,0.446,0.474,0.501,0.498,0.467,0.47,0.447,0.479,0.477,0.493,0.487,0.468,0.406,0.47,0.488,0.434,0.423,0.483,0.49,0.51,0.485,0.454,0.478,0.473,0.46,0.473,0.454
0.2	GEE	0.459,0.455,0.457,0.439,0.401,0.428,0.438,0.411,0.437,0.422,0.394,0.452,0.43,0.441,0.437,0.4,0.429,0.425,0.418,0.43,0.427,0.436,0.451,0.455,0.442,0.459,0.438,0.42,0.416,0.427,0.429,0.417,0.436,0.427,0.418,0.415,0.447,0.464,0.452,0.438,0.437,0.433,0.423,0.406,0.423,0.414,0.42,0.432,0.418,0.432,0.445,0.44,0.403,0.437,0.461,0.423,0.444,0.429,0.425,0.461,0.434,0.461,0.445,0.439,0.411,0.453,0.464,0.464,0.389,0.425,0.454,0.432,0.44,0.465,0.423,0.443,0.417,0.415,0.438,0.438,0.421,0.448,0.434,0.448,0.398,0.416,0.434,0.44,0.424,0.429,0.4,0.435,0.408,0.423,0.424,0.424,0.453,0.481,0.455,0.401,0.448,0.434,0.447,0.468,0.423,0.398,0.441,0.433,0.444,0.433,0.441,0.45,0.433,0.417,0.433,0.433,0.436,0.463,0.469,0.462,0.394,0.442,0.421,0.46,0.443,0.405,0.422,0.423,0.394,0.436,0.412,0.412,0.437,0.437,0.404,0.448,0.433,0.438,0.474,0.448,0.434,0.428,0.448,0.421,0.42,0.44,0.438,0.441,0.421,0.435,0.42,0.407,0.398,0.431,0.447,0.453,0.429,0.429,0.444,0.458,0.437,0.424,0.412,0.424,0.444,0.422,0.418,0.436,0.448,0.427,0.443,0.427,0.475,0.448,0.445,0.436,0.426,0.428,0.447,0.436,0.417,0.423,0.403,0.42,0.429,0.405,0.436,0.44,0.436,0.442,0.449,0.428,0.436,0.433,0.442,0.43,0.402,0.388,0.413,0.444
0.2	GNN	0.417,0.321,0.286,0.246,0.26,0.273,0.304,0.252,0.356,0.266,0.275,0.342,0.285,0.358,0.275,0.315,0.279,0.319,0.336,0.263,0.279,0.275,0.364,0.29,0.302,0.285,0.307,0.294,0.289,0.302,0.34,0.338,0.329,0.38,0.267,0.359,0.273,0.374,0.364,0.315,0.254,0.373,0.288,0.284,0.354,0.304,0.384,0.352,0.324,0.342,0.284,0.286,0.354,0.365,0.324,0.323,0.226,0.362,0.26,0.32,0.286,0.317,0.326,0.362,0.292,0.313,0.304,0.28,0.291,0.269,0.263,0.39,0.339,0.259,0.24,0.33,0.365,0.313,0.356,0.356,0.318,0.355,0.303,0.351,0.316,0.311,0.337,0.369,0.307,0.399,0.29,0.343,0.289,0.253,0.29,0.354,0.356,0.326,0.305,0.283,0.287,0.253,0.352,0.325,0.369,0.265,0.306,0.294,0.29,0.276,0.26,0.332,0.318,0.323,0.285,0.281,0.337,0.35,0.357,0.32,0.242,0.274,0.339,0.295,0.299,0.375,0.354,0.328,0.355,0.315,0.263,0.305,0.337,0.33,0.381,0.272,0.287,0.33,0.262,0.253,0.271,0.299,0.269,0.351,0.332,0.296,0.337,0.338,0.308,0.228,0.355,0.273,0.339,0.328,0.3,0.258,0.347,0.369,0.32,0.284,0.368,0.237,0.306,0.231,0.331,0.249,0.323,0.27,0.35,0.368,0.253,0.274,0.34,0.282,0.346,0.359,0.319,0.305,0.305,0.381,0.232,0.225,0.335,0.276,0.309,0.309,0.254,0.335,0.297,0.328,0.273,0.329,0.3,0.293,0.337,0.312,0.343,0.297,0.261,0.347
0.2	GG	0.46,0.453,0.435,0.433,0.407,0.431,0.428,0.41,0.466,0.434,0.417,0.46,0.442,0.48,0.445,0.363,0.422,0.454,0.445,0.424,0.439,0.467,0.434,0.45,0.439,0.444,0.422,0.41,0.411,0.429,0.416,0.418,0.437,0.456,0.455,0.409,0.41,0.478,0.451,0.449,0.433,0.409,0.437,0.374,0.421,0.455,0.424,0.427,0.434,0.425,0.42,0.443,0.405,0.411,0.453,0.414,0.442,0.414,0.428,0.433,0.419,0.397,0.437,0.443,0.445,0.433,0.467,0.438,0.429,0.451,0.455,0.431,0.472,0.458,0.428,0.459,0.374,0.446,0.435,0.421,0.432,0.445,0.421,0.433,0.428,0.433,0.435,0.392,0.418,0.431,0.415,0.429,0.425,0.417,0.415,0.429,0.435,0.466,0.442,0.421,0.462,0.413,0.455,0.387,0.395,0.416,0.437,0.432,0.441,0.428,0.421,0.428,0.462,0.424,0.396,0.394,0.424,0.417,0.486,0.451,0.399,0.432,0.443,0.439,0.41,0.427,0.393,0.423,0.414,0.446,0.421,0.409,0.408,0.453,0.434,0.435,0.424,0.427,0.433,0.462,0.417,0.428,0.422,0.462,0.42,0.449,0.456,0.47,0.42,0.45,0.444,0.434,0.41,0.414,0.445,0.463,0.438,0.432,0.42,0.429,0.429,0.439,0.422,0.415,0.458,0.43,0.416,0.446,0.46,0.428,0.459,0.439,0.442,0.418,0.437,0.439,0.435,0.464,0.433,0.389,0.442,0.445,0.412,0.435,0.429,0.425,0.427,0.42,0.428,0.442,0.441,0.45,0.436,0.43,0.423,0.404,0.44,0.437,0.454,0.424
0.2	GG2	0.469,0.453,0.464,0.44,0.403,0.464,0.431,0.429,0.456,0.445,0.423,0.474,0.448,0.477,0.438,0.42,0.425,0.451,0.427,0.433,0.442,0.473,0.441,0.444,0.459,0.455,0.429,0.41,0.423,0.435,0.457,0.422,0.444,0.454,0.447,0.413,0.445,0.479,0.455,0.456,0.454,0.424,0.439,0.392,0.428,0.462,0.421,0.435,0.441,0.438,0.439,0.453,0.412,0.435,0.449,0.436,0.452,0.445,0.442,0.458,0.435,0.46,0.464,0.455,0.459,0.455,0.457,0.44,0.446,0.455,0.462,0.437,0.472,0.459,0.454,0.467,0.4,0.448,0.435,0.441,0.427,0.442,0.433,0.45,0.438,0.446,0.446,0.424,0.424,0.447,0.42,0.436,0.429,0.431,0.429,0.428,0.465,0.475,0.439,0.424,0.46,0.452,0.455,0.485,0.399,0.409,0.452,0.43,0.465,0.438,0.436,0.427,0.465,0.417,0.409,0.424,0.43,0.439,0.501,0.463,0.399,0.443,0.44,0.448,0.439,0.431,0.416,0.45,0.436,0.449,0.441,0.438,0.433,0.473,0.447,0.433,0.446,0.431,0.482,0.469,0.432,0.436,0.442,0.458,0.447,0.455,0.455,0.463,0.423,0.464,0.444,0.436,0.413,0.424,0.463,0.463,0.434,0.426,0.437,0.466,0.427,0.422,0.432,0.419,0.451,0.436,0.427,0.455,0.464,0.423,0.46,0.474,0.458,0.435,0.455,0.445,0.449,0.48,0.441,0.424,0.442,0.446,0.415,0.438,0.438,0.419,0.431,0.426,0.436,0.437,0.45,0.45,0.445,0.44,0.434,0.425,0.445,0.437,0.453,0.425
0.22	GEE	0.419,0.406,0.384,0.399,0.386,0.402,0.404,0.404,0.409,0.425,0.404,0.383,0.412,0.417,0.392,0.415,0.362,0.409,0.391,0.409,0.4,0.392,0.431,0.409,0.39,0.422,0.393,0.399,0.404,0.392,0.42,0.391,0.42,0.428,0.386,0.399,0.403,0.372,0.402,0.437,0.387,0.363,0.406,0.41,0.395,0.413,0.404,0.417,0.433,0.432,0.382,0.399,0.393,0.393,0.41,0.38,0.396,0.392,0.418,0.416,0.396,0.387,0.404,0.41,0.376,0.417,0.428,0.438,0.392,0.397,0.431,0.42,0.403,0.394,0.424,0.378,0.4,0.415,0.436,0.401,0.388,0.411,0.386,0.391,0.407,0.398,0.429,0.412,0.411,0.398,0.374,0.427,0.397,0.391,0.398,0.352,0.42,0.408,0.418,0.405,0.415,0.401,0.407,0.432,0.403,0.399,0.4,0.378,0.415,0.398,0.399,0.376,0.427,0.419,0.419,0.382,0.414,0.458,0.414,0.412,0.445,0.455,0.402,0.405,0.412,0.402,0.388,0.409,0.393,0.415,0.388,0.371,0.387,0.405,0.416,0.396,0.416,0.392,0.428,0.404,0.417,0.411,0.414,0.41,0.411,0.385,0.39,0.421,0.38,0.384,0.4,0.424,0.393,0.41,0.377,0.381,0.43,0.431,0.424,0.407,0.372,0.404,0.417,0.409,0.419,0.371,0.407,0.403,0.428,0.408,0.42,0.401,0.406,0.423,0.4,0.421,0.4,0.382,0.398,0.419,0.404,0.38,0.381,0.414,0.367,0.391,0.412,0.435,0.404,0.427,0.381,0.404,0.405,0.426,0.392,0.412,0.433,0.378,0.377,0.385
0.22	GNN	0.38,0.302,0.317,0.234,0.25,0.301,0.313,0.252,0.321,0.28,0.244,0.357,0.276,0.355,0.282,0.322,0.264,0.303,0.334,0.259,0.28,0.251,0.354,0.309,0.288,0.288,0.268,0.258,0.286,0.32,0.324,0.34,0.3,0.349,0.282,0.341,0.307,0.358,0.321,0.298,0.265,0.35,0.299,0.291,0.341,0.295,0.34,0.321,0.321,0.323,0.274,0.299,0.299,0.33,0.303,0.285,0.282,0.351,0.256,0.28,0.28,0.318,0.303,0.365,0.301,0.283,0.291,0.287,0.298,0.234,0.243,0.358,0.312,0.278,0.268,0.267,0.356,0.292,0.33,0.353,0.303,0.343,0.309,0.313,0.311,0.315,0.316,0.36,0.283,0.412,0.288,0.33,0.266,0.271,0.269,0.333,0.35,0.302,0.289,0.287,0.287,0.269,0.33,0.29,0.334,0.304,0.306,0.312,0.335,0.264,0.241,0.303,0.315,0.305,0.28,0.284,0.337,0.322,0.349,0.333,0.227,0.284,0.333,0.242,0.315,0.359,0.364,0.297,0.316,0.278,0.272,0.289,0.355,0.338,0.341,0.249,0.275,0.319,0.256,0.281,0.269,0.289,0.272,0.381,0.31,0.289,0.316,0.332,0.28,0.24,0.307,0.281,0.32,0.324,0.267,0.247,0.37,0.372,0.307,0.306,0.347,0.234,0.273,0.227,0.356,0.278,0.284,0.285,0.318,0.361,0.259,0.284,0.364,0.265,0.332,0.352,0.314,0.304,0.294,0.34,0.279,0.246,0.337,0.294,0.316,0.318,0.253,0.329,0.296,0.342,0.287,0.309,0.28,0.285,0.351,0.311,0.319,0.275,0.268,0.329
0.22	GG	0.432,0.397,0.371,0.372,0.39,0.406,0.383,0.365,0.428,0.433,0.399,0.408,0.386,0.449,0.402,0.382,0.392,0.399,0.414,0.399,0.437,0.399,0.413,0.41,0.372,0.433,0.41,0.375,0.401,0.396,0.397,0.41,0.417,0.418,0.425,0.396,0.368,0.404,0.408,0.436,0.394,0.359,0.391,0.365,0.381,0.424,0.391,0.411,0.426,0.426,0.358,0.417,0.397,0.372,0.407,0.375,0.371,0.402,0.41,0.359,0.382,0.362,0.406,0.405,0.405,0.4,0.419,0.431,0.422,0.414,0.426,0.424,0.396,0.404,0.411,0.417,0.375,0.433,0.407,0.388,0.391,0.411,0.401,0.393,0.399,0.41,0.389,0.42,0.385,0.39,0.399,0.421,0.407,0.376,0.411,0.399,0.406,0.434,0.402,0.398,0.428,0.381,0.432,0.416,0.416,0.405,0.392,0.378,0.408,0.404,0.398,0.409,0.424,0.421,0.396,0.393,0.41,0.427,0.421,0.393,0.431,0.439,0.409,0.388,0.389,0.421,0.379,0.39,0.397,0.416,0.405,0.392,0.374,0.418,0.406,0.387,0.429,0.389,0.418,0.419,0.401,0.399,0.392,0.438,0.401,0.405,0.407,0.436,0.392,0.412,0.408,0.437,0.391,0.393,0.393,0.391,0.408,0.423,0.391,0.385,0.368,0.423,0.419,0.384,0.421,0.381,0.327,0.422,0.452,0.405,0.407,0.363,0.43,0.384,0.4,0.393,0.416,0.403,0.407,0.385,0.413,0.401,0.389,0.403,0.379,0.377,0.413,0.411,0.401,0.416,0.402,0.424,0.435,0.415,0.379,0.394,0.442,0.399,0.374,0.39
0.22	GG2	0.441,0.41,0.373,0.408,0.384,0.429,0.398,0.403,0.44,0.432,0.389,0.397,0.397,0.453,0.415,0.411,0.397,0.429,0.417,0.408,0.448,0.383,0.405,0.407,0.401,0.431,0.389,0.386,0.408,0.403,0.425,0.405,0.42,0.421,0.422,0.409,0.385,0.409,0.405,0.439,0.39,0.386,0.392,0.414,0.405,0.424,0.411,0.421,0.433,0.427,0.384,0.417,0.403,0.401,0.403,0.391,0.403,0.397,0.423,0.415,0.396,0.38,0.432,0.405,0.395,0.41,0.403,0.434,0.41,0.41,0.424,0.434,0.413,0.422,0.418,0.425,0.395,0.434,0.431,0.382,0.392,0.414,0.4,0.385,0.421,0.432,0.425,0.428,0.387,0.392,0.412,0.432,0.415,0.387,0.394,0.389,0.417,0.438,0.414,0.401,0.429,0.409,0.437,0.429,0.425,0.404,0.397,0.393,0.432,0.393,0.419,0.41,0.423,0.423,0.417,0.401,0.414,0.465,0.423,0.403,0.447,0.444,0.412,0.399,0.424,0.439,0.39,0.407,0.409,0.406,0.415,0.395,0.385,0.424,0.416,0.396,0.448,0.383,0.43,0.438,0.415,0.398,0.416,0.435,0.42,0.411,0.397,0.439,0.396,0.405,0.4,0.424,0.398,0.401,0.425,0.391,0.42,0.431,0.398,0.394,0.382,0.428,0.428,0.413,0.425,0.388,0.407,0.423,0.464,0.409,0.415,0.4,0.436,0.421,0.4,0.423,0.425,0.404,0.413,0.411,0.415,0.408,0.389,0.394,0.4,0.389,0.409,0.411,0.408,0.422,0.403,0.427,0.442,0.421,0.395,0.397,0.457,0.413,0.378,0.401
0.24	GEE	0.368,0.359,0.379,0.357,0.358,0.381,0.38,0.363,0.371,0.33,0.34,0.406,0.373,0.376,0.367,0.328,0.362,0.334,0.347,0.348,0.374,0.348,0.388,0.379,0.366,0.356,0.35,0.368,0.365,0.37,0.381,0.369,0.366,0.363,0.39,0.352,0.367,0.379,0.371,0.377,0.372,0.35,0.359,0.35,0.341,0.332,0.37,0.367,0.365,0.373,0.381,0.375,0.367,0.379,0.37,0.366,0.368,0.384,0.37,0.376,0.371,0.389,0.368,0.39,0.365,0.386,0.393,0.376,0.392,0.335,0.387,0.358,0.395,0.37,0.39,0.349,0.362,0.357,0.349,0.355,0.364,0.365,0.358,0.382,0.375,0.373,0.36,0.386,0.34,0.369,0.358,0.359,0.354,0.398,0.366,0.351,0.381,0.382,0.376,0.394,0.354,0.367,0.37,0.357,0.387,0.339,0.369,0.345,0.364,0.378,0.379,0.385,0.351,0.38,0.37,0.399,0.383,0.401,0.37,0.38,0.368,0.397,0.361,0.362,0.368,0.354,0.366,0.376,0.368,0.374,0.344,0.363,0.365,0.388,0.354,0.372,0.369,0.35,0.355,0.386,0.368,0.358,0.378,0.361,0.372,0.346,0.353,0.381,0.388,0.358,0.334,0.397,0.329,0.346,0.366,0.345,0.365,0.36,0.395,0.361,0.36,0.358,0.387,0.383,0.36,0.379,0.36,0.355,0.336,0.348,0.365,0.347,0.378,0.364,0.377,0.36,0.355,0.373,0.371,0.368,0.391,0.384,0.347,0.361,0.354,0.372,0.373,0.379,0.366,0.361,0.376,0.378,0.371,0.384,0.382,0.378,0.35,0.333,0.332,0.369
0.24	GNN	0.362,0.285,0.271,0.24,0.261,0.285,0.293,0.257,0.3,0.289,0.272,0.308,0.285,0.327,0.256,0.306,0.262,0.273,0.317,0.284,0.295,0.231,0.345,0.305,0.29,0.296,0.26,0.293,0.274,0.291,0.266,0.291,0.317,0.317,0.266,0.315,0.26,0.339,0.328,0.255,0.253,0.352,0.286,0.284,0.307,0.289,0.335,0.292,0.306,0.289,0.256,0.281,0.298,0.29,0.307,0.317,0.281,0.309,0.271,0.295,0.31,0.268,0.305,0.348,0.296,0.285,0.289,0.277,0.295,0.266,0.276,0.352,0.311,0.248,0.263,0.304,0.342,0.305,0.314,0.297,0.281,0.319,0.271,0.324,0.286,0.291,0.311,0.314,0.308,0.349,0.273,0.301,0.276,0.284,0.266,0.31,0.341,0.292,0.293,0.297,0.29,0.274,0.331,0.281,0.32,0.304,0.291,0.294,0.255,0.265,0.286,0.311,0.299,0.328,0.264,0.294,0.312,0.334,0.315,0.292,0.271,0.304,0.334,0.24,0.302,0.325,0.327,0.303,0.295,0.288,0.294,0.294,0.326,0.319,0.314,0.259,0.277,0.318,0.229,0.262,0.275,0.274,0.276,0.318,0.298,0.278,0.29,0.312,0.267,0.238,0.302,0.273,0.305,0.294,0.276,0.276,0.316,0.34,0.28,0.294,0.329,0.258,0.292,0.234,0.313,0.277,0.307,0.29,0.305,0.323,0.271,0.273,0.329,0.257,0.316,0.342,0.324,0.281,0.295,0.354,0.285,0.243,0.334,0.281,0.293,0.294,0.246,0.287,0.292,0.32,0.273,0.325,0.284,0.294,0.318,0.305,0.284,0.296,0.294,0.311
0.24	GG	0.391,0.358,0.369,0.356,0.336,0.372,0.372,0.341,0.367,0.348,0.358,0.39,0.36,0.394,0.379,0.311,0.354,0.353,0.336,0.343,0.385,0.365,0.362,0.376,0.37,0.361,0.339,0.368,0.365,0.344,0.374,0.379,0.353,0.364,0.379,0.342,0.378,0.393,0.354,0.391,0.35,0.355,0.364,0.341,0.323,0.341,0.367,0.349,0.351,0.356,0.366,0.382,0.383,0.343,0.376,0.363,0.345,0.38,0.368,0.334,0.366,0.375,0.389,0.372,0.383,0.362,0.382,0.386,0.341,0.362,0.399,0.379,0.4,0.363,0.395,0.359,0.348,0.364,0.37,0.359,0.378,0.367,0.346,0.359,0.371,0.366,0.361,0.338,0.346,0.362,0.361,0.353,0.364,0.374,0.343,0.369,0.371,0.384,0.326,0.389,0.368,0.359,0.372,0.36,0.373,0.372,0.368,0.358,0.378,0.361,0.368,0.36,0.372,0.386,0.352,0.375,0.4,0.385,0.405,0.394,0.363,0.354,0.371,0.344,0.365,0.342,0.375,0.355,0.388,0.372,0.366,0.381,0.353,0.376,0.349,0.38,0.38,0.354,0.367,0.39,0.335,0.352,0.376,0.381,0.365,0.366,0.368,0.383,0.391,0.375,0.356,0.387,0.321,0.344,0.366,0.359,0.36,0.365,0.362,0.371,0.354,0.364,0.386,0.359,0.372,0.39,0.338,0.381,0.353,0.343,0.366,0.333,0.385,0.319,0.374,0.36,0.373,0.399,0.364,0.335,0.379,0.356,0.338,0.376,0.368,0.339,0.376,0.37,0.363,0.347,0.371,0.409,0.385,0.372,0.391,0.379,0.352,0.359,0.336,0.357
0.24	GG2	0.389,0.38,0.394,0.391,0.348,0.372,0.37,0.347,0.378,0.349,0.356,0.387,0.372,0.393,0.378,0.34,0.37,0.35,0.349,0.354,0.386,0.363,0.371,0.381,0.386,0.368,0.333,0.359,0.374,0.364,0.384,0.391,0.369,0.362,0.389,0.358,0.384,0.397,0.358,0.383,0.349,0.367,0.364,0.335,0.334,0.342,0.369,0.364,0.349,0.375,0.374,0.384,0.385,0.379,0.364,0.37,0.362,0.379,0.359,0.372,0.374,0.37,0.406,0.373,0.378,0.371,0.378,0.368,0.39,0.354,0.399,0.384,0.386,0.359,0.39,0.367,0.347,0.369,0.371,0.361,0.375,0.354,0.346,0.364,0.381,0.359,0.372,0.41,0.33,0.357,0.36,0.373,0.37,0.373,0.349,0.368,0.394,0.4,0.39,0.403,0.366,0.368,0.362,0.369,0.385,0.372,0.377,0.362,0.381,0.375,0.369,0.374,0.381,0.391,0.366,0.382,0.4,0.409,0.401,0.385,0.373,0.393,0.379,0.365,0.376,0.349,0.397,0.374,0.382,0.367,0.385,0.399,0.37,0.397,0.365,0.379,0.39,0.349,0.37,0.402,0.354,0.345,0.38,0.379,0.382,0.364,0.372,0.386,0.385,0.378,0.365,0.384,0.34,0.355,0.365,0.35,0.378,0.363,0.372,0.37,0.359,0.372,0.387,0.369,0.369,0.372,0.364,0.381,0.358,0.332,0.373,0.363,0.378,0.354,0.381,0.372,0.378,0.38,0.355,0.37,0.374,0.385,0.346,0.371,0.383,0.387,0.373,0.375,0.372,0.355,0.376,0.413,0.394,0.384,0.399,0.383,0.354,0.363,0.349,0.367
0.26	GEE	0.346,0.35,0.354,0.33,0.307,0.352,0.345,0.331,0.341,0.327,0.333,0.34,0.365,0.324,0.347,0.344,0.306,0.323,0.313,0.337,0.306,0.351,0.348,0.325,0.323,0.328,0.323,0.354,0.342,0.316,0.331,0.363,0.33,0.353,0.35,0.33,0.365,0.329,0.325,0.346,0.344,0.317,0.375,0.334,0.309,0.353,0.326,0.322,0.373,0.321,0.35,0.334,0.358,0.322,0.367,0.344,0.355,0.376,0.337,0.336,0.337,0.351,0.323,0.351,0.366,0.311,0.353,0.339,0.357,0.325,0.358,0.338,0.336,0.343,0.36,0.313,0.329,0.329,0.377,0.354,0.342,0.342,0.348,0.336,0.307,0.334,0.323,0.305,0.334,0.358,0.312,0.336,0.348,0.323,0.323,0.327,0.331,0.317,0.354,0.364,0.367,0.365,0.339,0.353,0.364,0.331,0.36,0.323,0.359,0.357,0.354,0.358,0.301,0.332,0.332,0.323,0.345,0.355,0.339,0.353,0.317,0.377,0.364,0.359,0.384,0.328,0.313,0.347,0.332,0.339,0.368,0.319,0.339,0.342,0.361,0.349,0.343,0.346,0.384,0.335,0.328,0.375,0.345,0.336,0.325,0.36,0.365,0.331,0.346,0.352,0.304,0.354,0.335,0.321,0.351,0.356,0.346,0.376,0.351,0.345,0.347,0.348,0.318,0.327,0.36,0.346,0.348,0.315,0.35,0.364,0.361,0.329,0.364,0.316,0.327,0.339,0.348,0.331,0.382,0.331,0.349,0.324,0.335,0.362,0.357,0.342,0.325,0.325,0.381,0.298,0.337,0.332,0.325,0.351,0.323,0.337,0.37,0.338,0.324,0.37
0.26	GNN	0.336,0.293,0.3,0.234,0.249,0.254,0.293,0.246,0.279,0.28,0.273,0.314,0.285,0.314,0.261,0.297,0.27,0.309,0.325,0.26,0.274,0.25,0.327,0.275,0.309,0.285,0.275,0.295,0.25,0.294,0.284,0.279,0.272,0.316,0.267,0.303,0.257,0.337,0.308,0.287,0.272,0.335,0.298,0.259,0.285,0.297,0.324,0.322,0.315,0.276,0.249,0.268,0.306,0.316,0.292,0.317,0.265,0.31,0.275,0.29,0.3,0.261,0.294,0.354,0.274,0.282,0.278,0.284,0.273,0.272,0.259,0.302,0.282,0.246,0.259,0.306,0.336,0.283,0.317,0.32,0.274,0.307,0.285,0.323,0.288,0.281,0.304,0.322,0.302,0.356,0.294,0.291,0.292,0.269,0.276,0.33,0.297,0.299,0.29,0.271,0.261,0.264,0.324,0.265,0.328,0.283,0.281,0.298,0.279,0.254,0.275,0.285,0.279,0.306,0.238,0.287,0.31,0.298,0.305,0.299,0.245,0.288,0.289,0.269,0.294,0.318,0.307,0.308,0.302,0.297,0.273,0.299,0.31,0.297,0.299,0.24,0.264,0.294,0.253,0.264,0.287,0.277,0.253,0.319,0.293,0.288,0.306,0.295,0.257,0.226,0.263,0.271,0.287,0.308,0.284,0.268,0.351,0.35,0.275,0.288,0.315,0.247,0.275,0.273,0.321,0.265,0.275,0.279,0.3,0.314,0.266,0.268,0.317,0.308,0.326,0.344,0.271,0.292,0.293,0.32,0.246,0.254,0.343,0.278,0.297,0.293,0.258,0.282,0.278,0.326,0.256,0.293,0.284,0.284,0.337,0.301,0.295,0.296,0.287,0.285
0.26	GG	0.367,0.366,0.333,0.325,0.306,0.362,0.352,0.297,0.352,0.333,0.36,0.354,0.39,0.352,0.358,0.323,0.318,0.343,0.317,0.332,0.306,0.338,0.332,0.326,0.324,0.34,0.33,0.36,0.332,0.317,0.322,0.336,0.316,0.338,0.347,0.314,0.341,0.327,0.322,0.342,0.338,0.303,0.379,0.329,0.308,0.365,0.32,0.335,0.353,0.322,0.366,0.328,0.349,0.317,0.348,0.342,0.353,0.382,0.329,0.324,0.328,0.359,0.35,0.335,0.361,0.318,0.358,0.341,0.281,0.348,0.356,0.351,0.34,0.329,0.396,0.333,0.297,0.337,0.388,0.357,0.339,0.356,0.341,0.349,0.323,0.356,0.339,0.32,0.353,0.324,0.338,0.325,0.333,0.354,0.311,0.324,0.335,0.338,0.358,0.36,0.381,0.326,0.341,0.356,0.358,0.328,0.343,0.348,0.365,0.359,0.353,0.375,0.324,0.343,0.301,0.32,0.364,0.352,0.375,0.359,0.339,0.368,0.369,0.339,0.353,0.339,0.309,0.368,0.336,0.342,0.336,0.343,0.327,0.332,0.362,0.347,0.348,0.348,0.379,0.354,0.304,0.371,0.353,0.335,0.312,0.362,0.37,0.342,0.325,0.345,0.315,0.366,0.318,0.322,0.357,0.35,0.349,0.374,0.3,0.333,0.37,0.353,0.334,0.308,0.363,0.365,0.345,0.335,0.362,0.342,0.362,0.311,0.376,0.295,0.325,0.343,0.362,0.371,0.365,0.312,0.357,0.339,0.347,0.38,0.341,0.344,0.323,0.345,0.355,0.314,0.337,0.354,0.335,0.353,0.319,0.355,0.363,0.333,0.332,0.365
0.26	GG2	0.377,0.364,0.364,0.334,0.305,0.363,0.353,0.341,0.35,0.35,0.356,0.348,0.361,0.352,0.366,0.365,0.331,0.337,0.316,0.347,0.32,0.35,0.343,0.328,0.329,0.353,0.337,0.357,0.362,0.336,0.334,0.354,0.319,0.34,0.342,0.345,0.351,0.338,0.33,0.346,0.334,0.323,0.368,0.34,0.324,0.361,0.319,0.334,0.351,0.347,0.356,0.328,0.356,0.318,0.346,0.356,0.376,0.364,0.341,0.345,0.343,0.369,0.367,0.336,0.368,0.317,0.351,0.323,0.345,0.341,0.351,0.355,0.336,0.349,0.382,0.343,0.322,0.353,0.388,0.349,0.351,0.361,0.36,0.359,0.339,0.345,0.35,0.329,0.337,0.327,0.357,0.327,0.355,0.355,0.333,0.334,0.34,0.34,0.351,0.387,0.383,0.363,0.337,0.366,0.355,0.339,0.353,0.349,0.371,0.355,0.354,0.35,0.316,0.345,0.308,0.357,0.375,0.354,0.378,0.358,0.332,0.383,0.375,0.341,0.365,0.352,0.325,0.367,0.343,0.341,0.372,0.359,0.351,0.341,0.365,0.349,0.363,0.34,0.388,0.367,0.323,0.36,0.369,0.337,0.322,0.363,0.372,0.335,0.336,0.353,0.32,0.371,0.355,0.331,0.379,0.366,0.352,0.365,0.326,0.327,0.361,0.358,0.344,0.318,0.375,0.364,0.363,0.344,0.372,0.342,0.365,0.338,0.37,0.333,0.332,0.341,0.358,0.382,0.357,0.335,0.35,0.345,0.355,0.36,0.351,0.373,0.322,0.329,0.371,0.324,0.349,0.352,0.338,0.361,0.328,0.345,0.356,0.34,0.36,0.363
0.28	GEE	0.322,0.307,0.315,0.286,0.297,0.286,0.312,0.287,0.291,0.314,0.287,0.322,0.3,0.303,0.311,0.3,0.297,0.263,0.307,0.291,0.297,0.296,0.297,0.304,0.305,0.314,0.278,0.309,0.343,0.324,0.288,0.299,0.304,0.326,0.316,0.327,0.331,0.287,0.304,0.307,0.293,0.302,0.283,0.305,0.316,0.3,0.277,0.294,0.318,0.31,0.327,0.3,0.309,0.316,0.338,0.29,0.289,0.309,0.309,0.286,0.307,0.3,0.309,0.317,0.303,0.319,0.298,0.319,0.302,0.302,0.312,0.314,0.306,0.295,0.308,0.304,0.308,0.291,0.293,0.29,0.333,0.303,0.323,0.324,0.326,0.32,0.323,0.29,0.285,0.28,0.256,0.297,0.274,0.308,0.312,0.265,0.303,0.295,0.337,0.317,0.316,0.295,0.299,0.305,0.31,0.288,0.32,0.306,0.292,0.318,0.297,0.315,0.259,0.329,0.303,0.334,0.275,0.306,0.312,0.298,0.334,0.331,0.307,0.283,0.293,0.318,0.295,0.311,0.303,0.31,0.308,0.259,0.29,0.3,0.288,0.29,0.297,0.297,0.32,0.289,0.302,0.281,0.306,0.311,0.303,0.318,0.295,0.289,0.3,0.292,0.288,0.31,0.311,0.278,0.271,0.303,0.324,0.315,0.304,0.303,0.285,0.291,0.304,0.305,0.288,0.304,0.319,0.318,0.299,0.297,0.311,0.302,0.341,0.276,0.306,0.276,0.284,0.322,0.292,0.309,0.293,0.283,0.315,0.269,0.301,0.328,0.327,0.316,0.327,0.297,0.291,0.331,0.256,0.308,0.321,0.289,0.316,0.301,0.278,0.293
0.28	GNN	0.313,0.269,0.287,0.274,0.278,0.259,0.287,0.262,0.334,0.258,0.276,0.311,0.281,0.302,0.253,0.292,0.279,0.294,0.309,0.278,0.283,0.284,0.309,0.29,0.291,0.298,0.276,0.287,0.28,0.288,0.285,0.296,0.318,0.319,0.267,0.296,0.245,0.302,0.301,0.284,0.231,0.343,0.28,0.269,0.305,0.305,0.287,0.301,0.306,0.27,0.263,0.266,0.282,0.294,0.302,0.291,0.265,0.296,0.302,0.251,0.289,0.296,0.316,0.325,0.303,0.278,0.3,0.277,0.301,0.271,0.264,0.312,0.284,0.262,0.256,0.28,0.307,0.286,0.312,0.308,0.3,0.293,0.273,0.309,0.287,0.284,0.294,0.32,0.282,0.316,0.284,0.311,0.314,0.278,0.275,0.322,0.35,0.268,0.276,0.262,0.276,0.262,0.311,0.289,0.312,0.27,0.261,0.281,0.263,0.241,0.273,0.281,0.283,0.312,0.292,0.303,0.307,0.302,0.314,0.308,0.259,0.259,0.298,0.248,0.291,0.301,0.3,0.295,0.315,0.291,0.261,0.3,0.288,0.297,0.287,0.261,0.298,0.312,0.261,0.281,0.266,0.291,0.286,0.309,0.277,0.301,0.292,0.282,0.27,0.233,0.295,0.26,0.282,0.309,0.305,0.273,0.298,0.311,0.279,0.249,0.308,0.259,0.275,0.286,0.302,0.285,0.299,0.296,0.331,0.313,0.291,0.285,0.321,0.296,0.313,0.299,0.286,0.304,0.273,0.315,0.265,0.271,0.335,0.281,0.321,0.288,0.239,0.293,0.295,0.299,0.269,0.287,0.29,0.287,0.292,0.281,0.301,0.281,0.308,0.306
0.28	GG	0.336,0.309,0.298,0.308,0.312,0.311,0.311,0.28,0.334,0.318,0.289,0.331,0.342,0.309,0.308,0.251,0.288,0.283,0.296,0.293,0.316,0.304,0.31,0.321,0.308,0.3,0.289,0.304,0.341,0.284,0.268,0.318,0.317,0.331,0.335,0.273,0.347,0.319,0.299,0.322,0.263,0.299,0.304,0.299,0.308,0.315,0.286,0.326,0.294,0.331,0.329,0.286,0.337,0.296,0.322,0.312,0.285,0.327,0.304,0.3,0.289,0.298,0.327,0.319,0.328,0.338,0.342,0.328,0.317,0.303,0.313,0.338,0.311,0.306,0.337,0.315,0.297,0.292,0.31,0.305,0.327,0.344,0.304,0.322,0.31,0.334,0.297,0.317,0.286,0.283,0.279,0.303,0.286,0.338,0.319,0.295,0.316,0.31,0.318,0.352,0.316,0.306,0.299,0.319,0.308,0.332,0.328,0.305,0.285,0.352,0.324,0.337,0.275,0.309,0.289,0.319,0.274,0.337,0.304,0.299,0.324,0.32,0.298,0.282,0.289,0.322,0.292,0.322,0.315,0.321,0.321,0.276,0.285,0.303,0.322,0.279,0.307,0.314,0.348,0.318,0.236,0.284,0.301,0.303,0.3,0.318,0.325,0.289,0.294,0.292,0.302,0.329,0.3,0.279,0.287,0.317,0.331,0.312,0.282,0.297,0.283,0.305,0.28,0.289,0.296,0.296,0.309,0.342,0.341,0.331,0.313,0.28,0.362,0.268,0.291,0.295,0.294,0.321,0.304,0.329,0.325,0.303,0.297,0.301,0.321,0.32,0.324,0.32,0.358,0.295,0.325,0.327,0.264,0.323,0.342,0.304,0.313,0.305,0.287,0.299
0.28	GG2	0.314,0.308,0.333,0.32,0.313,0.312,0.312,0.309,0.33,0.33,0.281,0.346,0.309,0.306,0.327,0.288,0.294,0.283,0.302,0.304,0.312,0.315,0.308,0.319,0.319,0.321,0.286,0.284,0.328,0.303,0.307,0.322,0.311,0.326,0.324,0.308,0.326,0.305,0.302,0.318,0.303,0.299,0.299,0.308,0.329,0.324,0.289,0.333,0.308,0.316,0.325,0.311,0.338,0.302,0.314,0.31,0.322,0.324,0.311,0.307,0.289,0.307,0.324,0.322,0.319,0.32,0.314,0.315,0.324,0.311,0.311,0.334,0.306,0.316,0.323,0.322,0.3,0.304,0.303,0.311,0.316,0.321,0.312,0.321,0.316,0.329,0.292,0.32,0.279,0.275,0.296,0.299,0.281,0.33,0.341,0.287,0.311,0.317,0.315,0.325,0.318,0.319,0.303,0.316,0.321,0.32,0.33,0.312,0.293,0.336,0.307,0.323,0.273,0.314,0.298,0.334,0.291,0.325,0.323,0.298,0.324,0.339,0.299,0.282,0.297,0.32,0.3,0.314,0.315,0.323,0.333,0.301,0.294,0.311,0.326,0.287,0.316,0.305,0.34,0.321,0.306,0.273,0.312,0.323,0.308,0.32,0.309,0.296,0.295,0.294,0.316,0.317,0.298,0.291,0.297,0.311,0.33,0.317,0.289,0.312,0.284,0.302,0.305,0.314,0.282,0.306,0.327,0.316,0.324,0.32,0.304,0.306,0.359,0.286,0.284,0.305,0.306,0.321,0.288,0.327,0.311,0.307,0.304,0.29,0.332,0.342,0.328,0.331,0.334,0.305,0.336,0.325,0.266,0.317,0.308,0.3,0.327,0.297,0.271,0.297
0.3	GEE	0.309,0.305,0.305,0.335,0.307,0.283,0.316,0.307,0.298,0.299,0.285,0.307,0.283,0.282,0.282,0.28,0.265,0.278,0.267,0.283,0.271,0.313,0.315,0.279,0.296,0.294,0.287,0.302,0.297,0.289,0.301,0.315,0.301,0.298,0.309,0.339,0.354,0.298,0.302,0.294,0.271,0.28,0.321,0.302,0.294,0.303,0.259,0.31,0.303,0.285,0.293,0.329,0.302,0.27,0.31,0.304,0.275,0.302,0.291,0.302,0.331,0.322,0.306,0.314,0.294,0.315,0.316,0.296,0.325,0.278,0.281,0.296,0.302,0.291,0.301,0.322,0.294,0.321,0.306,0.311,0.307,0.285,0.308,0.3,0.294,0.309,0.344,0.281,0.291,0.286,0.269,0.307,0.312,0.326,0.289,0.289,0.291,0.322,0.271,0.318,0.275,0.277,0.297,0.325,0.3,0.325,0.318,0.295,0.304,0.312,0.305,0.308,0.28,0.312,0.31,0.29,0.294,0.326,0.291,0.308,0.298,0.305,0.312,0.307,0.329,0.272,0.293,0.309,0.285,0.288,0.261,0.286,0.307,0.313,0.316,0.274,0.288,0.309,0.317,0.305,0.279,0.325,0.301,0.316,0.284,0.304,0.299,0.285,0.278,0.286,0.266,0.301,0.304,0.309,0.283,0.304,0.294,0.312,0.302,0.298,0.284,0.29,0.319,0.29,0.303,0.287,0.277,0.279,0.305,0.288,0.286,0.306,0.336,0.289,0.285,0.292,0.313,0.324,0.341,0.315,0.279,0.291,0.324,0.303,0.299,0.291,0.285,0.296,0.293,0.263,0.285,0.307,0.282,0.309,0.32,0.292,0.28,0.289,0.28,0.303
0.3	GNN	0.308,0.261,0.291,0.243,0.291,0.309,0.29,0.273,0.283,0.273,0.304,0.298,0.282,0.285,0.27,0.304,0.274,0.301,0.307,0.259,0.268,0.244,0.302,0.28,0.306,0.274,0.263,0.258,0.257,0.291,0.279,0.306,0.294,0.29,0.272,0.301,0.255,0.307,0.284,0.28,0.213,0.319,0.309,0.302,0.291,0.279,0.295,0.303,0.302,0.287,0.281,0.272,0.295,0.295,0.295,0.293,0.28,0.305,0.284,0.282,0.296,0.285,0.29,0.316,0.283,0.282,0.295,0.268,0.296,0.29,0.27,0.317,0.275,0.254,0.251,0.288,0.286,0.289,0.294,0.32,0.239,0.314,0.284,0.297,0.256,0.311,0.305,0.32,0.298,0.313,0.291,0.279,0.317,0.265,0.312,0.325,0.319,0.264,0.27,0.274,0.244,0.241,0.292,0.272,0.307,0.25,0.27,0.27,0.263,0.292,0.277,0.256,0.316,0.303,0.277,0.31,0.302,0.276,0.272,0.285,0.234,0.272,0.301,0.241,0.312,0.282,0.277,0.301,0.273,0.308,0.273,0.28,0.294,0.293,0.315,0.259,0.254,0.292,0.27,0.251,0.272,0.266,0.296,0.309,0.3,0.265,0.301,0.301,0.278,0.235,0.272,0.271,0.265,0.294,0.293,0.281,0.32,0.31,0.288,0.275,0.316,0.294,0.279,0.272,0.289,0.306,0.307,0.286,0.31,0.311,0.305,0.273,0.342,0.301,0.297,0.313,0.28,0.263,0.293,0.329,0.265,0.265,0.306,0.274,0.283,0.265,0.268,0.311,0.298,0.31,0.29,0.308,0.316,0.297,0.294,0.283,0.317,0.305,0.264,0.303
0.3	GG	0.314,0.304,0.341,0.32,0.279,0.289,0.332,0.312,0.314,0.316,0.278,0.317,0.317,0.291,0.284,0.287,0.28,0.291,0.292,0.292,0.289,0.343,0.285,0.298,0.302,0.285,0.295,0.331,0.336,0.29,0.287,0.339,0.288,0.307,0.308,0.305,0.345,0.301,0.304,0.302,0.263,0.316,0.344,0.289,0.297,0.312,0.261,0.302,0.295,0.291,0.311,0.324,0.305,0.258,0.31,0.309,0.279,0.353,0.296,0.293,0.307,0.3,0.309,0.307,0.314,0.338,0.318,0.306,0.324,0.275,0.281,0.316,0.301,0.29,0.311,0.333,0.283,0.298,0.317,0.285,0.308,0.29,0.295,0.284,0.314,0.305,0.32,0.29,0.286,0.305,0.286,0.292,0.313,0.344,0.308,0.301,0.307,0.311,0.304,0.349,0.286,0.288,0.307,0.297,0.318,0.314,0.316,0.297,0.314,0.316,0.292,0.317,0.297,0.308,0.283,0.288,0.291,0.337,0.302,0.335,0.287,0.316,0.313,0.323,0.332,0.284,0.271,0.315,0.314,0.302,0.268,0.268,0.294,0.313,0.318,0.276,0.317,0.307,0.344,0.318,0.271,0.364,0.301,0.33,0.298,0.319,0.314,0.291,0.291,0.278,0.26,0.313,0.295,0.304,0.283,0.305,0.297,0.309,0.279,0.284,0.288,0.315,0.299,0.297,0.303,0.285,0.285,0.296,0.311,0.289,0.288,0.291,0.344,0.268,0.278,0.3,0.321,0.334,0.359,0.368,0.29,0.295,0.307,0.346,0.28,0.347,0.296,0.297,0.31,0.286,0.286,0.308,0.313,0.349,0.315,0.327,0.301,0.283,0.265,0.315
0.3	GG2	0.304,0.311,0.351,0.324,0.301,0.31,0.335,0.312,0.311,0.313,0.279,0.316,0.28,0.289,0.28,0.306,0.272,0.292,0.3,0.292,0.303,0.332,0.304,0.297,0.307,0.298,0.287,0.298,0.315,0.301,0.32,0.332,0.287,0.305,0.3,0.305,0.35,0.302,0.317,0.293,0.288,0.304,0.334,0.296,0.288,0.304,0.262,0.306,0.308,0.298,0.308,0.342,0.314,0.294,0.31,0.315,0.291,0.333,0.304,0.288,0.326,0.315,0.314,0.309,0.296,0.326,0.323,0.3,0.334,0.29,0.278,0.307,0.309,0.299,0.305,0.333,0.3,0.322,0.32,0.314,0.316,0.287,0.305,0.289,0.29,0.297,0.325,0.299,0.275,0.311,0.291,0.313,0.313,0.337,0.307,0.305,0.301,0.31,0.285,0.344,0.293,0.293,0.307,0.327,0.312,0.318,0.313,0.297,0.31,0.305,0.308,0.316,0.307,0.31,0.285,0.312,0.307,0.337,0.313,0.33,0.274,0.324,0.313,0.312,0.325,0.293,0.284,0.321,0.307,0.291,0.283,0.293,0.317,0.331,0.32,0.283,0.312,0.307,0.324,0.321,0.28,0.32,0.316,0.327,0.304,0.318,0.31,0.29,0.292,0.288,0.262,0.314,0.307,0.314,0.278,0.3,0.31,0.312,0.309,0.281,0.291,0.307,0.31,0.295,0.314,0.29,0.276,0.294,0.313,0.286,0.289,0.303,0.327,0.301,0.283,0.308,0.319,0.321,0.335,0.325,0.28,0.305,0.313,0.336,0.283,0.318,0.29,0.305,0.312,0.289,0.287,0.308,0.299,0.335,0.311,0.291,0.31,0.287,0.277,0.318
