0.0	GEE	1.0,1.0,1.0,1.0,1.0,1.0,1.0,1.0,1.0,1.0,1.0,1.0,1.0,1.0,1.0,1.0,1.0,1.0,1.0,1.0,1.0,1.0,1.0,1.0,1.0,1.0,1.0,1.0,1.0,1.0,1.0,1.0,1.0,1.0,1.0,1.0,1.0,1.0,1.0,1.0,1.0,1.0,1.0,1.0,1.0,1.0,1.0,1.0,1.0,1.0,1.0,1.0,1.0,1.0,1.0,1.0,1.0,1.0,1.0,1.0,1.0,1.0,1.0,1.0,1.0,1.0,1.0,1.0,1.0,1.0,1.0,1.0,1.0,1.0,1.0,1.0,1.0,1.0,1.0,1.0,1.0,1.0,1.0,1.0,1.0,1.0,1.0,1.0,1.0,1.0,1.0,1.0,1.0,1.0,1.0,1.0,0.96,1.0,1.0,1.0,1.0,1.0,1.0,1.0,1.0,1.0,1.0,1.0,1.0,1.0,1.0,1.0,1.0,1.0,1.0,1.0,1.0,1.0,1.0,1.0,1.0,1.0,1.0,1.0,1.0,1.0,1.0,1.0,1.0,1.0,1.0,1.0,1.0,1.0,1.0,1.0,1.0,1.0,1.0,1.0,1.0,1.0,1.0,1.0,1.0,1.0,1.0,1.0,1.0,1.0,1.0,1.0,1.0,1.0,1.0,1.0,1.0,1.0,1.0,1.0,1.0,1.0,1.0,1.0,1.0,1.0,1.0,1.0,1.0,1.0,1.0,1.0,1.0,1.0,1.0,1.0,1.0,1.0,1.0,1.0,1.0,1.0,1.0,1.0,1.0,1.0,1.0,1.0,1.0,1.0,1.0,1.0,1.0,1.0,1.0,1.0,1.0,1.0,1.0,1.0
0.0	GNN	0.905,0.745,0.8125,0.88,0.8475,0.8125,0.7275,0.8375,0.595,0.8175,0.8175,0.885,0.6775,0.7925,0.6275,0.8325,0.7475,0.77,0.82,0.5375,0.9275,0.78,0.89,0.905,0.5475,0.8375,0.5075,0.81,0.67,0.7675,0.675,0.8075,0.715,0.8325,0.7575,0.91,0.79,0.78,0.9225,0.66,0.8375,0.685,0.69,0.905,0.66,0.7175,0.685,0.9075,0.75,0.905,0.655,0.81,0.97,0.7775,0.795,0.6075,0.8925,0.9025,0.68,0.865,0.715,0.7475,0.7,0.9575,0.8025,0.705,0.6425,0.8925,0.7125,0.67,0.79,0.6225,0.7675,0.76,0.84,0.9925,0.825,0.7775,0.9125,0.9125,0.78,0.745,0.8225,0.89,0.6675,0.895,0.5575,0.865,0.6875,0.96,0.8,0.7725,0.7525,0.67,0.4775,0.79,0.7775,0.8275,0.94,0.795,0.735,0.7625,0.9625,0.91,0.8075,0.8275,0.89,0.8175,0.8575,0.6825,0.78,0.935,0.8325,0.8075,0.7475,0.56,0.865,0.855,0.7675,0.765,0.775,0.7725,0.66,0.565,0.785,0.9325,0.8025,0.7725,0.69,0.845,0.8175,0.7525,0.8825,0.7825,0.885,0.7875,0.67,0.6475,0.82,0.73,0.6975,0.73,0.75,0.8825,0.7175,0.75,0.82,0.915,0.785,0.8075,0.85,0.7225,0.745,0.6875,0.8175,0.5975,0.69,0.935,0.8425,0.785,0.89,0.925,0.93,0.5825,0.64,0.81,0.6575,0.62,0.71,0.8875,0.76,0.93,0.7825,0.5675,0.7275,0.6525,0.89,0.525,0.85,0.9475,0.7275,0.635,0.645,0.7,0.6975,0.8775,0.8725,0.9225,0.7425,0.8375,0.8775,0.7625,0.7975,0.795,0.865,0.6225,0.915,0.8175,0.515,0.9
0.0	GG	1.0,1.0,1.0,0.99,1.0,1.0,1.0,1.0,1.0,1.0,1.0,1.0,0.8825,1.0,1.0,1.0,0.9975,1.0,1.0,1.0,1.0,1.0,1.0,1.0,1.0,1.0,0.84,1.0,0.945,1.0,0.9875,1.0,1.0,1.0,1.0,1.0,1.0,1.0,1.0,1.0,1.0,1.0,1.0,1.0,1.0,1.0,1.0,1.0,1.0,1.0,0.985,1.0,1.0,1.0,1.0,1.0,1.0,1.0,1.0,1.0,1.0,1.0,1.0,1.0,1.0,1.0,1.0,1.0,1.0,1.0,1.0,1.0,1.0,1.0,0.995,1.0,0.99,1.0,1.0,1.0,1.0,1.0,0.9975,1.0,1.0,0.95,1.0,1.0,1.0,1.0,1.0,1.0,1.0,1.0,1.0,1.0,0.99,1.0,1.0,1.0,1.0,0.9175,1.0,1.0,0.9975,1.0,1.0,1.0,1.0,1.0,1.0,1.0,1.0,1.0,1.0,1.0,1.0,1.0,1.0,1.0,0.965,1.0,1.0,1.0,1.0,1.0,1.0,1.0,1.0,1.0,1.0,1.0,1.0,1.0,1.0,1.0,1.0,1.0,1.0,1.0,1.0,1.0,1.0,1.0,1.0,1.0,1.0,1.0,1.0,1.0,1.0,1.0,1.0,1.0,1.0,1.0,0.9975,1.0,1.0,0.935,1.0,1.0,1.0,1.0,0.9275,1.0,1.0,1.0,1.0,1.0,1.0,1.0,1.0,1.0,1.0,1.0,1.0,1.0,1.0,1.0,1.0,1.0,1.0,1.0,1.0,1.0,1.0,0.99,1.0,1.0,1.0,1.0,1.0,1.0,1.0,1.0,1.0,0.985,1.0,0.9975
0.0	GG2	1.0,1.0,1.0,0.9975,1.0,1.0,1.0,1.0,1.0,1.0,1.0,1.0,1.0,1.0,1.0,1.0,1.0,1.0,1.0,1.0,1.0,1.0,1.0,1.0,1.0,1.0,1.0,1.0,1.0,1.0,1.0,1.0,1.0,1.0,1.0,1.0,1.0,1.0,1.0,1.0,1.0,1.0,1.0,1.0,1.0,1.0,1.0,1.0,1.0,1.0,1.0,1.0,1.0,1.0,1.0,1.0,1.0,1.0,1.0,1.0,1.0,1.0,1.0,1.0,1.0,1.0,1.0,1.0,1.0,1.0,1.0,1.0,1.0,1.0,1.0,1.0,1.0,1.0,1.0,1.0,1.0,1.0,0.9975,1.0,1.0,1.0,1.0,1.0,1.0,1.0,1.0,1.0,1.0,1.0,1.0,1.0,1.0,1.0,1.0,1.0,1.0,1.0,1.0,1.0,1.0,1.0,1.0,1.0,1.0,1.0,1.0,1.0,1.0,1.0,1.0,1.0,1.0,1.0,1.0,1.0,0.9975,1.0,1.0,1.0,1.0,1.0,1.0,1.0,1.0,1.0,1.0,1.0,1.0,1.0,1.0,1.0,1.0,1.0,1.0,1.0,1.0,1.0,1.0,1.0,1.0,1.0,1.0,1.0,1.0,1.0,1.0,1.0,1.0,1.0,1.0,1.0,1.0,1.0,1.0,0.995,1.0,1.0,1.0,1.0,1.0,1.0,1.0,1.0,1.0,1.0,1.0,1.0,1.0,1.0,1.0,1.0,1.0,1.0,1.0,1.0,1.0,1.0,1.0,1.0,1.0,1.0,1.0,1.0,1.0,1.0,1.0,1.0,1.0,1.0,1.0,1.0,1.0,1.0,1.0,1.0
0.01	GEE	1.0,1.0,1.0,1.0,0.995,1.0,1.0,1.0,1.0,1.0,1.0,1.0,1.0,1.0,1.0,1.0,1.0,1.0,1.0,1.0,1.0,1.0,1.0,1.0,1.0,1.0,0.995,1.0,1.0,1.0,1.0,1.0,1.0,1.0,1.0,1.0,1.0,1.0,0.9975,1.0,1.0,0.9975,1.0,1.0,1.0,1.0,1.0,1.0,1.0,0.9975,1.0,1.0,1.0,1.0,1.0,1.0,1.0,1.0,1.0,0.995,1.0,1.0,1.0,1.0,1.0,0.9975,1.0,1.0,1.0,1.0,1.0,1.0,1.0,1.0,1.0,1.0,1.0,1.0,1.0,0.9975,1.0,1.0,1.0,1.0,1.0,1.0,1.0,1.0,1.0,1.0,1.0,1.0,1.0,1.0,1.0,1.0,0.9975,1.0,1.0,1.0,1.0,1.0,0.9975,1.0,1.0,1.0,1.0,1.0,0.9975,1.0,1.0,1.0,1.0,1.0,1.0,1.0,1.0,1.0,1.0,1.0,1.0,1.0,1.0,1.0,1.0,1.0,1.0,1.0,1.0,1.0,1.0,1.0,1.0,1.0,0.9975,1.0,1.0,1.0,1.0,1.0,1.0,1.0,1.0,1.0,1.0,1.0,1.0,1.0,1.0,1.0,1.0,1.0,1.0,1.0,1.0,0.9975,1.0,1.0,1.0,1.0,1.0,1.0,1.0,0.9975,1.0,1.0,1.0,1.0,1.0,1.0,1.0,1.0,1.0,1.0,1.0,1.0,1.0,1.0,0.9975,0.9975,1.0,1.0,1.0,1.0,1.0,0.9975,1.0,1.0,0.9975,0.9975,1.0,1.0,1.0,1.0,0.995,1.0,1.0,1.0,1.0,1.0
0.01	GNN	0.8425,0.6425,0.6225,0.6925,0.575,0.72,0.5825,0.4825,0.48,0.6025,0.6225,0.7725,0.5975,0.6575,0.4975,0.7525,0.6175,0.64,0.6075,0.4075,0.6825,0.565,0.7825,0.7375,0.5125,0.68,0.435,0.595,0.6125,0.6725,0.58,0.76,0.6025,0.74,0.6325,0.6975,0.6525,0.7025,0.7375,0.5375,0.6475,0.5375,0.5575,0.6275,0.525,0.5525,0.6025,0.7575,0.5875,0.83,0.595,0.7625,0.8375,0.6675,0.7125,0.475,0.66,0.715,0.415,0.64,0.6325,0.5725,0.5975,0.865,0.6175,0.5825,0.5425,0.71,0.7175,0.475,0.5925,0.6425,0.6425,0.64,0.775,0.905,0.6475,0.585,0.7975,0.7725,0.5225,0.535,0.7425,0.725,0.575,0.7375,0.52,0.7575,0.705,0.905,0.44,0.7475,0.5925,0.5575,0.4825,0.5975,0.6275,0.6575,0.81,0.5825,0.6425,0.5925,0.86,0.79,0.6975,0.655,0.8175,0.61,0.7075,0.61,0.69,0.84,0.7225,0.6625,0.49,0.5,0.765,0.8225,0.7125,0.7,0.5875,0.505,0.655,0.495,0.585,0.8975,0.7725,0.65,0.675,0.72,0.7425,0.725,0.7775,0.66,0.785,0.5475,0.5775,0.61,0.605,0.52,0.5125,0.5825,0.645,0.8125,0.695,0.56,0.655,0.755,0.655,0.5875,0.75,0.6,0.6525,0.6,0.6975,0.27,0.6125,0.8675,0.665,0.4925,0.8175,0.7,0.7275,0.4475,0.5375,0.565,0.535,0.3925,0.59,0.6975,0.54,0.78,0.7625,0.3475,0.67,0.55,0.7475,0.445,0.63,0.8775,0.575,0.505,0.5175,0.62,0.705,0.6725,0.62,0.6875,0.575,0.765,0.6575,0.675,0.665,0.69,0.7825,0.665,0.7175,0.465,0.39,0.7125
0.01	GG	1.0,1.0,0.9975,0.985,0.965,0.9975,1.0,0.9975,1.0,1.0,0.995,0.9975,0.9975,1.0,0.98,1.0,0.965,1.0,1.0,0.9975,1.0,1.0,1.0,0.975,1.0,1.0,0.93,1.0,1.0,1.0,0.995,0.9925,1.0,0.9825,1.0,1.0,1.0,1.0,0.995,1.0,0.9975,0.9975,1.0,0.9975,1.0,1.0,1.0,1.0,1.0,1.0,0.9875,1.0,1.0,0.9975,1.0,1.0,1.0,1.0,1.0,1.0,0.9975,1.0,1.0,1.0,0.9975,0.965,1.0,0.9925,1.0,0.9725,1.0,1.0,1.0,1.0,0.9925,1.0,0.89,0.8975,1.0,0.9975,1.0,1.0,0.9125,1.0,1.0,0.8925,1.0,1.0,1.0,1.0,1.0,1.0,1.0,0.995,0.995,1.0,0.9925,0.9975,1.0,0.995,1.0,0.9925,1.0,1.0,0.9975,0.9925,1.0,1.0,0.99,1.0,1.0,1.0,1.0,1.0,0.9975,0.9925,1.0,0.9925,1.0,0.9975,0.9075,0.9975,1.0,1.0,1.0,1.0,1.0,0.995,1.0,1.0,1.0,1.0,0.995,0.9975,0.9975,0.995,1.0,0.9975,1.0,1.0,1.0,0.985,1.0,1.0,0.995,1.0,1.0,1.0,1.0,1.0,1.0,1.0,1.0,1.0,0.9925,1.0,0.9975,1.0,1.0,0.8525,0.9925,1.0,1.0,0.9375,0.9,0.9775,1.0,0.9975,1.0,0.9725,1.0,1.0,1.0,1.0,1.0,1.0,1.0,0.9975,1.0,0.93,0.9925,1.0,1.0,0.9975,1.0,0.95,0.995,0.9325,0.99,0.9975,1.0,1.0,1.0,1.0,0.8825,0.9975,1.0,0.9575,1.0,0.9975
0.01	GG2	1.0,1.0,1.0,1.0,0.9925,1.0,1.0,1.0,1.0,1.0,0.995,1.0,1.0,1.0,0.995,1.0,0.9975,1.0,1.0,1.0,1.0,1.0,1.0,0.9975,1.0,1.0,0.9675,1.0,1.0,1.0,1.0,1.0,1.0,0.995,1.0,1.0,1.0,1.0,1.0,1.0,0.9975,0.9975,1.0,0.9975,1.0,1.0,1.0,1.0,1.0,1.0,1.0,1.0,1.0,1.0,1.0,1.0,1.0,1.0,1.0,1.0,1.0,1.0,1.0,1.0,0.9975,0.9975,1.0,1.0,1.0,1.0,1.0,1.0,1.0,1.0,0.995,1.0,0.965,1.0,1.0,0.9975,1.0,1.0,0.995,1.0,1.0,0.995,1.0,1.0,1.0,1.0,1.0,1.0,1.0,0.9975,0.995,1.0,0.9925,1.0,1.0,0.995,1.0,0.9975,0.9975,1.0,0.9975,1.0,1.0,1.0,0.9975,1.0,1.0,1.0,1.0,1.0,0.9975,1.0,1.0,1.0,1.0,0.9975,0.995,1.0,1.0,1.0,1.0,1.0,1.0,1.0,1.0,1.0,1.0,1.0,1.0,1.0,1.0,0.9975,1.0,1.0,1.0,1.0,1.0,1.0,1.0,1.0,1.0,1.0,1.0,1.0,1.0,1.0,1.0,1.0,1.0,1.0,1.0,1.0,1.0,1.0,1.0,0.985,0.9975,1.0,1.0,0.99,0.9975,0.9975,1.0,1.0,1.0,0.9925,1.0,1.0,1.0,1.0,1.0,1.0,1.0,1.0,1.0,0.9875,1.0,1.0,1.0,1.0,1.0,0.9825,1.0,0.9875,0.995,1.0,1.0,1.0,1.0,1.0,0.9825,1.0,1.0,0.9875,1.0,1.0
0.02	GEE	1.0,0.9925,0.9975,1.0,0.995,1.0,1.0,1.0,1.0,1.0,0.995,1.0,1.0,1.0,0.995,0.9975,1.0,1.0,1.0,1.0,0.995,1.0,1.0,0.9975,0.9975,0.9975,1.0,1.0,0.995,1.0,0.9975,0.995,0.9975,0.995,1.0,0.995,0.995,1.0,1.0,1.0,0.995,0.995,1.0,1.0,1.0,1.0,0.995,1.0,1.0,1.0,1.0,1.0,1.0,0.9975,0.9975,1.0,1.0,1.0,1.0,0.99,0.9975,0.9975,1.0,0.995,0.9925,0.9975,0.9975,0.995,1.0,0.9975,0.9975,1.0,0.9975,1.0,0.9975,1.0,0.9975,1.0,0.9975,0.9975,1.0,0.9975,1.0,0.9975,1.0,0.995,1.0,1.0,0.9975,0.995,0.9975,0.995,1.0,1.0,0.9975,1.0,1.0,0.9975,1.0,1.0,1.0,1.0,1.0,0.9975,0.99,0.995,1.0,0.9975,1.0,0.9975,0.9975,1.0,1.0,0.9975,1.0,0.9925,1.0,0.9925,1.0,0.99,1.0,0.9925,0.9975,0.9975,1.0,1.0,0.995,0.9975,0.9975,1.0,1.0,1.0,1.0,0.9975,1.0,1.0,0.995,1.0,0.9975,1.0,0.995,0.9975,1.0,1.0,0.995,0.9975,0.9825,0.9975,1.0,1.0,0.9975,1.0,0.9975,0.9975,1.0,1.0,0.9975,0.995,0.9975,1.0,0.9975,1.0,1.0,1.0,0.9975,0.995,0.995,0.995,1.0,1.0,0.9975,0.9975,1.0,0.985,1.0,1.0,1.0,0.9975,0.9975,1.0,1.0,0.9975,1.0,0.9975,0.9975,0.995,1.0,0.9975,0.9975,0.9975,1.0,1.0,1.0,1.0,1.0,0.9975,0.995,1.0,0.9975,1.0
0.02	GNN	0.8125,0.59,0.475,0.54,0.56,0.65,0.575,0.3675,0.4525,0.4775,0.4625,0.68,0.495,0.64,0.53,0.775,0.5625,0.5375,0.505,0.555,0.685,0.5125,0.7325,0.6775,0.4525,0.62,0.42,0.5325,0.5775,0.5525,0.5625,0.7275,0.52,0.6575,0.5775,0.615,0.5125,0.675,0.705,0.4525,0.6375,0.48,0.4625,0.465,0.51,0.585,0.55,0.6075,0.615,0.745,0.585,0.6775,0.805,0.6475,0.6675,0.3625,0.625,0.695,0.4325,0.5125,0.575,0.52,0.475,0.78,0.655,0.5225,0.5225,0.59,0.6025,0.39,0.405,0.6,0.5575,0.5825,0.7275,0.82,0.6425,0.5275,0.7025,0.7525,0.4725,0.5375,0.7475,0.6775,0.5625,0.6175,0.52,0.7275,0.565,0.875,0.415,0.6775,0.3675,0.4475,0.4075,0.505,0.575,0.625,0.7625,0.535,0.595,0.55,0.7825,0.7225,0.67,0.6975,0.685,0.63,0.7,0.5375,0.66,0.7925,0.6525,0.55,0.3825,0.5125,0.705,0.77,0.7175,0.645,0.4775,0.4625,0.6,0.4875,0.5325,0.89,0.7175,0.5125,0.655,0.6475,0.7275,0.6425,0.6725,0.6225,0.805,0.47,0.5125,0.51,0.4225,0.375,0.4375,0.4625,0.4975,0.7575,0.6275,0.555,0.695,0.765,0.545,0.41,0.6975,0.5675,0.6125,0.525,0.635,0.295,0.5575,0.7525,0.6,0.38,0.705,0.5575,0.595,0.37,0.4325,0.41,0.45,0.345,0.5975,0.6375,0.38,0.6575,0.7125,0.3625,0.615,0.505,0.7,0.355,0.485,0.8225,0.525,0.39,0.53,0.6125,0.625,0.6225,0.47,0.6975,0.4675,0.6475,0.64,0.615,0.62,0.5275,0.8075,0.5225,0.6,0.41,0.2975,0.6525
0.02	GG	0.995,0.99,0.9925,0.99,0.975,1.0,0.99,1.0,0.98,1.0,0.9975,0.995,1.0,1.0,0.9875,0.9775,0.9725,1.0,1.0,1.0,0.995,1.0,1.0,0.95,0.9125,0.9975,0.895,0.9975,0.9075,1.0,0.995,0.9975,1.0,0.985,1.0,0.9975,1.0,1.0,0.995,1.0,0.995,0.9775,1.0,1.0,0.9925,1.0,0.9975,1.0,0.99,0.9975,0.975,0.9975,0.9925,0.9975,0.9975,1.0,1.0,1.0,1.0,1.0,0.9825,0.9975,0.995,1.0,0.9925,0.8925,1.0,0.9825,1.0,0.89,1.0,0.995,1.0,0.995,0.9925,1.0,0.87,0.96,0.9975,1.0,1.0,1.0,0.9575,0.995,1.0,0.84,1.0,0.9825,0.9975,0.995,0.9925,1.0,0.9975,0.9875,0.9875,1.0,0.9775,0.9975,1.0,0.9975,1.0,0.9825,1.0,0.9975,0.9825,0.97,0.99,0.9975,0.99,0.9975,0.9975,1.0,1.0,0.9975,0.985,0.9525,0.9975,0.99,0.9975,0.9775,0.925,0.9875,0.9975,0.995,0.985,1.0,0.9925,0.98,1.0,0.9975,1.0,1.0,0.99,1.0,0.9775,0.9925,1.0,0.9825,1.0,1.0,0.995,0.925,1.0,1.0,0.99,0.9975,0.98,0.9975,0.9975,1.0,0.9875,1.0,0.99,0.9975,0.9925,0.9825,0.985,0.995,0.9825,0.88,0.9825,1.0,1.0,0.9775,0.855,0.9775,0.995,0.9925,1.0,0.945,0.99,0.995,1.0,0.995,1.0,0.9975,1.0,0.9975,0.9975,0.875,0.9525,0.995,1.0,1.0,1.0,0.925,0.985,0.9175,0.9675,0.9875,1.0,0.9925,0.9975,0.995,0.985,0.985,0.995,0.9575,0.9975,0.9925
0.02	GG2	1.0,0.9925,0.995,0.995,0.99,1.0,0.9975,1.0,0.99,1.0,0.995,1.0,1.0,1.0,0.99,0.985,0.9925,1.0,1.0,1.0,0.9975,1.0,1.0,0.9725,0.9525,0.9975,0.995,1.0,0.995,1.0,0.995,0.9975,1.0,0.99,1.0,0.9975,1.0,1.0,0.995,1.0,0.995,0.99,1.0,1.0,0.9925,1.0,1.0,1.0,1.0,1.0,0.99,0.9975,0.9975,1.0,0.9975,1.0,1.0,1.0,1.0,1.0,0.9875,0.9975,0.9975,1.0,0.995,0.985,0.9975,0.9925,0.9975,0.945,1.0,1.0,1.0,0.9975,0.9975,1.0,0.95,1.0,0.9975,1.0,1.0,1.0,0.9975,0.9975,1.0,0.9775,1.0,0.99,0.9975,0.995,0.9975,0.9975,1.0,1.0,0.99,1.0,0.985,0.9975,1.0,0.9975,1.0,0.99,1.0,0.9975,0.9925,0.9925,0.995,0.9975,0.995,0.9975,0.9975,0.9975,1.0,1.0,0.995,0.9775,1.0,0.9925,1.0,0.9775,0.975,0.99,0.9975,0.995,1.0,1.0,0.9925,0.9925,1.0,0.9975,1.0,1.0,0.9925,1.0,0.9975,0.9925,1.0,0.99,1.0,1.0,0.995,0.9725,1.0,1.0,0.9925,0.9975,0.9975,0.9975,1.0,1.0,0.9925,1.0,0.9925,0.9975,0.9975,0.9975,0.9975,1.0,0.99,0.9925,0.9925,1.0,1.0,0.9875,0.9775,0.995,0.9975,0.995,1.0,0.995,0.995,0.995,1.0,0.9975,1.0,0.9975,1.0,0.9975,0.9975,0.95,0.985,1.0,1.0,1.0,1.0,0.985,0.995,0.9775,1.0,0.995,1.0,1.0,1.0,0.9975,0.9925,0.995,0.9925,0.995,1.0,0.995
0.03	GEE	0.9875,1.0,0.9975,0.9975,0.9925,0.9925,0.99,0.9925,1.0,0.98,1.0,0.995,0.9975,0.995,0.9925,0.995,1.0,0.9975,0.9875,0.9925,0.99,0.995,0.9975,1.0,0.995,1.0,0.9975,0.99,0.9825,0.9875,0.99,0.9925,0.9975,0.99,0.9975,0.9925,0.9925,0.995,0.995,0.995,0.9975,0.9975,1.0,0.995,0.9925,0.9975,0.995,0.9975,0.995,0.9975,0.995,0.9825,0.995,0.9875,1.0,0.9975,0.9925,0.9975,0.985,0.9925,0.9975,0.9975,0.9925,0.9925,0.9975,0.98,0.995,0.995,0.995,0.995,0.99,0.995,0.995,0.9925,0.99,0.9975,1.0,0.9975,0.9975,0.9975,0.9925,0.985,0.995,0.99,0.995,0.9975,0.99,0.9975,0.9925,0.9925,0.9925,0.98,0.9975,0.9825,0.9975,0.99,0.9975,0.9975,0.9925,0.995,1.0,0.995,0.985,0.99,0.9825,0.995,0.9925,0.9875,0.995,0.995,0.985,0.995,0.985,0.98,0.995,0.985,0.9975,0.9825,0.995,0.9925,0.9975,0.9925,0.9925,0.995,0.9875,0.995,0.9975,0.9975,0.9925,0.995,0.9925,0.9875,0.9925,0.995,0.9875,0.995,0.985,0.9975,0.9925,0.9975,0.9925,0.995,0.995,0.995,1.0,0.985,0.99,0.9975,0.9975,0.995,0.995,0.9975,0.9975,0.9875,0.99,0.9875,0.9925,0.9925,0.9875,0.985,0.9875,0.9925,0.995,0.9875,0.99,0.9925,0.9925,0.995,0.9975,1.0,1.0,0.985,0.995,0.985,0.995,1.0,0.9925,0.9975,0.99,1.0,0.9875,0.995,0.995,0.995,0.995,0.985,0.995,0.9875,0.9925,0.9975,0.995,0.9975,0.99,0.9975,0.99,0.9875,0.9875,0.9975,0.9975,0.9975
0.03	GNN	0.7575,0.585,0.47,0.4775,0.43,0.575,0.49,0.355,0.4325,0.39,0.4025,0.6325,0.4775,0.555,0.425,0.68,0.48,0.485,0.4475,0.3425,0.5775,0.44,0.7575,0.5975,0.355,0.525,0.36,0.4125,0.54,0.5475,0.465,0.655,0.39,0.6075,0.5125,0.455,0.49,0.6575,0.71,0.39,0.535,0.475,0.385,0.4425,0.405,0.335,0.5525,0.6,0.5575,0.6825,0.4825,0.635,0.6725,0.6,0.6175,0.3475,0.4975,0.635,0.3025,0.4925,0.4925,0.4475,0.3675,0.7375,0.55,0.51,0.4325,0.6025,0.5375,0.365,0.3825,0.5875,0.5675,0.485,0.705,0.745,0.565,0.5,0.68,0.625,0.4525,0.4625,0.6125,0.6025,0.4925,0.5275,0.4325,0.6175,0.4825,0.8725,0.385,0.57,0.36,0.3275,0.305,0.465,0.53,0.5675,0.6425,0.4875,0.4775,0.5175,0.6975,0.6275,0.5825,0.5625,0.725,0.54,0.68,0.495,0.63,0.6925,0.615,0.4575,0.3525,0.42,0.67,0.7,0.615,0.5825,0.4425,0.48,0.52,0.475,0.4475,0.8225,0.63,0.4475,0.545,0.575,0.6975,0.61,0.61,0.58,0.7475,0.37,0.4425,0.5075,0.38,0.3925,0.3725,0.48,0.36,0.645,0.515,0.4975,0.6225,0.665,0.59,0.3175,0.605,0.5,0.5325,0.47,0.5925,0.2375,0.5325,0.6775,0.5575,0.3,0.6875,0.4575,0.515,0.305,0.3975,0.3875,0.4275,0.2775,0.63,0.5825,0.385,0.5175,0.695,0.3125,0.5275,0.3975,0.63,0.3425,0.4275,0.8025,0.3825,0.3575,0.495,0.465,0.56,0.55,0.42,0.635,0.515,0.56,0.5675,0.485,0.5275,0.465,0.7275,0.535,0.4875,0.42,0.2675,0.585
0.03	GG	0.945,0.98,0.98,0.9925,0.95,0.9925,0.99,0.98,0.9825,0.9925,0.995,0.9925,0.985,0.985,0.97,0.985,0.9775,0.9975,0.995,0.99,0.9875,0.9875,0.9975,0.9525,0.935,0.9925,0.8475,0.9975,0.94,0.9925,0.9825,0.98,1.0,0.9425,0.995,0.9925,0.99,0.9975,0.9775,0.995,0.9925,0.9675,0.9975,0.9925,0.985,0.995,1.0,0.99,0.9725,0.995,0.97,0.985,0.9925,0.98,0.9975,1.0,0.995,0.9975,0.985,0.995,0.9525,1.0,0.985,0.9975,0.98,0.8975,0.9975,0.98,0.9925,0.95,0.9925,0.995,0.995,0.985,0.9825,1.0,0.89,0.9575,1.0,0.995,0.995,0.9925,0.91,0.96,0.9975,0.8725,0.9975,0.975,0.985,0.9875,0.9675,0.98,0.99,0.975,0.9925,0.995,0.9625,0.995,0.9875,0.9875,1.0,0.9625,0.99,0.995,0.9875,0.9175,0.985,0.995,0.99,0.995,0.9875,0.9925,0.995,0.985,0.97,0.97,0.985,0.96,0.9875,0.965,0.9575,0.98,0.9975,0.995,0.98,0.9975,0.9975,0.935,0.995,0.995,0.9875,0.995,0.985,0.995,0.96,0.985,0.9975,0.975,0.99,1.0,0.9975,0.9525,0.985,0.99,0.995,0.9925,0.9375,1.0,0.9875,0.9975,0.9875,0.9975,0.975,0.98,0.99,0.965,0.9675,0.99,0.98,0.9,0.97,0.9925,0.9925,0.9525,0.8825,0.9725,0.995,0.995,0.995,0.9525,0.99,0.995,0.995,0.9875,0.9975,1.0,0.995,0.995,0.99,0.825,0.91,0.9975,0.9925,0.9975,0.995,0.935,0.975,0.915,0.9625,0.9775,0.995,0.99,0.99,0.9975,0.94,0.9675,0.985,0.97,0.9975,0.995
0.03	GG2	0.945,0.9875,0.9875,0.995,0.99,0.9925,0.9925,0.99,0.985,0.995,0.995,0.9975,0.99,0.9925,0.975,0.985,1.0,1.0,0.995,0.9925,0.99,0.9925,0.9975,0.9625,0.9525,0.9975,0.98,0.9975,0.985,0.9925,0.9875,0.99,0.9975,0.9575,0.9975,0.9925,0.9925,0.9975,0.9825,0.995,0.9925,0.9775,0.9975,0.9925,0.99,0.9975,1.0,0.99,0.975,0.995,0.975,0.9875,0.9975,0.985,0.9975,1.0,0.9925,1.0,0.985,0.995,0.9775,0.9975,0.99,1.0,0.985,0.9775,0.9975,0.9825,0.995,0.97,0.9925,0.995,0.995,0.99,0.99,1.0,0.955,0.9775,1.0,0.9975,0.9925,0.995,0.9775,0.9725,1.0,0.95,0.9975,0.9875,0.985,0.985,0.9725,0.98,0.99,0.98,0.995,0.995,0.98,0.9975,0.99,0.985,1.0,0.97,0.9875,0.9975,0.985,0.93,0.985,0.995,0.99,0.995,0.99,0.9925,0.9875,0.9825,0.99,0.9825,0.99,0.9675,0.99,0.97,0.975,0.98,0.995,0.9975,0.99,0.9975,0.9975,0.9675,0.9975,0.9975,0.9875,0.995,0.9925,0.995,0.985,0.9875,0.995,0.9875,0.9925,1.0,0.9975,0.975,0.985,0.995,0.9975,0.9925,0.975,1.0,0.9925,1.0,0.9875,0.9975,0.9825,0.9825,0.9925,0.9725,0.9825,0.995,0.985,0.9525,0.9825,0.9925,0.9925,0.9525,0.965,0.99,0.995,0.995,0.995,0.96,0.9925,0.995,0.995,0.99,0.9975,1.0,0.995,0.9975,0.9925,0.9425,0.9825,0.9975,0.995,0.9975,0.995,0.9575,0.985,0.965,0.9825,0.9825,0.995,0.9925,0.995,0.9975,0.975,0.975,0.9875,0.9825,0.9975,0.9975
0.04	GEE	0.9825,0.9775,0.9725,0.9875,0.9725,0.9825,0.98,0.9825,0.9825,0.98,0.9875,0.975,0.9775,0.9825,0.995,0.9775,0.985,0.9875,0.9775,0.9825,0.9875,0.9775,0.975,0.985,0.975,0.995,0.98,0.98,0.99,0.99,0.975,0.9925,0.985,0.985,0.99,0.9775,0.9725,0.99,0.9775,0.985,0.9725,0.9775,0.9825,0.99,0.9825,0.995,0.975,0.9875,0.9775,0.9925,0.9825,0.98,0.9875,0.9825,0.9825,0.99,0.975,0.985,0.98,0.9725,0.99,0.975,0.9875,0.9875,0.98,0.9675,0.9875,0.9825,0.98,0.9825,0.9775,0.985,0.9875,0.98,0.985,0.99,0.9825,0.975,0.98,0.9875,0.9825,0.97,0.9825,0.9825,0.9775,0.9725,0.9925,0.975,0.975,0.9825,0.985,0.975,0.975,0.9825,0.9875,0.98,0.98,0.985,0.98,0.9775,0.97,0.985,0.9775,0.9725,0.9825,0.985,0.9675,0.9775,0.9925,0.9875,0.98,0.98,0.9925,0.9825,0.98,0.9675,0.9775,0.985,0.99,0.9575,0.9825,0.9875,0.99,0.985,0.975,0.99,0.9825,0.9825,0.985,0.9775,0.9725,0.99,0.9875,0.9975,0.95,0.975,0.9775,0.9825,0.985,0.995,0.985,0.9725,0.9825,0.99,0.975,0.9825,0.98,0.9875,0.985,0.9775,0.9775,0.9725,0.9825,0.9925,0.985,0.985,0.97,0.9775,0.9825,0.98,0.99,0.9925,0.9825,0.9825,0.9825,0.985,0.9725,0.985,0.9925,0.985,0.98,0.9825,0.9725,0.94,0.995,0.985,0.99,0.9725,0.99,0.9775,0.9775,0.97,0.98,0.985,0.9725,0.9875,0.98,0.975,0.97,0.9875,0.98,0.9775,0.99,0.9825,0.995,0.985,0.9775,0.985,0.99,0.995
0.04	GNN	0.725,0.435,0.37,0.345,0.325,0.4925,0.4925,0.3525,0.3125,0.32,0.455,0.515,0.4575,0.44,0.3825,0.59,0.4475,0.35,0.39,0.3775,0.5075,0.3575,0.6175,0.555,0.345,0.48,0.3275,0.43,0.4675,0.49,0.385,0.575,0.375,0.5725,0.4225,0.53,0.415,0.5825,0.6525,0.3625,0.55,0.4375,0.3075,0.39,0.4475,0.355,0.48,0.5,0.4675,0.6225,0.42,0.595,0.6425,0.6725,0.5275,0.2975,0.45,0.6075,0.2925,0.35,0.425,0.3625,0.3525,0.67,0.4925,0.4075,0.37,0.5125,0.46,0.255,0.3175,0.52,0.4875,0.4375,0.6075,0.745,0.5525,0.4725,0.5925,0.575,0.415,0.44,0.61,0.5575,0.44,0.47,0.43,0.62,0.455,0.805,0.37,0.54,0.31,0.3125,0.2925,0.4825,0.4375,0.5325,0.5825,0.4275,0.46,0.465,0.6575,0.5575,0.59,0.515,0.6175,0.51,0.65,0.3925,0.53,0.605,0.5325,0.4125,0.28,0.38,0.5675,0.675,0.58,0.5375,0.32,0.4325,0.55,0.4225,0.4525,0.8175,0.6025,0.4125,0.5525,0.57,0.6275,0.4375,0.53,0.5275,0.705,0.3475,0.3675,0.47,0.3475,0.31,0.3475,0.425,0.3225,0.6325,0.4625,0.4025,0.505,0.6525,0.4475,0.34,0.5725,0.3875,0.5225,0.42,0.52,0.2725,0.42,0.6075,0.52,0.36,0.54,0.39,0.48,0.2825,0.33,0.29,0.3925,0.2875,0.4825,0.49,0.3025,0.4525,0.64,0.3175,0.4725,0.3675,0.5325,0.3025,0.3825,0.6575,0.3975,0.2575,0.4175,0.38,0.5525,0.425,0.3325,0.545,0.385,0.535,0.4975,0.505,0.48,0.48,0.6275,0.5225,0.445,0.395,0.29,0.5325
0.04	GG	0.9375,0.9575,0.9675,0.9725,0.93,0.9925,0.9625,0.9775,0.9675,0.985,0.995,0.9775,0.9675,0.9725,0.945,0.955,0.9625,0.9875,0.975,0.97,0.985,0.98,0.98,0.9225,0.9125,0.9875,0.8325,0.985,0.9325,0.99,0.965,0.97,0.9825,0.9375,0.9825,0.9775,0.985,0.985,0.9775,0.9825,0.9575,0.9575,0.995,0.98,0.965,0.985,0.98,0.9875,0.96,0.975,0.9575,0.9875,0.9875,0.935,0.9825,0.985,0.98,0.9875,0.9775,0.9725,0.9625,0.975,0.975,0.985,0.965,0.91,0.9875,0.955,0.9775,0.96,0.9775,0.9825,0.98,0.96,0.95,0.98,0.8675,0.9425,0.97,0.98,0.985,0.9875,0.895,0.9275,0.9775,0.8475,0.9925,0.96,0.965,0.965,0.945,0.9775,0.965,0.9625,0.985,0.975,0.9575,0.9825,0.98,0.955,0.9775,0.9425,0.9825,0.9725,0.9675,0.945,0.96,0.9675,0.98,0.9825,0.975,0.97,0.99,0.96,0.95,0.9425,0.96,0.945,0.9875,0.9575,0.9525,0.9725,0.9875,0.9725,0.9675,0.9875,0.975,0.9375,0.98,0.985,0.965,0.985,0.965,0.9925,0.9525,0.96,0.99,0.975,0.99,1.0,0.965,0.9175,0.99,0.97,0.9775,0.9675,0.9275,0.99,0.96,0.9875,0.975,0.9825,0.945,0.9725,0.9675,0.9675,0.925,0.975,0.975,0.8975,0.96,0.9875,0.9825,0.9425,0.8825,0.9625,0.9725,0.975,0.985,0.9225,0.9625,0.9775,0.9675,0.9475,0.9875,0.985,0.99,0.9775,0.9875,0.785,0.915,0.9775,0.975,0.9875,0.9725,0.9275,0.96,0.875,0.9575,0.955,0.975,0.975,0.96,0.99,0.9325,0.97,0.9675,0.935,0.985,0.985
0.04	GG2	0.9375,0.9625,0.9675,0.98,0.94,0.995,0.9775,0.9775,0.98,0.9875,0.995,0.9775,0.9725,0.98,0.9475,0.965,0.9725,0.99,0.985,0.97,0.9925,0.9825,0.9825,0.955,0.9225,0.9925,0.9575,0.9875,0.9825,0.99,0.9725,0.97,0.99,0.9625,0.9875,0.9725,0.985,0.9825,0.98,0.985,0.955,0.96,0.995,0.9825,0.9675,0.99,0.98,0.9925,0.97,0.9825,0.965,0.99,0.9875,0.9675,0.98,0.99,0.985,0.9875,0.9775,0.9775,0.9725,0.975,0.985,0.985,0.9725,0.9375,0.9925,0.96,0.9775,0.965,0.98,0.985,0.985,0.96,0.96,0.98,0.9225,0.9575,0.975,0.9925,0.9875,0.9875,0.945,0.9375,0.98,0.925,0.9925,0.965,0.9725,0.965,0.9675,0.975,0.9675,0.9775,0.985,0.98,0.9675,0.985,0.9825,0.96,0.9775,0.96,0.9825,0.9825,0.975,0.965,0.9625,0.9675,0.9825,0.9875,0.9775,0.9725,0.99,0.97,0.9625,0.9625,0.9625,0.955,0.985,0.955,0.9775,0.9775,0.99,0.975,0.9775,0.9925,0.98,0.9375,0.98,0.9825,0.97,0.9875,0.9775,0.995,0.9625,0.96,0.99,0.9725,0.9925,0.9975,0.9775,0.9375,0.9875,0.975,0.98,0.9775,0.9375,0.9925,0.9675,0.985,0.975,0.9825,0.9625,0.98,0.9825,0.9775,0.9425,0.975,0.9775,0.945,0.9725,0.985,0.9825,0.96,0.9375,0.97,0.9775,0.9775,0.9875,0.9525,0.9675,0.975,0.9725,0.955,0.9925,0.99,0.995,0.9775,0.995,0.865,0.955,0.98,0.9825,0.99,0.9675,0.97,0.965,0.945,0.9675,0.955,0.975,0.975,0.96,0.9925,0.9575,0.98,0.9675,0.9525,0.985,0.9825
0.05	GEE	0.93,0.96,0.97,0.98,0.95,0.97,0.94,0.9475,0.965,0.9675,0.97,0.975,0.9725,0.975,0.97,0.9775,0.97,0.9625,0.97,0.9675,0.97,0.9625,0.9725,0.9675,0.9375,0.9725,0.95,0.9,0.9475,0.935,0.94,0.97,0.975,0.9625,0.965,0.96,0.9575,0.9625,0.9625,0.9625,0.96,0.9525,0.96,0.96,0.9675,0.975,0.97,0.9825,0.955,0.9675,0.945,0.9625,0.965,0.98,0.9525,0.9625,0.9725,0.9625,0.9825,0.955,0.9675,0.93,0.95,0.935,0.9475,0.9275,0.9725,0.95,0.945,0.945,0.93,0.9575,0.98,0.945,0.9575,0.9625,0.9525,0.97,0.94,0.9725,0.9775,0.955,0.955,0.94,0.9625,0.985,0.9575,0.9575,0.945,0.975,0.9475,0.965,0.9725,0.9775,0.95,0.9575,0.9625,0.96,0.935,0.9525,0.935,0.94,0.9425,0.94,0.9525,0.955,0.95,0.965,0.9725,0.9525,0.95,0.965,0.9725,0.9475,0.955,0.91,0.965,0.955,0.97,0.94,0.9425,0.9425,0.9425,0.9725,0.9375,0.94,0.96,0.9675,0.965,0.96,0.9675,0.9725,0.975,0.965,0.935,0.9625,0.9525,0.9625,0.9625,0.965,0.9525,0.95,0.9575,0.9575,0.95,0.9525,0.9325,0.9625,0.9625,0.975,0.965,0.975,0.96,0.9575,0.97,0.9575,0.9425,0.9675,0.9725,0.9425,0.9625,0.9475,0.9725,0.9525,0.9475,0.955,0.9425,0.9675,0.9775,0.9525,0.9825,0.97,0.94,0.935,0.975,0.98,0.96,0.9375,0.94,0.955,0.945,0.9575,0.96,0.95,0.9625,0.9575,0.9775,0.945,0.945,0.95,0.955,0.965,0.9675,0.955,0.955,0.965,0.9525,0.9675,0.965,0.9675
0.05	GNN	0.6475,0.4425,0.325,0.345,0.325,0.4175,0.41,0.27,0.28,0.3025,0.3775,0.4225,0.4275,0.4425,0.4125,0.62,0.445,0.355,0.4,0.315,0.4825,0.3275,0.5875,0.5175,0.2825,0.42,0.325,0.3175,0.435,0.46,0.4125,0.545,0.345,0.515,0.3575,0.4025,0.39,0.5575,0.585,0.34,0.45,0.4425,0.2875,0.3275,0.46,0.385,0.46,0.4175,0.4225,0.63,0.4325,0.53,0.5225,0.5075,0.4375,0.2675,0.4325,0.57,0.3025,0.3425,0.3525,0.3025,0.3625,0.57,0.43,0.425,0.2975,0.5025,0.425,0.2325,0.3,0.4625,0.495,0.4,0.4975,0.6175,0.4575,0.445,0.5175,0.4625,0.385,0.41,0.5725,0.4925,0.425,0.39,0.3825,0.5725,0.3675,0.6925,0.2625,0.475,0.28,0.23,0.255,0.46,0.425,0.46,0.46,0.335,0.4375,0.34,0.63,0.4225,0.48,0.48,0.5625,0.51,0.565,0.3675,0.52,0.52,0.46,0.395,0.27,0.43,0.5175,0.6475,0.53,0.4225,0.3025,0.4175,0.4725,0.415,0.3375,0.64,0.5025,0.3875,0.5275,0.4475,0.5675,0.4275,0.465,0.46,0.6225,0.26,0.385,0.495,0.3075,0.2525,0.32,0.365,0.2875,0.5125,0.4275,0.3875,0.505,0.575,0.3925,0.2775,0.545,0.3925,0.4175,0.4025,0.49,0.21,0.4025,0.55,0.4775,0.2325,0.5225,0.345,0.41,0.255,0.3025,0.275,0.335,0.275,0.44,0.415,0.2675,0.405,0.485,0.2425,0.4275,0.325,0.4725,0.2575,0.34,0.6275,0.365,0.2175,0.39,0.37,0.515,0.3225,0.3175,0.4475,0.2975,0.5325,0.4,0.4275,0.39,0.33,0.5675,0.4175,0.3675,0.385,0.21,0.4975
0.05	GG	0.8825,0.9225,0.9375,0.955,0.905,0.9525,0.9475,0.935,0.93,0.9775,0.97,0.9625,0.97,0.9575,0.9275,0.9425,0.93,0.96,0.9625,0.9425,0.955,0.9775,0.955,0.9375,0.8925,0.955,0.88,0.95,0.875,0.9575,0.89,0.945,0.9425,0.925,0.9475,0.96,0.9725,0.98,0.96,0.9775,0.935,0.9275,0.9525,0.955,0.92,0.975,0.9475,0.965,0.91,0.955,0.9225,0.92,0.955,0.9375,0.955,0.9525,0.975,0.965,0.985,0.95,0.9075,0.95,0.95,0.935,0.935,0.9075,0.9525,0.8925,0.975,0.9275,0.9375,0.9375,0.98,0.9175,0.935,0.96,0.8825,0.935,0.9475,0.95,0.97,0.965,0.875,0.8725,0.95,0.8725,0.975,0.95,0.9375,0.9675,0.915,0.965,0.9525,0.95,0.975,0.9525,0.8825,0.945,0.95,0.955,0.9575,0.9425,0.97,0.9725,0.915,0.875,0.945,0.935,0.95,0.96,0.9425,0.915,0.9725,0.935,0.9225,0.915,0.9425,0.9,0.96,0.93,0.9075,0.9125,0.97,0.955,0.92,0.9625,0.9575,0.935,0.9675,0.9575,0.9575,0.98,0.9425,0.9725,0.925,0.9375,0.9675,0.9225,0.95,0.9775,0.9375,0.89,0.9525,0.9475,0.915,0.9575,0.8675,0.9725,0.9425,0.9775,0.95,0.97,0.905,0.9375,0.965,0.9475,0.9,0.9725,0.96,0.92,0.92,0.96,0.96,0.8825,0.8525,0.9175,0.9225,0.93,0.9675,0.905,0.9675,0.865,0.945,0.9425,0.9375,0.9575,0.9575,0.9475,0.9425,0.8675,0.9025,0.9775,0.965,0.9575,0.9675,0.8875,0.9425,0.87,0.9225,0.9375,0.955,0.96,0.9125,0.95,0.915,0.955,0.94,0.91,0.9725,0.94
0.05	GG2	0.8925,0.93,0.945,0.965,0.9225,0.9525,0.9625,0.94,0.9375,0.97,0.9675,0.975,0.97,0.9575,0.9475,0.965,0.94,0.97,0.965,0.955,0.955,0.9725,0.9625,0.9425,0.905,0.9575,0.905,0.95,0.9275,0.96,0.9075,0.945,0.9575,0.935,0.9525,0.9575,0.975,0.98,0.965,0.9825,0.945,0.95,0.9525,0.96,0.935,0.9775,0.96,0.975,0.935,0.955,0.94,0.9525,0.9625,0.98,0.955,0.945,0.98,0.965,0.985,0.9525,0.945,0.9375,0.9475,0.935,0.9425,0.91,0.9575,0.9075,0.98,0.9425,0.94,0.935,0.985,0.9275,0.9475,0.9625,0.9175,0.9575,0.95,0.97,0.9675,0.96,0.9075,0.89,0.9525,0.9525,0.9825,0.9675,0.94,0.97,0.925,0.9675,0.9525,0.9625,0.9775,0.9675,0.905,0.9575,0.9475,0.9575,0.955,0.945,0.97,0.975,0.9125,0.905,0.9525,0.935,0.9525,0.9725,0.9475,0.925,0.9725,0.935,0.92,0.9175,0.9475,0.92,0.97,0.93,0.9,0.9175,0.9625,0.9625,0.94,0.97,0.9575,0.945,0.97,0.96,0.955,0.9825,0.96,0.97,0.94,0.9475,0.97,0.94,0.96,0.975,0.94,0.9025,0.955,0.95,0.9325,0.965,0.89,0.975,0.9475,0.9725,0.95,0.9775,0.915,0.9325,0.965,0.945,0.91,0.9675,0.965,0.9275,0.9375,0.965,0.9625,0.92,0.885,0.9275,0.96,0.9575,0.9725,0.9325,0.9775,0.965,0.9475,0.945,0.94,0.97,0.9575,0.9575,0.9475,0.8975,0.93,0.975,0.97,0.9625,0.9675,0.91,0.9775,0.9325,0.93,0.935,0.9525,0.975,0.9325,0.9475,0.92,0.96,0.9275,0.92,0.9725,0.9425
0.06	GEE	0.89,0.9125,0.9175,0.945,0.915,0.93,0.91,0.9175,0.9225,0.8925,0.905,0.92,0.935,0.925,0.935,0.96,0.9275,0.9275,0.935,0.9225,0.915,0.93,0.92,0.9275,0.935,0.925,0.9025,0.87,0.925,0.9375,0.9225,0.925,0.9375,0.915,0.915,0.925,0.91,0.92,0.9075,0.9425,0.9225,0.885,0.9275,0.91,0.9075,0.9475,0.92,0.9475,0.945,0.9525,0.8725,0.9425,0.93,0.93,0.9325,0.915,0.9325,0.8975,0.9425,0.885,0.9075,0.84,0.9375,0.88,0.88,0.9025,0.95,0.9425,0.915,0.9075,0.9175,0.93,0.92,0.9175,0.925,0.935,0.8975,0.935,0.925,0.9325,0.94,0.88,0.915,0.925,0.9125,0.9175,0.95,0.8775,0.915,0.92,0.915,0.9075,0.93,0.925,0.93,0.91,0.915,0.94,0.915,0.895,0.9175,0.93,0.915,0.9175,0.91,0.9225,0.8725,0.9325,0.9325,0.91,0.91,0.93,0.9275,0.9375,0.905,0.885,0.9225,0.925,0.9275,0.9225,0.9225,0.9275,0.915,0.91,0.9,0.9275,0.9225,0.92,0.9275,0.88,0.925,0.9025,0.945,0.955,0.865,0.9125,0.9125,0.9425,0.93,0.9425,0.885,0.92,0.92,0.9525,0.9575,0.9425,0.9275,0.9475,0.94,0.925,0.9225,0.935,0.93,0.915,0.92,0.925,0.9,0.9275,0.9275,0.925,0.925,0.9125,0.9275,0.9375,0.9475,0.9275,0.9425,0.925,0.94,0.9025,0.94,0.9275,0.905,0.8925,0.9325,0.92,0.93,0.9125,0.8875,0.94,0.905,0.925,0.9125,0.915,0.905,0.9225,0.9325,0.94,0.9125,0.91,0.935,0.935,0.9325,0.9,0.9475,0.9275,0.94,0.9425,0.9175,0.945
0.06	GNN	0.6225,0.435,0.3025,0.3275,0.2925,0.4525,0.4,0.2525,0.3225,0.285,0.3575,0.4475,0.36,0.36,0.3175,0.495,0.385,0.365,0.33,0.325,0.4425,0.3275,0.57,0.6025,0.2825,0.3725,0.3,0.3375,0.3775,0.395,0.3825,0.44,0.32,0.4675,0.33,0.41,0.3975,0.5075,0.545,0.35,0.4575,0.4675,0.3,0.3225,0.3925,0.2875,0.37,0.3525,0.4275,0.61,0.4525,0.4875,0.495,0.5,0.42,0.2875,0.4325,0.5025,0.2725,0.275,0.3575,0.3375,0.335,0.595,0.4825,0.405,0.3325,0.4575,0.39,0.2125,0.2725,0.4375,0.38,0.4,0.5675,0.5275,0.5175,0.43,0.5125,0.48,0.3675,0.4375,0.5175,0.5,0.4125,0.3425,0.3025,0.5225,0.36,0.6675,0.3025,0.45,0.2525,0.2275,0.2425,0.48,0.3675,0.415,0.38,0.36,0.415,0.3175,0.57,0.415,0.4575,0.3475,0.515,0.4275,0.545,0.35,0.47,0.4575,0.42,0.33,0.3,0.3575,0.4775,0.6175,0.4825,0.4975,0.2775,0.3775,0.5025,0.475,0.38,0.6175,0.505,0.3275,0.4275,0.4725,0.46,0.4175,0.48,0.395,0.5975,0.2725,0.345,0.4375,0.305,0.225,0.32,0.3825,0.2275,0.45,0.4425,0.3125,0.4775,0.53,0.4075,0.2325,0.4025,0.395,0.395,0.3375,0.4925,0.2525,0.3475,0.5225,0.4575,0.3,0.475,0.3225,0.4325,0.2425,0.2525,0.245,0.3275,0.2375,0.47,0.42,0.295,0.38,0.505,0.255,0.4225,0.2875,0.49,0.2175,0.36,0.55,0.3975,0.215,0.365,0.425,0.4375,0.33,0.295,0.4525,0.4,0.4475,0.355,0.455,0.355,0.35,0.5625,0.3825,0.34,0.35,0.2,0.465
0.06	GG	0.8025,0.9275,0.905,0.9275,0.835,0.94,0.9425,0.9375,0.9075,0.8925,0.91,0.92,0.925,0.9375,0.8875,0.9,0.915,0.9275,0.9225,0.9075,0.9025,0.93,0.9425,0.8725,0.865,0.92,0.8275,0.9075,0.865,0.945,0.875,0.9125,0.8975,0.8925,0.9275,0.9175,0.9075,0.9325,0.9175,0.96,0.91,0.8825,0.9375,0.91,0.86,0.895,0.9225,0.9525,0.895,0.9275,0.8525,0.93,0.9275,0.8825,0.9375,0.9075,0.94,0.92,0.95,0.9175,0.86,0.9025,0.9025,0.8875,0.8575,0.8725,0.93,0.8725,0.91,0.905,0.89,0.915,0.9175,0.89,0.9125,0.9325,0.845,0.885,0.9175,0.925,0.9325,0.9025,0.8775,0.87,0.8975,0.825,0.9475,0.9175,0.895,0.9,0.9175,0.915,0.9225,0.8875,0.9325,0.8975,0.825,0.9325,0.9225,0.92,0.9375,0.8925,0.935,0.9375,0.8725,0.87,0.87,0.8975,0.8975,0.9475,0.9175,0.8875,0.9225,0.89,0.885,0.885,0.895,0.825,0.9375,0.91,0.9025,0.8925,0.935,0.9025,0.9175,0.9475,0.93,0.875,0.9425,0.9375,0.9125,0.9325,0.92,0.95,0.88,0.8975,0.95,0.91,0.9225,0.9575,0.905,0.9075,0.91,0.92,0.9225,0.9125,0.8475,0.9575,0.935,0.935,0.905,0.945,0.87,0.915,0.9025,0.905,0.8525,0.895,0.9175,0.915,0.9,0.92,0.8825,0.835,0.89,0.9025,0.92,0.9025,0.925,0.84,0.9175,0.915,0.91,0.9075,0.94,0.9325,0.935,0.905,0.915,0.8425,0.8825,0.96,0.915,0.955,0.92,0.8725,0.8875,0.855,0.91,0.8825,0.9375,0.945,0.875,0.91,0.8975,0.9175,0.8875,0.89,0.9325,0.9325
0.06	GG2	0.8275,0.93,0.9125,0.9375,0.8875,0.935,0.935,0.9425,0.91,0.895,0.915,0.925,0.9325,0.9375,0.905,0.94,0.9175,0.9275,0.91,0.9075,0.905,0.9325,0.94,0.9,0.8725,0.915,0.8375,0.895,0.88,0.945,0.8975,0.915,0.9125,0.8925,0.935,0.93,0.915,0.93,0.92,0.955,0.9225,0.8875,0.9325,0.905,0.8525,0.905,0.93,0.9525,0.905,0.925,0.865,0.9425,0.935,0.9375,0.9375,0.9075,0.9425,0.9225,0.9525,0.9325,0.8925,0.9125,0.9075,0.8875,0.865,0.8775,0.9475,0.8775,0.915,0.92,0.8925,0.91,0.9175,0.8925,0.92,0.94,0.8775,0.91,0.9275,0.9425,0.935,0.9025,0.9025,0.8775,0.9075,0.8675,0.9475,0.9125,0.9,0.905,0.9175,0.91,0.9325,0.91,0.9425,0.8925,0.845,0.935,0.9225,0.925,0.9375,0.92,0.93,0.94,0.885,0.88,0.875,0.9075,0.9025,0.95,0.9175,0.9025,0.925,0.9025,0.8825,0.9125,0.9175,0.8675,0.945,0.9075,0.9075,0.8975,0.935,0.9175,0.9375,0.945,0.9225,0.89,0.94,0.93,0.925,0.9225,0.9275,0.955,0.9,0.9,0.9475,0.905,0.9275,0.9525,0.9175,0.925,0.9175,0.935,0.93,0.915,0.8925,0.9525,0.935,0.93,0.92,0.945,0.885,0.915,0.9225,0.9175,0.875,0.905,0.9225,0.92,0.8975,0.9375,0.8875,0.855,0.895,0.91,0.9375,0.9125,0.94,0.87,0.9225,0.925,0.9075,0.905,0.9375,0.9375,0.9325,0.9175,0.9125,0.875,0.9025,0.9525,0.92,0.95,0.9125,0.89,0.9075,0.89,0.92,0.8975,0.94,0.9525,0.8875,0.9075,0.91,0.92,0.9,0.9,0.935,0.935
0.07	GEE	0.845,0.88,0.845,0.875,0.865,0.9,0.83,0.8675,0.8825,0.8875,0.87,0.88,0.8825,0.87,0.9,0.9,0.87,0.865,0.8625,0.8825,0.8625,0.8525,0.8925,0.8925,0.825,0.9075,0.8625,0.825,0.8475,0.87,0.8425,0.895,0.8775,0.865,0.8925,0.83,0.8475,0.8775,0.8375,0.84,0.8675,0.8225,0.8425,0.8525,0.875,0.8775,0.8575,0.8875,0.875,0.87,0.845,0.905,0.855,0.84,0.8825,0.8525,0.905,0.86,0.9275,0.8125,0.9,0.8475,0.8625,0.805,0.86,0.82,0.855,0.875,0.8625,0.8725,0.86,0.91,0.89,0.8975,0.88,0.87,0.8825,0.8925,0.8475,0.88,0.905,0.87,0.8775,0.84,0.8425,0.88,0.8875,0.8025,0.8575,0.89,0.845,0.865,0.855,0.91,0.885,0.9,0.8825,0.89,0.875,0.8775,0.8375,0.8525,0.8675,0.86,0.8825,0.8475,0.8075,0.85,0.89,0.8425,0.8875,0.8725,0.89,0.9025,0.855,0.81,0.8725,0.8575,0.855,0.8625,0.8675,0.85,0.8575,0.8525,0.8575,0.8725,0.875,0.9,0.8775,0.7825,0.8625,0.81,0.865,0.9,0.8325,0.8675,0.835,0.895,0.8775,0.8825,0.875,0.875,0.8725,0.8725,0.86,0.86,0.8925,0.8875,0.8825,0.88,0.875,0.8925,0.885,0.9125,0.8725,0.8425,0.865,0.8725,0.9,0.86,0.9075,0.8275,0.845,0.87,0.8925,0.885,0.885,0.8775,0.88,0.8425,0.8925,0.875,0.88,0.8725,0.89,0.9025,0.8675,0.8575,0.885,0.8875,0.87,0.87,0.855,0.88,0.865,0.8525,0.87,0.8675,0.84,0.8325,0.8975,0.8825,0.9,0.8575,0.9,0.855,0.845,0.88,0.8675,0.8725
0.07	GNN	0.575,0.37,0.2225,0.2575,0.2675,0.37,0.335,0.22,0.3225,0.2675,0.335,0.3,0.3875,0.365,0.3025,0.4725,0.3325,0.3,0.32,0.2775,0.35,0.2925,0.5375,0.4425,0.25,0.3525,0.295,0.28,0.3425,0.3275,0.325,0.37,0.29,0.41,0.2975,0.345,0.33,0.4625,0.4425,0.2725,0.405,0.3625,0.29,0.285,0.36,0.26,0.32,0.37,0.3425,0.5025,0.3625,0.445,0.44,0.4275,0.4,0.2475,0.335,0.47,0.2375,0.2975,0.32,0.295,0.3175,0.4775,0.365,0.335,0.275,0.4125,0.3675,0.2125,0.2275,0.44,0.4125,0.315,0.455,0.4875,0.3825,0.38,0.435,0.4975,0.305,0.3475,0.4125,0.43,0.4125,0.305,0.295,0.4825,0.3275,0.61,0.3,0.425,0.1975,0.1725,0.2225,0.3875,0.36,0.375,0.375,0.315,0.3975,0.3075,0.47,0.36,0.4375,0.36,0.435,0.3725,0.495,0.2625,0.41,0.4075,0.4225,0.3025,0.26,0.315,0.405,0.525,0.405,0.38,0.305,0.36,0.4375,0.4375,0.29,0.61,0.4125,0.29,0.44,0.405,0.4575,0.34,0.3775,0.395,0.4675,0.265,0.3275,0.395,0.2525,0.25,0.275,0.3375,0.245,0.415,0.44,0.29,0.4075,0.4525,0.335,0.235,0.385,0.3225,0.3725,0.3475,0.39,0.255,0.375,0.45,0.4275,0.1775,0.425,0.3175,0.3325,0.225,0.2525,0.21,0.32,0.26,0.415,0.3325,0.2875,0.34,0.455,0.2175,0.3925,0.26,0.4325,0.225,0.285,0.5475,0.335,0.175,0.365,0.3075,0.375,0.2825,0.25,0.4325,0.3225,0.4425,0.39,0.415,0.33,0.305,0.4975,0.38,0.25,0.365,0.2175,0.3825
0.07	GG	0.82,0.87,0.86,0.845,0.8275,0.8875,0.885,0.845,0.855,0.8875,0.8875,0.885,0.8475,0.8825,0.815,0.8375,0.865,0.8675,0.8725,0.8625,0.875,0.9025,0.86,0.8425,0.82,0.84,0.7725,0.8525,0.82,0.87,0.805,0.855,0.88,0.845,0.845,0.8525,0.8675,0.89,0.8,0.8775,0.8725,0.8075,0.8575,0.8475,0.8275,0.8675,0.855,0.855,0.8175,0.8775,0.8325,0.855,0.8475,0.85,0.88,0.8275,0.905,0.8125,0.9075,0.85,0.84,0.8425,0.8575,0.825,0.8525,0.8475,0.85,0.8525,0.885,0.89,0.85,0.8775,0.8675,0.865,0.84,0.895,0.825,0.885,0.8375,0.9075,0.9,0.8575,0.8275,0.7925,0.8475,0.7825,0.9175,0.8775,0.865,0.865,0.8675,0.855,0.885,0.8475,0.8925,0.8575,0.8275,0.84,0.855,0.8425,0.87,0.8475,0.9,0.88,0.855,0.8375,0.8775,0.855,0.87,0.8675,0.9075,0.8275,0.9125,0.88,0.805,0.8575,0.8575,0.805,0.87,0.8525,0.87,0.8425,0.8825,0.875,0.86,0.8975,0.8925,0.845,0.9075,0.8725,0.865,0.8875,0.8425,0.88,0.85,0.83,0.8675,0.855,0.8625,0.9125,0.86,0.8325,0.8725,0.85,0.86,0.8775,0.83,0.86,0.865,0.89,0.865,0.9,0.8275,0.885,0.8625,0.8,0.8325,0.8575,0.88,0.8675,0.8375,0.85,0.835,0.8,0.8375,0.865,0.8275,0.8575,0.8525,0.815,0.8525,0.8825,0.8225,0.885,0.87,0.9075,0.8625,0.8525,0.875,0.81,0.8525,0.8925,0.8575,0.895,0.8475,0.8375,0.7875,0.8375,0.8625,0.8275,0.885,0.8725,0.855,0.7925,0.84,0.865,0.8325,0.8275,0.8875,0.84
0.07	GG2	0.8325,0.8675,0.865,0.885,0.8425,0.895,0.87,0.8675,0.8575,0.8775,0.8875,0.8925,0.86,0.8875,0.8225,0.855,0.88,0.8825,0.8675,0.8675,0.8725,0.9025,0.8975,0.85,0.8525,0.905,0.7925,0.85,0.825,0.8725,0.815,0.865,0.8925,0.86,0.8825,0.85,0.875,0.885,0.8075,0.8825,0.87,0.825,0.865,0.8525,0.8325,0.88,0.855,0.855,0.825,0.88,0.8675,0.875,0.85,0.8525,0.88,0.825,0.9025,0.8225,0.915,0.855,0.8625,0.85,0.86,0.835,0.86,0.8675,0.865,0.86,0.88,0.8975,0.86,0.895,0.8825,0.8775,0.8525,0.895,0.845,0.8975,0.86,0.915,0.9,0.845,0.84,0.8175,0.8625,0.81,0.9075,0.88,0.8675,0.8625,0.8675,0.8725,0.88,0.865,0.895,0.86,0.8475,0.87,0.86,0.845,0.87,0.885,0.895,0.8875,0.86,0.84,0.88,0.8575,0.8775,0.8725,0.91,0.8475,0.915,0.8925,0.81,0.8675,0.87,0.84,0.8725,0.85,0.8725,0.8625,0.885,0.8875,0.8625,0.9025,0.8925,0.865,0.9075,0.87,0.87,0.8825,0.8475,0.89,0.86,0.8475,0.8625,0.8625,0.865,0.915,0.8725,0.8475,0.86,0.8525,0.865,0.8925,0.8475,0.865,0.87,0.89,0.88,0.895,0.8425,0.885,0.8575,0.8275,0.8425,0.855,0.8875,0.8625,0.855,0.8375,0.8425,0.805,0.8425,0.8775,0.8425,0.87,0.86,0.8225,0.8675,0.885,0.8425,0.8825,0.8775,0.9075,0.86,0.8525,0.885,0.8425,0.86,0.8925,0.8575,0.9,0.84,0.855,0.8275,0.8575,0.8725,0.825,0.8875,0.8775,0.8675,0.8175,0.8575,0.8825,0.83,0.845,0.89,0.86
0.08	GEE	0.75,0.825,0.81,0.8325,0.8075,0.845,0.8525,0.7975,0.8625,0.7925,0.78,0.83,0.8375,0.8275,0.7975,0.8425,0.85,0.8075,0.815,0.785,0.8175,0.8175,0.8075,0.81,0.7925,0.825,0.815,0.77,0.765,0.77,0.805,0.79,0.805,0.79,0.8225,0.81,0.8025,0.81,0.8225,0.8275,0.8275,0.7625,0.8125,0.815,0.8075,0.8325,0.81,0.8375,0.845,0.825,0.7925,0.8525,0.845,0.81,0.775,0.81,0.82,0.825,0.805,0.8175,0.795,0.7225,0.8225,0.795,0.8075,0.7675,0.8475,0.84,0.77,0.7875,0.8,0.8075,0.8375,0.8325,0.8025,0.8425,0.8125,0.7875,0.7975,0.8225,0.825,0.8225,0.8075,0.735,0.7925,0.83,0.8225,0.7825,0.8075,0.8425,0.8,0.7925,0.73,0.8275,0.7425,0.7675,0.8375,0.805,0.8025,0.8,0.7875,0.81,0.8125,0.8075,0.825,0.8175,0.71,0.83,0.7925,0.795,0.7875,0.785,0.8425,0.8125,0.7975,0.7775,0.8025,0.8,0.8225,0.7825,0.835,0.7875,0.8025,0.7875,0.76,0.815,0.8175,0.815,0.815,0.77,0.8775,0.8125,0.8225,0.845,0.7575,0.79,0.8225,0.7975,0.855,0.835,0.7875,0.7575,0.805,0.8525,0.8025,0.7975,0.815,0.8625,0.725,0.8025,0.8025,0.8425,0.7625,0.8,0.795,0.7775,0.8075,0.79,0.8475,0.8,0.7775,0.76,0.845,0.855,0.8225,0.8025,0.8,0.8225,0.83,0.8,0.8325,0.8425,0.83,0.78,0.8375,0.805,0.8475,0.8,0.8375,0.795,0.7925,0.815,0.8075,0.825,0.8125,0.8075,0.8125,0.815,0.76,0.785,0.805,0.7725,0.82,0.785,0.81,0.8175,0.8175,0.82,0.825,0.83
0.08	GNN	0.5225,0.3225,0.2325,0.2525,0.2375,0.3125,0.3325,0.215,0.2575,0.2675,0.36,0.3825,0.3675,0.325,0.2775,0.4475,0.3325,0.295,0.285,0.275,0.3625,0.29,0.4175,0.4275,0.24,0.345,0.2575,0.295,0.3075,0.3375,0.32,0.3525,0.2675,0.4025,0.2675,0.3,0.31,0.485,0.5175,0.265,0.39,0.3725,0.24,0.245,0.31,0.2625,0.3425,0.3025,0.2875,0.4925,0.3825,0.35,0.375,0.4025,0.3375,0.2475,0.3425,0.4525,0.2775,0.26,0.32,0.3,0.2375,0.405,0.3525,0.315,0.2475,0.3725,0.315,0.1625,0.2325,0.4075,0.36,0.2975,0.42,0.4,0.3975,0.35,0.445,0.38,0.31,0.325,0.3525,0.31,0.325,0.3575,0.2975,0.4275,0.3075,0.575,0.2975,0.3925,0.2525,0.19,0.2075,0.3575,0.3375,0.4,0.3275,0.2525,0.37,0.285,0.4775,0.3475,0.4175,0.3075,0.42,0.3725,0.4825,0.2725,0.445,0.3775,0.34,0.2875,0.24,0.2575,0.42,0.4725,0.335,0.37,0.275,0.3475,0.3725,0.3875,0.3,0.4875,0.3875,0.3125,0.3475,0.385,0.4025,0.3525,0.4,0.3275,0.5425,0.2775,0.265,0.345,0.2075,0.1875,0.2425,0.32,0.2425,0.38,0.3075,0.255,0.345,0.4625,0.3,0.24,0.395,0.315,0.405,0.345,0.335,0.2175,0.29,0.4,0.355,0.2025,0.3675,0.255,0.325,0.2075,0.2775,0.2,0.275,0.21,0.375,0.3625,0.225,0.31,0.3825,0.2625,0.3675,0.2425,0.4225,0.2025,0.26,0.5375,0.3575,0.18,0.33,0.34,0.365,0.28,0.24,0.3925,0.2875,0.3775,0.32,0.3325,0.3525,0.245,0.4625,0.3225,0.29,0.3525,0.1675,0.415
0.08	GG	0.715,0.8225,0.8,0.785,0.7875,0.8425,0.835,0.79,0.81,0.835,0.815,0.815,0.8,0.805,0.7875,0.725,0.7775,0.805,0.805,0.7875,0.8175,0.8225,0.82,0.7775,0.7725,0.7975,0.735,0.7575,0.7475,0.8075,0.735,0.7675,0.7675,0.775,0.8375,0.7725,0.795,0.8475,0.7975,0.82,0.8275,0.805,0.82,0.7975,0.775,0.81,0.8275,0.8275,0.7625,0.81,0.7575,0.7975,0.825,0.775,0.775,0.79,0.8275,0.7425,0.795,0.81,0.785,0.7775,0.8175,0.7875,0.7375,0.755,0.8,0.7875,0.825,0.785,0.7925,0.7625,0.835,0.78,0.7675,0.8425,0.755,0.78,0.765,0.83,0.8275,0.8225,0.7725,0.7575,0.7925,0.75,0.8425,0.815,0.8125,0.7825,0.84,0.8025,0.7725,0.785,0.8025,0.7225,0.7475,0.78,0.7875,0.83,0.8525,0.7775,0.8275,0.82,0.7625,0.785,0.8,0.78,0.8075,0.79,0.82,0.7375,0.84,0.7875,0.76,0.7625,0.7875,0.7025,0.8375,0.7575,0.835,0.7775,0.835,0.8025,0.78,0.825,0.8075,0.7625,0.82,0.81,0.84,0.865,0.7975,0.84,0.7825,0.7625,0.8325,0.745,0.8425,0.8575,0.81,0.75,0.8075,0.8375,0.775,0.805,0.7925,0.8575,0.755,0.8125,0.8,0.815,0.7075,0.78,0.7775,0.7625,0.7675,0.7825,0.8,0.7625,0.745,0.7725,0.805,0.7825,0.765,0.77,0.805,0.79,0.8275,0.765,0.8275,0.735,0.7975,0.805,0.83,0.8175,0.8625,0.7975,0.805,0.7775,0.7675,0.855,0.7725,0.845,0.805,0.785,0.75,0.76,0.805,0.7825,0.7975,0.7875,0.8075,0.7825,0.785,0.7775,0.8025,0.8175,0.8425,0.815
0.08	GG2	0.7275,0.825,0.8025,0.795,0.7925,0.8425,0.835,0.7925,0.815,0.8325,0.8075,0.8125,0.8,0.825,0.7925,0.7725,0.825,0.81,0.8175,0.79,0.8225,0.8125,0.8225,0.775,0.7875,0.79,0.755,0.755,0.7625,0.8175,0.75,0.76,0.7875,0.7825,0.83,0.775,0.82,0.8525,0.7925,0.825,0.83,0.815,0.8125,0.7975,0.7825,0.81,0.8325,0.84,0.755,0.805,0.7675,0.8175,0.845,0.7975,0.7875,0.8,0.8175,0.7925,0.7875,0.8075,0.7975,0.7775,0.82,0.7925,0.7675,0.765,0.8375,0.7975,0.835,0.7925,0.8,0.775,0.8325,0.79,0.785,0.845,0.77,0.7925,0.785,0.8275,0.8275,0.8275,0.7925,0.755,0.805,0.785,0.8475,0.8175,0.825,0.785,0.82,0.81,0.78,0.795,0.79,0.79,0.77,0.7775,0.7875,0.83,0.8375,0.7775,0.83,0.84,0.7675,0.7925,0.8,0.795,0.81,0.795,0.825,0.7425,0.84,0.785,0.775,0.7675,0.81,0.73,0.8325,0.77,0.835,0.77,0.8325,0.81,0.785,0.83,0.8025,0.78,0.82,0.8125,0.8525,0.8725,0.7975,0.85,0.785,0.7575,0.835,0.7475,0.84,0.8625,0.8175,0.7675,0.815,0.84,0.7825,0.82,0.8175,0.86,0.7575,0.8125,0.8,0.81,0.7225,0.79,0.7925,0.775,0.78,0.7725,0.8275,0.7725,0.77,0.785,0.8125,0.795,0.7825,0.785,0.8025,0.81,0.8325,0.7625,0.8325,0.835,0.8,0.8025,0.8375,0.815,0.8675,0.8,0.8175,0.7875,0.77,0.8575,0.81,0.84,0.81,0.795,0.7825,0.7625,0.79,0.7925,0.805,0.7825,0.8175,0.7875,0.79,0.7825,0.7925,0.825,0.8375,0.815
0.09	GEE	0.7,0.7775,0.7025,0.7225,0.7525,0.7025,0.7475,0.7125,0.7725,0.7275,0.695,0.715,0.735,0.745,0.7875,0.7775,0.735,0.745,0.72,0.73,0.7175,0.735,0.7225,0.72,0.7225,0.7575,0.725,0.7125,0.7275,0.74,0.6675,0.68,0.7225,0.68,0.7075,0.7225,0.7225,0.725,0.7175,0.76,0.715,0.645,0.7325,0.7475,0.735,0.7575,0.73,0.7475,0.7375,0.7475,0.72,0.7525,0.7575,0.7525,0.7275,0.745,0.7275,0.7125,0.7175,0.78,0.7275,0.6875,0.75,0.715,0.7125,0.6975,0.7325,0.7475,0.735,0.71,0.7475,0.7475,0.75,0.68,0.6825,0.75,0.72,0.76,0.685,0.75,0.7075,0.735,0.72,0.7175,0.72,0.73,0.7725,0.6925,0.6875,0.725,0.695,0.66,0.73,0.735,0.735,0.6775,0.675,0.7125,0.7375,0.7025,0.6725,0.6825,0.6975,0.755,0.725,0.6875,0.6175,0.695,0.7425,0.7025,0.7475,0.685,0.735,0.755,0.7475,0.6725,0.7525,0.7525,0.735,0.7125,0.6925,0.8,0.7775,0.7425,0.725,0.7625,0.77,0.73,0.74,0.71,0.7625,0.7175,0.7025,0.75,0.7225,0.795,0.7425,0.7425,0.7475,0.7625,0.66,0.755,0.7075,0.73,0.72,0.72,0.75,0.785,0.67,0.74,0.6975,0.7225,0.725,0.7575,0.6975,0.6875,0.7,0.755,0.76,0.72,0.775,0.725,0.69,0.77,0.7275,0.735,0.67,0.755,0.7075,0.725,0.7175,0.7225,0.7325,0.71,0.7425,0.7,0.735,0.705,0.7075,0.715,0.6975,0.77,0.6875,0.6825,0.7425,0.7025,0.7275,0.705,0.71,0.725,0.7125,0.6925,0.7075,0.745,0.7175,0.705,0.7225,0.7325,0.7475,0.7325
0.09	GNN	0.4825,0.2925,0.185,0.19,0.2675,0.2575,0.315,0.2,0.2375,0.225,0.29,0.28,0.315,0.2675,0.2625,0.345,0.3225,0.2525,0.2575,0.2725,0.325,0.335,0.4075,0.38,0.2075,0.2675,0.2725,0.3075,0.2725,0.305,0.3,0.27,0.245,0.35,0.265,0.265,0.3025,0.3925,0.355,0.2525,0.3525,0.32,0.25,0.2825,0.3075,0.2425,0.3075,0.255,0.3275,0.44,0.36,0.38,0.3775,0.365,0.3225,0.245,0.3325,0.37,0.245,0.2125,0.27,0.2425,0.2475,0.4325,0.3425,0.2725,0.2275,0.3425,0.345,0.1875,0.1775,0.3925,0.3375,0.3075,0.36,0.425,0.32,0.3375,0.3725,0.42,0.2725,0.295,0.405,0.3075,0.3025,0.265,0.24,0.3425,0.28,0.485,0.275,0.385,0.2075,0.1875,0.2025,0.3475,0.3025,0.295,0.255,0.285,0.275,0.2375,0.3625,0.2625,0.3325,0.24,0.385,0.325,0.4275,0.2325,0.3675,0.36,0.3325,0.2525,0.2575,0.25,0.3275,0.4125,0.3725,0.3125,0.24,0.3175,0.3475,0.3375,0.2925,0.46,0.395,0.2575,0.3225,0.3725,0.375,0.26,0.3575,0.2625,0.475,0.265,0.25,0.3875,0.175,0.185,0.23,0.2725,0.245,0.3075,0.2875,0.2375,0.31,0.425,0.2775,0.25,0.3275,0.265,0.315,0.33,0.335,0.245,0.2925,0.3375,0.345,0.2,0.33,0.255,0.34,0.2425,0.215,0.2125,0.2575,0.25,0.315,0.3325,0.225,0.2725,0.3725,0.2,0.2975,0.2275,0.31,0.18,0.285,0.47,0.255,0.1725,0.2975,0.2975,0.34,0.2425,0.2275,0.3325,0.25,0.3525,0.275,0.265,0.3075,0.255,0.4275,0.305,0.2575,0.3275,0.185,0.3125
0.09	GG	0.6425,0.785,0.69,0.7425,0.69,0.71,0.7275,0.7,0.75,0.725,0.72,0.7175,0.745,0.7225,0.7675,0.7325,0.7225,0.7225,0.7075,0.725,0.7025,0.7425,0.7175,0.7125,0.66,0.6975,0.645,0.72,0.6725,0.7425,0.6975,0.6525,0.7025,0.6975,0.715,0.6875,0.725,0.74,0.6675,0.735,0.71,0.6975,0.7275,0.72,0.71,0.7375,0.7325,0.7475,0.705,0.7325,0.66,0.7125,0.745,0.72,0.735,0.7275,0.7225,0.6775,0.725,0.75,0.6925,0.7425,0.715,0.73,0.6625,0.6875,0.6975,0.68,0.7225,0.705,0.74,0.72,0.7475,0.66,0.655,0.735,0.74,0.745,0.675,0.74,0.6975,0.7325,0.7175,0.6775,0.7175,0.6675,0.7725,0.7275,0.685,0.7425,0.72,0.685,0.7675,0.6925,0.71,0.62,0.6225,0.685,0.635,0.7475,0.695,0.6975,0.7325,0.6375,0.6875,0.68,0.7025,0.71,0.72,0.71,0.7625,0.655,0.735,0.71,0.6925,0.7,0.7075,0.6775,0.7575,0.7225,0.685,0.7425,0.7425,0.7525,0.705,0.7475,0.76,0.7025,0.795,0.7325,0.7525,0.7625,0.685,0.7375,0.725,0.76,0.7675,0.7075,0.7325,0.775,0.705,0.71,0.695,0.7025,0.675,0.7575,0.69,0.78,0.725,0.735,0.7225,0.7275,0.7325,0.765,0.705,0.695,0.715,0.715,0.715,0.75,0.705,0.7,0.6775,0.705,0.6925,0.7075,0.7375,0.705,0.7125,0.6925,0.6825,0.61,0.71,0.675,0.7275,0.7225,0.7475,0.76,0.705,0.6775,0.715,0.7675,0.6675,0.7175,0.705,0.68,0.6725,0.6825,0.7375,0.7025,0.7275,0.6875,0.7075,0.7125,0.695,0.6775,0.68,0.695,0.76,0.74
0.09	GG2	0.6575,0.7925,0.705,0.7425,0.71,0.7175,0.7425,0.715,0.75,0.735,0.7175,0.72,0.7375,0.7125,0.78,0.7525,0.7225,0.7225,0.705,0.7375,0.7125,0.74,0.72,0.71,0.6875,0.7675,0.685,0.73,0.6875,0.7475,0.69,0.66,0.7125,0.6875,0.7075,0.69,0.725,0.735,0.7025,0.74,0.7125,0.7025,0.72,0.7375,0.7175,0.74,0.74,0.745,0.7175,0.7175,0.7125,0.7175,0.7475,0.7425,0.7275,0.72,0.735,0.5975,0.7175,0.7475,0.715,0.74,0.7125,0.74,0.6825,0.7,0.71,0.7025,0.7275,0.7125,0.745,0.7075,0.75,0.66,0.675,0.7425,0.7375,0.75,0.695,0.74,0.6925,0.7425,0.725,0.6925,0.71,0.6725,0.7675,0.725,0.705,0.7375,0.7175,0.7,0.775,0.705,0.7225,0.675,0.63,0.71,0.73,0.7475,0.6875,0.7025,0.72,0.685,0.6875,0.6825,0.6925,0.7175,0.73,0.73,0.76,0.65,0.7475,0.715,0.7025,0.71,0.725,0.695,0.76,0.7125,0.6825,0.7475,0.745,0.7575,0.7025,0.7675,0.76,0.7125,0.805,0.735,0.7575,0.76,0.6775,0.75,0.7275,0.755,0.7675,0.705,0.75,0.775,0.7075,0.72,0.6975,0.715,0.6975,0.755,0.6975,0.7775,0.72,0.745,0.715,0.725,0.7275,0.7675,0.6925,0.7025,0.73,0.7225,0.725,0.7375,0.7375,0.7025,0.675,0.7125,0.7175,0.7075,0.7325,0.72,0.72,0.69,0.7025,0.7075,0.7,0.69,0.74,0.7325,0.755,0.7575,0.715,0.6875,0.715,0.7825,0.71,0.7125,0.715,0.6825,0.7125,0.6925,0.7325,0.7125,0.735,0.695,0.71,0.7175,0.6975,0.6825,0.68,0.6925,0.7625,0.735
0.1	GEE	0.5725,0.695,0.6575,0.6675,0.705,0.6425,0.7125,0.695,0.67,0.6575,0.66,0.6775,0.6825,0.7075,0.6825,0.6825,0.67,0.685,0.6975,0.6325,0.6625,0.62,0.655,0.69,0.6225,0.6775,0.6725,0.6275,0.63,0.685,0.67,0.66,0.665,0.6375,0.6325,0.6675,0.64,0.6675,0.6775,0.6725,0.67,0.6075,0.62,0.68,0.64,0.6675,0.635,0.6625,0.6925,0.695,0.6,0.7075,0.6275,0.6375,0.6925,0.68,0.655,0.635,0.64,0.6775,0.695,0.6625,0.6575,0.6875,0.685,0.63,0.655,0.6575,0.6575,0.6725,0.6225,0.66,0.7025,0.6625,0.66,0.71,0.66,0.6475,0.6725,0.715,0.6575,0.63,0.67,0.63,0.665,0.6475,0.705,0.6,0.6275,0.6775,0.675,0.6275,0.65,0.68,0.6775,0.685,0.635,0.6875,0.675,0.6175,0.6525,0.6575,0.6425,0.7025,0.64,0.61,0.605,0.675,0.665,0.67,0.6475,0.6925,0.705,0.655,0.6525,0.62,0.6475,0.6775,0.6675,0.6625,0.685,0.6775,0.6575,0.695,0.615,0.6325,0.695,0.675,0.6775,0.66,0.6675,0.64,0.7,0.705,0.625,0.665,0.6475,0.655,0.68,0.665,0.6475,0.675,0.635,0.7,0.6575,0.665,0.7075,0.72,0.6325,0.6775,0.6425,0.6925,0.5275,0.7175,0.69,0.605,0.7125,0.6875,0.695,0.6725,0.7125,0.67,0.615,0.6575,0.6525,0.665,0.62,0.6475,0.655,0.65,0.64,0.6775,0.695,0.6475,0.6925,0.6825,0.675,0.65,0.62,0.655,0.6575,0.64,0.6275,0.6525,0.6475,0.63,0.6575,0.655,0.6775,0.6775,0.6525,0.6275,0.7125,0.64,0.6725,0.6525,0.695,0.6975,0.6925,0.6875
0.1	GNN	0.39,0.2525,0.195,0.1925,0.2,0.2925,0.285,0.255,0.2425,0.235,0.3,0.26,0.335,0.305,0.2625,0.315,0.29,0.235,0.2775,0.225,0.2925,0.2775,0.36,0.3475,0.2475,0.29,0.265,0.225,0.2625,0.2725,0.305,0.2775,0.2525,0.3575,0.205,0.315,0.265,0.37,0.415,0.2625,0.2775,0.285,0.215,0.25,0.2725,0.285,0.2875,0.2275,0.24,0.3875,0.305,0.3375,0.31,0.2975,0.335,0.26,0.2625,0.3625,0.225,0.24,0.2825,0.26,0.1975,0.375,0.31,0.2525,0.2575,0.325,0.31,0.16,0.2225,0.3375,0.325,0.2325,0.33,0.375,0.2925,0.3175,0.35,0.305,0.265,0.275,0.315,0.3225,0.295,0.2275,0.215,0.3375,0.2625,0.41,0.2175,0.255,0.21,0.19,0.18,0.33,0.285,0.3225,0.2275,0.2425,0.3125,0.235,0.3825,0.2425,0.37,0.25,0.28,0.2575,0.36,0.1975,0.3425,0.31,0.32,0.2675,0.205,0.25,0.2675,0.4075,0.32,0.2825,0.21,0.275,0.32,0.3125,0.245,0.385,0.35,0.2525,0.34,0.34,0.3225,0.32,0.2775,0.3025,0.36,0.225,0.24,0.3175,0.1925,0.16,0.265,0.225,0.175,0.3325,0.28,0.25,0.32,0.385,0.27,0.165,0.345,0.3075,0.275,0.31,0.31,0.2175,0.3125,0.3575,0.3075,0.2,0.3025,0.2675,0.29,0.2525,0.185,0.2225,0.2525,0.22,0.2875,0.2925,0.2225,0.23,0.35,0.23,0.3075,0.22,0.3425,0.1775,0.2575,0.4075,0.2925,0.1975,0.275,0.2575,0.3175,0.2475,0.1675,0.355,0.345,0.2925,0.2475,0.2925,0.295,0.2575,0.395,0.285,0.21,0.305,0.2325,0.36
0.1	GG	0.5325,0.665,0.63,0.6525,0.645,0.665,0.7125,0.655,0.66,0.6325,0.665,0.6725,0.6675,0.685,0.6675,0.6825,0.6475,0.71,0.695,0.66,0.6575,0.6325,0.6325,0.655,0.605,0.6525,0.6375,0.63,0.57,0.685,0.625,0.6325,0.6325,0.6325,0.6275,0.625,0.7,0.6875,0.64,0.6575,0.635,0.615,0.6075,0.67,0.6475,0.6375,0.6275,0.64,0.6475,0.67,0.56,0.6925,0.62,0.5525,0.6675,0.675,0.66,0.6225,0.6225,0.665,0.665,0.665,0.635,0.675,0.615,0.645,0.61,0.61,0.615,0.66,0.6475,0.6325,0.6775,0.62,0.6,0.68,0.6425,0.635,0.6625,0.6975,0.6525,0.6425,0.635,0.645,0.665,0.625,0.6975,0.5975,0.605,0.635,0.6625,0.615,0.69,0.6275,0.6975,0.6325,0.61,0.645,0.6275,0.655,0.68,0.575,0.6375,0.6025,0.62,0.5975,0.6475,0.6725,0.6775,0.6725,0.6525,0.66,0.66,0.585,0.66,0.61,0.6275,0.6275,0.685,0.6425,0.685,0.645,0.6375,0.6725,0.615,0.6425,0.715,0.675,0.645,0.64,0.6575,0.7,0.69,0.695,0.615,0.66,0.6525,0.6225,0.6425,0.6825,0.635,0.6625,0.625,0.6625,0.635,0.655,0.67,0.705,0.645,0.6775,0.6175,0.66,0.5775,0.675,0.67,0.6475,0.66,0.67,0.6725,0.6575,0.65,0.635,0.58,0.625,0.63,0.6575,0.5775,0.625,0.645,0.6075,0.6325,0.6575,0.665,0.6075,0.6575,0.7075,0.68,0.695,0.64,0.6175,0.6225,0.6725,0.59,0.68,0.63,0.6275,0.6575,0.605,0.6525,0.64,0.6225,0.6575,0.695,0.645,0.66,0.6675,0.6325,0.64,0.7075,0.65
0.1	GG2	0.5475,0.6675,0.6425,0.655,0.6575,0.665,0.7025,0.675,0.655,0.6575,0.6675,0.6725,0.675,0.6825,0.6625,0.69,0.64,0.7,0.695,0.6675,0.6375,0.64,0.65,0.66,0.6325,0.6825,0.6625,0.6275,0.6025,0.6875,0.63,0.635,0.65,0.635,0.635,0.64,0.6925,0.6875,0.66,0.6575,0.625,0.63,0.625,0.6625,0.6525,0.65,0.63,0.6425,0.655,0.6975,0.6025,0.7,0.6225,0.5825,0.6775,0.685,0.665,0.48,0.63,0.6725,0.665,0.685,0.6525,0.68,0.64,0.6425,0.5925,0.6125,0.6225,0.6575,0.6375,0.63,0.68,0.63,0.655,0.69,0.6425,0.64,0.6725,0.7025,0.65,0.615,0.645,0.6525,0.675,0.645,0.715,0.6075,0.6125,0.645,0.66,0.6275,0.6925,0.62,0.6975,0.6475,0.62,0.6625,0.6625,0.6675,0.6725,0.665,0.6275,0.665,0.62,0.5775,0.64,0.68,0.68,0.6825,0.6475,0.665,0.6575,0.595,0.6575,0.625,0.635,0.6375,0.685,0.6475,0.685,0.655,0.6775,0.6775,0.6275,0.64,0.695,0.67,0.6475,0.65,0.655,0.6975,0.695,0.6925,0.6275,0.66,0.6525,0.6325,0.665,0.685,0.6375,0.6675,0.6225,0.67,0.64,0.6625,0.6975,0.705,0.6475,0.6875,0.6325,0.655,0.5025,0.6725,0.6775,0.65,0.6625,0.6625,0.6725,0.6625,0.66,0.6425,0.5725,0.6375,0.6425,0.6725,0.6075,0.6325,0.665,0.61,0.6375,0.64,0.675,0.6275,0.67,0.705,0.675,0.6725,0.64,0.635,0.6375,0.6875,0.6425,0.6675,0.6375,0.625,0.6525,0.6225,0.655,0.6425,0.68,0.655,0.695,0.6575,0.67,0.6825,0.645,0.6675,0.71,0.66
0.11	GEE	0.5275,0.59,0.5875,0.58,0.5675,0.565,0.575,0.56,0.57,0.555,0.565,0.605,0.605,0.5775,0.605,0.585,0.59,0.5525,0.555,0.5275,0.5625,0.585,0.57,0.605,0.5325,0.5475,0.5325,0.5425,0.5475,0.5625,0.535,0.6075,0.5875,0.54,0.555,0.545,0.57,0.5875,0.5475,0.575,0.645,0.515,0.555,0.5825,0.5225,0.5775,0.56,0.5875,0.585,0.535,0.5525,0.5975,0.5575,0.55,0.62,0.555,0.565,0.5175,0.62,0.5925,0.57,0.525,0.615,0.5525,0.5425,0.585,0.575,0.5775,0.595,0.5875,0.57,0.58,0.58,0.585,0.525,0.5775,0.575,0.535,0.555,0.5725,0.5625,0.555,0.59,0.5675,0.565,0.56,0.54,0.51,0.5675,0.5975,0.575,0.5425,0.5525,0.5725,0.52,0.535,0.5425,0.56,0.615,0.575,0.52,0.54,0.5075,0.605,0.56,0.56,0.545,0.5425,0.5575,0.56,0.5725,0.5825,0.575,0.565,0.5425,0.5075,0.575,0.55,0.595,0.5375,0.5475,0.59,0.5875,0.57,0.535,0.5875,0.555,0.555,0.5575,0.5775,0.57,0.505,0.555,0.57,0.58,0.605,0.5525,0.56,0.5525,0.585,0.53,0.525,0.505,0.5125,0.5725,0.5875,0.535,0.565,0.5475,0.6,0.5625,0.56,0.395,0.605,0.58,0.5325,0.565,0.585,0.61,0.5375,0.5325,0.55,0.5725,0.5625,0.585,0.5525,0.4825,0.5925,0.585,0.56,0.6025,0.61,0.5625,0.555,0.5875,0.575,0.6125,0.5475,0.575,0.5325,0.5575,0.5875,0.5275,0.555,0.5425,0.525,0.55,0.5575,0.4675,0.5725,0.58,0.58,0.585,0.55,0.5775,0.5375,0.555,0.57,0.5925,0.5675
0.11	GNN	0.3725,0.245,0.1825,0.2475,0.26,0.2375,0.24,0.22,0.24,0.225,0.2675,0.28,0.3025,0.2525,0.29,0.305,0.2775,0.285,0.25,0.2375,0.25,0.2475,0.3575,0.3175,0.2075,0.23,0.255,0.2575,0.2775,0.31,0.265,0.265,0.2325,0.3175,0.2425,0.2825,0.26,0.3425,0.3725,0.245,0.2675,0.3225,0.2375,0.2575,0.3075,0.23,0.255,0.215,0.265,0.36,0.295,0.325,0.2975,0.3475,0.285,0.2175,0.275,0.3475,0.205,0.225,0.2575,0.2325,0.225,0.325,0.2875,0.31,0.2375,0.29,0.2975,0.1925,0.215,0.3475,0.2825,0.265,0.3075,0.39,0.3,0.2775,0.345,0.3275,0.23,0.285,0.34,0.2975,0.2525,0.27,0.2325,0.3225,0.2225,0.38,0.235,0.36,0.24,0.22,0.2125,0.3375,0.26,0.31,0.29,0.22,0.265,0.185,0.345,0.2475,0.3525,0.2525,0.3075,0.3075,0.315,0.2075,0.3075,0.29,0.31,0.2325,0.215,0.25,0.3275,0.3775,0.3125,0.265,0.24,0.255,0.32,0.28,0.2975,0.3875,0.325,0.29,0.3125,0.3175,0.28,0.2925,0.315,0.29,0.355,0.2375,0.2375,0.2725,0.215,0.175,0.2375,0.2875,0.2125,0.31,0.27,0.21,0.27,0.3575,0.2575,0.2025,0.275,0.2925,0.2675,0.27,0.26,0.1825,0.2475,0.3175,0.295,0.1975,0.33,0.2475,0.28,0.2025,0.23,0.245,0.22,0.265,0.2975,0.285,0.2275,0.24,0.29,0.22,0.285,0.2225,0.2925,0.185,0.2325,0.385,0.255,0.1775,0.3,0.25,0.2975,0.23,0.225,0.3,0.3075,0.32,0.2175,0.2825,0.28,0.2375,0.335,0.2775,0.2425,0.3025,0.2225,0.27
0.11	GG	0.49,0.6,0.5725,0.59,0.525,0.54,0.5975,0.5075,0.545,0.555,0.5725,0.5975,0.555,0.5775,0.575,0.57,0.5575,0.5525,0.55,0.5425,0.5725,0.5775,0.57,0.5725,0.565,0.51,0.505,0.5775,0.53,0.5375,0.5425,0.5875,0.565,0.555,0.5475,0.5225,0.58,0.59,0.5375,0.5375,0.6075,0.5575,0.5725,0.6,0.5075,0.5675,0.555,0.5625,0.565,0.545,0.5375,0.565,0.565,0.54,0.5775,0.5625,0.62,0.5375,0.615,0.585,0.54,0.5525,0.6075,0.54,0.53,0.51,0.5675,0.5475,0.58,0.5375,0.58,0.545,0.6,0.565,0.4775,0.5725,0.56,0.575,0.525,0.57,0.5575,0.5325,0.5825,0.4825,0.5625,0.5375,0.54,0.5525,0.545,0.605,0.565,0.53,0.5625,0.5425,0.5725,0.48,0.545,0.54,0.555,0.535,0.5425,0.5175,0.5375,0.5475,0.5275,0.5275,0.5875,0.5625,0.575,0.5375,0.5825,0.5375,0.55,0.5325,0.555,0.5,0.515,0.5225,0.595,0.5375,0.535,0.5825,0.5675,0.575,0.5525,0.585,0.5675,0.565,0.57,0.56,0.56,0.5325,0.5725,0.5925,0.565,0.57,0.565,0.5525,0.56,0.5875,0.5175,0.565,0.52,0.5075,0.565,0.59,0.48,0.5575,0.59,0.5975,0.5725,0.5575,0.4125,0.61,0.5625,0.515,0.54,0.5925,0.5875,0.5275,0.545,0.5525,0.565,0.55,0.57,0.5475,0.5375,0.56,0.5875,0.5175,0.61,0.5275,0.565,0.56,0.56,0.5725,0.5825,0.5675,0.585,0.47,0.54,0.5825,0.4925,0.565,0.5425,0.505,0.5625,0.5425,0.5325,0.5825,0.5575,0.605,0.56,0.5525,0.58,0.58,0.55,0.535,0.5675,0.6
0.11	GG2	0.48,0.595,0.585,0.5825,0.52,0.5325,0.59,0.5175,0.565,0.55,0.565,0.595,0.56,0.5675,0.5725,0.5725,0.5575,0.555,0.5525,0.5375,0.585,0.575,0.58,0.5725,0.5675,0.5425,0.51,0.56,0.5375,0.545,0.5425,0.585,0.575,0.55,0.5525,0.53,0.5775,0.59,0.5675,0.5475,0.6525,0.5675,0.5725,0.5775,0.5325,0.56,0.56,0.5775,0.555,0.5425,0.5475,0.575,0.56,0.53,0.5775,0.565,0.595,0.37,0.615,0.585,0.54,0.5425,0.6075,0.5475,0.5325,0.58,0.575,0.5625,0.5825,0.5425,0.5675,0.55,0.6,0.5575,0.4975,0.575,0.5625,0.5675,0.525,0.5775,0.5625,0.5375,0.5875,0.565,0.565,0.55,0.5325,0.5475,0.555,0.6,0.57,0.5525,0.565,0.5525,0.5625,0.5225,0.555,0.56,0.6025,0.55,0.535,0.535,0.5325,0.5325,0.5275,0.535,0.59,0.5575,0.57,0.545,0.575,0.525,0.5575,0.55,0.55,0.49,0.5175,0.5475,0.59,0.535,0.5425,0.5925,0.6025,0.57,0.5625,0.5825,0.5575,0.5625,0.5625,0.5475,0.565,0.5575,0.5625,0.5825,0.5625,0.5775,0.5625,0.56,0.535,0.5925,0.51,0.545,0.525,0.5125,0.5725,0.5925,0.4875,0.565,0.56,0.5875,0.57,0.56,0.38,0.6075,0.555,0.515,0.5475,0.5925,0.5875,0.5275,0.5175,0.5625,0.5625,0.5475,0.5775,0.5475,0.48,0.5775,0.59,0.5275,0.61,0.5925,0.565,0.5575,0.5675,0.585,0.58,0.5575,0.5925,0.535,0.5425,0.585,0.5,0.5625,0.5275,0.5,0.5775,0.525,0.535,0.58,0.555,0.58,0.57,0.565,0.5725,0.585,0.55,0.5425,0.57,0.5975
0.12	GEE	0.4475,0.51,0.51,0.48,0.495,0.4625,0.4625,0.4925,0.49,0.4825,0.45,0.4875,0.51,0.4925,0.465,0.4575,0.505,0.4825,0.485,0.4625,0.495,0.5075,0.465,0.495,0.45,0.4675,0.535,0.4925,0.44,0.4825,0.4775,0.495,0.5,0.4875,0.4975,0.47,0.465,0.475,0.4525,0.485,0.4975,0.4625,0.4925,0.4775,0.485,0.4775,0.42,0.48,0.5125,0.4925,0.4775,0.5,0.4525,0.48,0.5125,0.4475,0.515,0.3375,0.4375,0.4825,0.435,0.4575,0.48,0.4675,0.495,0.48,0.48,0.525,0.5025,0.465,0.515,0.53,0.4975,0.48,0.47,0.48,0.445,0.4825,0.4475,0.44,0.5275,0.4825,0.4775,0.4475,0.4975,0.485,0.5275,0.4075,0.4675,0.4725,0.495,0.4875,0.4775,0.495,0.515,0.4775,0.49,0.49,0.515,0.5,0.5,0.5075,0.465,0.475,0.47,0.4625,0.44,0.485,0.485,0.495,0.485,0.4775,0.465,0.48,0.49,0.445,0.4575,0.49,0.49,0.4725,0.4475,0.525,0.4475,0.4975,0.4975,0.4625,0.475,0.515,0.445,0.4625,0.495,0.5,0.4975,0.4875,0.47,0.47,0.5025,0.4875,0.515,0.5375,0.485,0.4575,0.5225,0.49,0.4725,0.515,0.4875,0.525,0.49,0.4875,0.49,0.505,0.3425,0.4975,0.4675,0.4375,0.4925,0.4825,0.515,0.4825,0.495,0.4675,0.4875,0.4975,0.5075,0.46,0.435,0.5025,0.4825,0.445,0.5025,0.4525,0.475,0.45,0.49,0.4775,0.485,0.4975,0.5025,0.47,0.42,0.5025,0.485,0.4725,0.465,0.4925,0.48,0.5025,0.4625,0.4475,0.4725,0.4925,0.4875,0.5075,0.525,0.4575,0.47,0.4825,0.49,0.5175
0.12	GNN	0.3625,0.28,0.205,0.185,0.215,0.2475,0.2375,0.2075,0.205,0.265,0.29,0.2425,0.235,0.2725,0.2625,0.2625,0.2625,0.265,0.215,0.2675,0.275,0.265,0.2725,0.305,0.2375,0.2375,0.235,0.26,0.25,0.2875,0.315,0.2625,0.1975,0.2925,0.235,0.255,0.245,0.3475,0.33,0.2625,0.245,0.2675,0.2575,0.235,0.2925,0.24,0.26,0.2125,0.2475,0.275,0.265,0.3225,0.2675,0.2875,0.28,0.22,0.24,0.3,0.26,0.2175,0.265,0.23,0.2225,0.285,0.2975,0.27,0.265,0.275,0.295,0.205,0.2275,0.3,0.28,0.2875,0.2775,0.335,0.2825,0.2525,0.2625,0.2925,0.2325,0.2325,0.295,0.27,0.2175,0.23,0.2525,0.27,0.2075,0.3325,0.245,0.3075,0.225,0.1675,0.22,0.3,0.3125,0.2625,0.245,0.2075,0.245,0.1975,0.3125,0.2525,0.2725,0.3,0.325,0.2775,0.325,0.2025,0.2925,0.2525,0.2725,0.25,0.2325,0.2525,0.24,0.3025,0.2475,0.2475,0.2275,0.245,0.295,0.2475,0.2475,0.3525,0.295,0.2475,0.2425,0.28,0.2725,0.2725,0.3175,0.265,0.29,0.235,0.235,0.2775,0.1975,0.17,0.2575,0.28,0.2125,0.2925,0.295,0.2325,0.265,0.2825,0.225,0.1975,0.29,0.2675,0.2875,0.2675,0.2825,0.24,0.245,0.3375,0.29,0.1825,0.255,0.2375,0.2275,0.225,0.215,0.205,0.21,0.195,0.2725,0.2725,0.25,0.2375,0.2475,0.1925,0.2975,0.265,0.24,0.205,0.2575,0.3075,0.26,0.1675,0.2575,0.2775,0.3025,0.215,0.225,0.275,0.235,0.3275,0.22,0.2725,0.26,0.2175,0.3325,0.2925,0.235,0.245,0.21,0.265
0.12	GG	0.4275,0.4975,0.425,0.5,0.4725,0.44,0.4875,0.495,0.49,0.4925,0.4625,0.4875,0.5,0.49,0.47,0.44,0.5325,0.4925,0.495,0.49,0.505,0.5075,0.4775,0.5,0.4775,0.455,0.49,0.5125,0.4025,0.4625,0.4625,0.4525,0.4575,0.4725,0.505,0.4875,0.4475,0.48,0.47,0.46,0.4925,0.415,0.4875,0.4475,0.495,0.4675,0.43,0.4825,0.5025,0.4875,0.475,0.445,0.46,0.455,0.485,0.4275,0.535,0.42,0.4475,0.47,0.455,0.4775,0.4375,0.455,0.48,0.4675,0.495,0.475,0.5175,0.4775,0.4775,0.5075,0.49,0.475,0.4375,0.48,0.4325,0.485,0.45,0.44,0.515,0.4725,0.4625,0.465,0.495,0.47,0.51,0.4825,0.435,0.4875,0.49,0.465,0.515,0.505,0.4775,0.415,0.4975,0.46,0.47,0.5025,0.4725,0.4875,0.4525,0.4725,0.4875,0.4525,0.4875,0.495,0.49,0.4775,0.485,0.4775,0.465,0.465,0.475,0.395,0.445,0.4575,0.4725,0.4425,0.4375,0.5025,0.45,0.5,0.4625,0.4725,0.5,0.495,0.4375,0.4875,0.4975,0.5225,0.5225,0.495,0.475,0.4725,0.4725,0.4575,0.5,0.5525,0.4475,0.4575,0.5125,0.465,0.4725,0.5275,0.4675,0.5425,0.475,0.49,0.51,0.4875,0.3825,0.4875,0.4425,0.4425,0.46,0.4525,0.5075,0.515,0.455,0.4525,0.495,0.5025,0.5,0.51,0.4425,0.475,0.4925,0.4525,0.47,0.4,0.465,0.47,0.495,0.5075,0.4625,0.5125,0.4825,0.455,0.4925,0.5075,0.4475,0.4925,0.4625,0.47,0.4625,0.4825,0.48,0.4475,0.4675,0.4825,0.495,0.4725,0.5225,0.4475,0.44,0.4575,0.51,0.4875
0.12	GG2	0.4375,0.5025,0.5125,0.4875,0.485,0.4375,0.47,0.4975,0.4725,0.4825,0.4575,0.4825,0.5125,0.49,0.4725,0.45,0.52,0.49,0.5025,0.4775,0.505,0.495,0.485,0.5,0.4975,0.4525,0.52,0.52,0.4275,0.4675,0.4625,0.46,0.4825,0.4775,0.5125,0.4875,0.445,0.47,0.465,0.485,0.51,0.4825,0.4925,0.4625,0.485,0.47,0.43,0.485,0.4925,0.48,0.4875,0.515,0.4625,0.485,0.49,0.42,0.5275,0.2375,0.4475,0.4775,0.4525,0.475,0.4625,0.46,0.4725,0.4775,0.42,0.49,0.505,0.475,0.4775,0.515,0.4975,0.48,0.465,0.4775,0.44,0.4925,0.4625,0.4525,0.52,0.475,0.45,0.47,0.5025,0.475,0.51,0.47,0.435,0.4775,0.485,0.4975,0.5075,0.495,0.485,0.49,0.49,0.4725,0.5125,0.495,0.4725,0.465,0.4575,0.39,0.49,0.45,0.5,0.5,0.5,0.4975,0.49,0.475,0.455,0.47,0.4675,0.4175,0.455,0.4575,0.475,0.4475,0.4525,0.5175,0.455,0.4975,0.4725,0.465,0.4975,0.51,0.4425,0.48,0.4975,0.5225,0.5275,0.485,0.49,0.4675,0.47,0.4375,0.4925,0.545,0.4375,0.4675,0.515,0.485,0.47,0.51,0.4825,0.5425,0.475,0.485,0.485,0.48,0.3425,0.49,0.44,0.4475,0.4775,0.4525,0.505,0.515,0.4625,0.455,0.485,0.495,0.51,0.5025,0.435,0.4875,0.4775,0.445,0.4775,0.435,0.4625,0.4625,0.495,0.5075,0.4575,0.4975,0.485,0.485,0.46,0.4975,0.48,0.4875,0.4625,0.47,0.4675,0.49,0.495,0.4525,0.47,0.4825,0.4975,0.5025,0.5075,0.4525,0.435,0.4525,0.515,0.4975
0.13	GEE	0.405,0.3875,0.4375,0.3875,0.4125,0.3825,0.3775,0.3975,0.395,0.3925,0.3425,0.3825,0.3825,0.395,0.4225,0.3925,0.42,0.385,0.365,0.3875,0.4025,0.405,0.4275,0.4475,0.4,0.3825,0.4575,0.445,0.405,0.415,0.4075,0.4,0.3825,0.37,0.39,0.3875,0.35,0.3925,0.435,0.4175,0.45,0.4275,0.3875,0.3775,0.44,0.405,0.36,0.4075,0.38,0.44,0.385,0.38,0.435,0.3825,0.4475,0.415,0.395,0.2275,0.395,0.3575,0.3525,0.345,0.425,0.4175,0.36,0.2825,0.305,0.4175,0.39,0.4075,0.415,0.4275,0.415,0.375,0.3725,0.3425,0.3825,0.405,0.385,0.36,0.405,0.415,0.435,0.345,0.405,0.4025,0.4325,0.35,0.39,0.4175,0.395,0.3975,0.43,0.3825,0.45,0.415,0.3625,0.375,0.4275,0.375,0.37,0.355,0.41,0.375,0.4375,0.3575,0.425,0.4125,0.42,0.43,0.3775,0.4175,0.3275,0.3775,0.4125,0.36,0.415,0.4075,0.3775,0.36,0.3525,0.365,0.4275,0.3975,0.405,0.4225,0.3775,0.405,0.4125,0.3825,0.4,0.43,0.4,0.3875,0.29,0.4275,0.4025,0.375,0.3825,0.4025,0.4025,0.415,0.42,0.345,0.37,0.36,0.3725,0.3875,0.4325,0.395,0.3575,0.41,0.2475,0.4125,0.39,0.4125,0.3475,0.39,0.43,0.3975,0.39,0.3875,0.3925,0.385,0.395,0.3375,0.3625,0.3925,0.395,0.36,0.4225,0.415,0.43,0.4,0.395,0.405,0.4225,0.395,0.42,0.405,0.3875,0.39,0.37,0.4475,0.375,0.39,0.375,0.3925,0.41,0.38,0.34,0.385,0.395,0.375,0.375,0.3675,0.39,0.395,0.4375,0.4525
0.13	GNN	0.285,0.265,0.21,0.2125,0.2375,0.2825,0.2225,0.23,0.1875,0.27,0.2375,0.25,0.2475,0.245,0.24,0.2775,0.255,0.2725,0.215,0.2675,0.2825,0.265,0.26,0.3,0.26,0.2375,0.2275,0.215,0.2925,0.245,0.26,0.2775,0.235,0.26,0.2475,0.2625,0.235,0.295,0.2975,0.25,0.24,0.26,0.2025,0.225,0.3025,0.2125,0.27,0.2325,0.21,0.3075,0.295,0.2975,0.2625,0.2375,0.27,0.2575,0.2525,0.2425,0.2225,0.2475,0.2575,0.3175,0.2325,0.2875,0.255,0.2425,0.2525,0.265,0.27,0.22,0.225,0.2475,0.235,0.245,0.2725,0.2775,0.2575,0.2775,0.2625,0.26,0.235,0.2325,0.3025,0.245,0.235,0.225,0.2325,0.3025,0.225,0.32,0.245,0.255,0.2025,0.1925,0.2425,0.28,0.265,0.26,0.2375,0.2425,0.22,0.2,0.3125,0.2475,0.2925,0.2425,0.29,0.2675,0.315,0.2275,0.285,0.265,0.2675,0.255,0.2425,0.26,0.2525,0.315,0.2525,0.2225,0.2275,0.2575,0.315,0.2575,0.2175,0.32,0.2725,0.2725,0.26,0.2675,0.2725,0.295,0.2875,0.265,0.2725,0.25,0.2725,0.2525,0.195,0.2075,0.2375,0.255,0.26,0.26,0.2575,0.2325,0.285,0.2975,0.28,0.2,0.245,0.2775,0.3,0.27,0.2825,0.2125,0.25,0.235,0.2925,0.235,0.275,0.27,0.2775,0.225,0.2475,0.24,0.205,0.22,0.225,0.2825,0.195,0.23,0.2475,0.22,0.2575,0.245,0.2975,0.205,0.2175,0.29,0.23,0.195,0.25,0.22,0.2975,0.24,0.22,0.325,0.2775,0.2475,0.2525,0.2475,0.265,0.2375,0.305,0.245,0.2375,0.2475,0.2325,0.31
0.13	GG	0.3675,0.3975,0.3875,0.4025,0.3775,0.3925,0.405,0.4125,0.4075,0.395,0.3425,0.3975,0.4075,0.4025,0.4025,0.385,0.425,0.3825,0.3825,0.3675,0.385,0.4375,0.435,0.42,0.4075,0.3975,0.465,0.4425,0.3825,0.4425,0.3775,0.385,0.365,0.395,0.3875,0.3875,0.405,0.3825,0.39,0.395,0.4325,0.415,0.405,0.3825,0.45,0.405,0.3725,0.3975,0.3775,0.435,0.365,0.3675,0.4225,0.3925,0.4475,0.4075,0.4175,0.3825,0.425,0.3575,0.3875,0.33,0.4,0.4175,0.37,0.3275,0.405,0.3925,0.3825,0.37,0.415,0.4025,0.4025,0.3775,0.365,0.37,0.375,0.395,0.3925,0.4075,0.42,0.4075,0.395,0.355,0.425,0.3675,0.4275,0.3875,0.36,0.4175,0.385,0.33,0.435,0.4025,0.45,0.3975,0.4,0.3825,0.3825,0.3575,0.3625,0.3825,0.4125,0.445,0.4175,0.35,0.41,0.395,0.475,0.425,0.39,0.39,0.325,0.385,0.405,0.3675,0.4125,0.4225,0.3525,0.4025,0.3275,0.375,0.4225,0.395,0.41,0.43,0.405,0.3575,0.4225,0.405,0.405,0.3975,0.4125,0.3925,0.34,0.435,0.4175,0.36,0.38,0.4025,0.385,0.42,0.4125,0.3775,0.375,0.36,0.375,0.4075,0.43,0.44,0.355,0.4075,0.325,0.4025,0.385,0.395,0.375,0.385,0.4125,0.4025,0.385,0.39,0.37,0.375,0.3775,0.4,0.39,0.41,0.375,0.34,0.425,0.39,0.395,0.3975,0.39,0.4175,0.4325,0.3925,0.4225,0.4025,0.395,0.4025,0.375,0.4325,0.3675,0.4325,0.3775,0.385,0.3925,0.3825,0.3475,0.425,0.3675,0.405,0.37,0.3525,0.3775,0.4,0.4225,0.4675
0.13	GG2	0.385,0.39,0.41,0.4025,0.39,0.38,0.3975,0.4125,0.395,0.4,0.3325,0.3975,0.405,0.4075,0.3975,0.3825,0.415,0.3875,0.38,0.385,0.385,0.43,0.4425,0.4225,0.415,0.37,0.475,0.45,0.395,0.4475,0.3875,0.395,0.3725,0.395,0.405,0.395,0.3525,0.3725,0.4,0.405,0.4575,0.4525,0.395,0.3775,0.4475,0.3975,0.3625,0.4025,0.38,0.445,0.3775,0.375,0.4375,0.405,0.4475,0.4125,0.42,0.245,0.4125,0.355,0.3725,0.3275,0.395,0.4075,0.355,0.275,0.325,0.3925,0.37,0.3675,0.4,0.4025,0.415,0.375,0.3725,0.3675,0.37,0.3975,0.39,0.4125,0.4225,0.4125,0.4025,0.3725,0.4225,0.37,0.425,0.3825,0.37,0.42,0.38,0.3475,0.43,0.3775,0.4375,0.4,0.4025,0.3975,0.41,0.37,0.36,0.3875,0.4175,0.29,0.4275,0.3675,0.405,0.4,0.44,0.43,0.39,0.395,0.3375,0.3725,0.405,0.3475,0.4075,0.42,0.36,0.36,0.34,0.3875,0.41,0.3725,0.385,0.4325,0.4,0.3775,0.4275,0.405,0.415,0.4475,0.4175,0.4025,0.31,0.4275,0.4125,0.375,0.3925,0.4025,0.3925,0.4225,0.415,0.375,0.3775,0.365,0.3675,0.4025,0.4275,0.4475,0.37,0.4025,0.25,0.415,0.385,0.385,0.365,0.3825,0.4175,0.41,0.39,0.3975,0.37,0.3575,0.395,0.41,0.355,0.415,0.365,0.3675,0.4225,0.4125,0.395,0.405,0.3975,0.41,0.415,0.3975,0.4325,0.4125,0.3975,0.4025,0.39,0.4525,0.3725,0.4375,0.395,0.385,0.3925,0.4075,0.335,0.4125,0.385,0.3975,0.3825,0.355,0.3925,0.4,0.4225,0.4775
0.14	GEE	0.32,0.36,0.325,0.365,0.335,0.3125,0.3325,0.35,0.36,0.3075,0.305,0.32,0.3125,0.325,0.355,0.3575,0.3075,0.3025,0.375,0.34,0.3575,0.34,0.3325,0.3275,0.325,0.2725,0.3575,0.365,0.3325,0.3275,0.355,0.3375,0.33,0.3375,0.3425,0.3325,0.36,0.37,0.305,0.305,0.35,0.3125,0.305,0.3075,0.31,0.34,0.31,0.36,0.29,0.2925,0.35,0.325,0.3025,0.2875,0.3675,0.33,0.3125,0.2225,0.3225,0.315,0.305,0.3175,0.3325,0.35,0.3025,0.2625,0.2875,0.3175,0.285,0.325,0.3225,0.3475,0.3225,0.33,0.3725,0.325,0.3075,0.3075,0.3225,0.32,0.335,0.34,0.3775,0.3175,0.34,0.3225,0.3425,0.3225,0.3125,0.315,0.335,0.2975,0.3375,0.35,0.345,0.2825,0.275,0.315,0.35,0.3725,0.315,0.325,0.335,0.3475,0.3775,0.325,0.36,0.3575,0.3575,0.36,0.3575,0.325,0.31,0.3275,0.3375,0.3175,0.305,0.3225,0.3225,0.3825,0.34,0.3475,0.3125,0.3325,0.3025,0.29,0.3175,0.32,0.3175,0.34,0.375,0.365,0.33,0.375,0.275,0.335,0.3,0.3175,0.3525,0.3425,0.2425,0.375,0.345,0.335,0.29,0.3075,0.3325,0.335,0.36,0.345,0.33,0.3425,0.2275,0.3325,0.3425,0.3,0.29,0.335,0.335,0.3525,0.34,0.3375,0.325,0.3375,0.3275,0.37,0.3325,0.3475,0.315,0.3325,0.3325,0.3025,0.3475,0.3525,0.35,0.3625,0.33,0.3625,0.3075,0.31,0.32,0.315,0.325,0.3475,0.335,0.3375,0.36,0.335,0.3425,0.305,0.32,0.3325,0.32,0.3525,0.335,0.38,0.3,0.33,0.3325,0.325
0.14	GNN	0.25,0.255,0.2175,0.2025,0.2025,0.2475,0.2375,0.175,0.235,0.255,0.2525,0.2175,0.255,0.23,0.2375,0.27,0.23,0.22,0.2425,0.26,0.22,0.2425,0.2725,0.28,0.26,0.2325,0.2275,0.2225,0.26,0.245,0.28,0.235,0.23,0.2775,0.2575,0.2775,0.2275,0.2525,0.295,0.255,0.245,0.2475,0.235,0.255,0.2625,0.25,0.255,0.19,0.225,0.245,0.2525,0.2975,0.2625,0.2425,0.2625,0.2075,0.2075,0.275,0.2325,0.245,0.205,0.2275,0.265,0.2625,0.285,0.2775,0.2425,0.24,0.2725,0.2675,0.2075,0.245,0.225,0.2525,0.225,0.285,0.2725,0.265,0.2375,0.3,0.2,0.2025,0.2825,0.25,0.2325,0.2625,0.1975,0.245,0.215,0.2625,0.195,0.2475,0.25,0.2425,0.205,0.2225,0.25,0.265,0.23,0.2475,0.285,0.1925,0.2775,0.22,0.2875,0.27,0.2825,0.24,0.26,0.2075,0.2725,0.265,0.29,0.25,0.235,0.235,0.1975,0.2675,0.26,0.235,0.235,0.2475,0.235,0.2725,0.1675,0.2675,0.25,0.2375,0.2675,0.2575,0.265,0.25,0.275,0.24,0.25,0.2175,0.235,0.2275,0.23,0.195,0.185,0.245,0.2175,0.25,0.24,0.2025,0.285,0.265,0.265,0.23,0.2075,0.235,0.2375,0.2475,0.255,0.2175,0.2325,0.2425,0.2625,0.225,0.2425,0.2625,0.245,0.2175,0.2275,0.285,0.2125,0.2175,0.2225,0.28,0.24,0.24,0.275,0.245,0.2525,0.2675,0.26,0.1875,0.2225,0.2625,0.265,0.1975,0.25,0.26,0.26,0.21,0.2275,0.27,0.26,0.2675,0.205,0.2225,0.25,0.2425,0.305,0.255,0.275,0.265,0.2075,0.25
0.14	GG	0.295,0.36,0.315,0.365,0.3175,0.3225,0.3325,0.33,0.32,0.3125,0.34,0.3075,0.305,0.33,0.3475,0.3575,0.2875,0.3225,0.355,0.3025,0.345,0.355,0.35,0.355,0.36,0.3175,0.35,0.355,0.365,0.33,0.3575,0.37,0.3125,0.3475,0.3225,0.34,0.3625,0.345,0.335,0.28,0.35,0.355,0.305,0.3375,0.3175,0.3275,0.34,0.3325,0.2925,0.2725,0.3175,0.3125,0.295,0.31,0.35,0.33,0.315,0.3475,0.32,0.3075,0.2925,0.3125,0.3525,0.3375,0.2825,0.29,0.3375,0.285,0.3,0.3175,0.3375,0.3325,0.3025,0.345,0.3475,0.3175,0.2925,0.3175,0.34,0.32,0.305,0.315,0.3575,0.2825,0.3325,0.325,0.335,0.3225,0.295,0.32,0.3425,0.3175,0.355,0.345,0.3225,0.26,0.315,0.3,0.3775,0.3575,0.3,0.3475,0.3275,0.36,0.335,0.3375,0.3775,0.3525,0.3775,0.37,0.3525,0.325,0.3175,0.3425,0.335,0.29,0.3325,0.3025,0.3275,0.38,0.355,0.35,0.3175,0.315,0.335,0.3025,0.345,0.3225,0.36,0.3375,0.37,0.375,0.3475,0.36,0.335,0.3325,0.3325,0.3175,0.34,0.35,0.3575,0.36,0.3575,0.3175,0.31,0.315,0.3075,0.3325,0.365,0.3825,0.325,0.3525,0.265,0.335,0.315,0.3125,0.295,0.3525,0.305,0.35,0.345,0.32,0.3325,0.335,0.3425,0.35,0.3375,0.335,0.3625,0.3075,0.32,0.3025,0.3325,0.345,0.36,0.3575,0.3175,0.37,0.31,0.32,0.3175,0.32,0.3325,0.3275,0.35,0.345,0.355,0.3425,0.3425,0.3075,0.325,0.3275,0.3125,0.355,0.3625,0.33,0.32,0.31,0.3275,0.32
0.14	GG2	0.28,0.3575,0.3275,0.3625,0.3125,0.3025,0.35,0.3375,0.325,0.315,0.335,0.3125,0.3125,0.3175,0.3425,0.36,0.2875,0.325,0.36,0.3125,0.35,0.36,0.35,0.3525,0.37,0.27,0.35,0.3725,0.365,0.3275,0.355,0.355,0.3125,0.3475,0.3375,0.33,0.3475,0.35,0.3375,0.29,0.3375,0.33,0.305,0.325,0.31,0.33,0.34,0.335,0.3,0.2825,0.32,0.3475,0.305,0.31,0.38,0.315,0.31,0.2375,0.325,0.325,0.32,0.32,0.345,0.345,0.29,0.2575,0.275,0.3175,0.3075,0.315,0.34,0.3275,0.3,0.345,0.3625,0.3075,0.295,0.3225,0.35,0.3275,0.2975,0.355,0.355,0.3225,0.3425,0.335,0.365,0.3225,0.3075,0.325,0.3675,0.325,0.3625,0.3325,0.3125,0.3125,0.3175,0.3075,0.3525,0.3625,0.295,0.34,0.32,0.275,0.35,0.335,0.3675,0.3525,0.36,0.3675,0.3525,0.3275,0.3075,0.3125,0.335,0.2925,0.3325,0.3275,0.325,0.3775,0.3475,0.3375,0.3125,0.32,0.2975,0.305,0.3325,0.305,0.35,0.3325,0.3575,0.3725,0.3475,0.3625,0.285,0.335,0.29,0.3,0.3675,0.3575,0.25,0.38,0.3725,0.335,0.3175,0.32,0.31,0.3175,0.3675,0.3825,0.34,0.355,0.25,0.33,0.3375,0.3175,0.3,0.3575,0.3,0.345,0.33,0.315,0.33,0.3425,0.3325,0.3475,0.345,0.34,0.3475,0.3025,0.3175,0.285,0.3575,0.355,0.35,0.3525,0.3225,0.36,0.3175,0.3125,0.33,0.3225,0.3325,0.3525,0.35,0.34,0.38,0.34,0.3475,0.3125,0.3325,0.3275,0.3075,0.3575,0.355,0.3425,0.3075,0.325,0.3225,0.3225
0.15	GEE	0.2375,0.2425,0.275,0.2575,0.2575,0.2275,0.245,0.2175,0.2475,0.2225,0.2125,0.26,0.245,0.27,0.2675,0.2575,0.275,0.2675,0.2575,0.245,0.2625,0.275,0.2625,0.2775,0.2375,0.24,0.265,0.29,0.25,0.25,0.2475,0.26,0.245,0.2625,0.2275,0.215,0.235,0.235,0.265,0.26,0.25,0.245,0.2625,0.26,0.27,0.2225,0.24,0.2775,0.2575,0.2525,0.255,0.27,0.2475,0.215,0.2625,0.295,0.2075,0.22,0.235,0.2475,0.2575,0.245,0.2425,0.265,0.25,0.2375,0.2675,0.2475,0.2325,0.2675,0.2675,0.2775,0.245,0.24,0.285,0.225,0.2125,0.26,0.2425,0.24,0.295,0.2725,0.2525,0.22,0.2425,0.225,0.21,0.215,0.2525,0.25,0.275,0.26,0.2375,0.255,0.24,0.245,0.2525,0.2125,0.265,0.255,0.225,0.26,0.275,0.2425,0.27,0.2425,0.2525,0.2375,0.2625,0.275,0.245,0.255,0.26,0.2425,0.26,0.24,0.24,0.2475,0.235,0.255,0.25,0.2825,0.25,0.2625,0.2275,0.2475,0.215,0.235,0.2625,0.24,0.255,0.255,0.235,0.2275,0.2675,0.275,0.255,0.2125,0.2475,0.2775,0.2475,0.27,0.2375,0.2575,0.24,0.265,0.275,0.27,0.2575,0.25,0.265,0.22,0.21,0.2575,0.2475,0.255,0.2375,0.28,0.2775,0.2225,0.2125,0.2375,0.285,0.27,0.2525,0.25,0.2425,0.24,0.2475,0.2,0.255,0.2525,0.27,0.2375,0.2425,0.2725,0.23,0.285,0.215,0.2375,0.2575,0.2725,0.255,0.225,0.2425,0.24,0.26,0.2575,0.255,0.2275,0.2175,0.25,0.28,0.265,0.27,0.28,0.23,0.2775,0.28,0.22
0.15	GNN	0.2475,0.26,0.22,0.23,0.23,0.2375,0.23,0.2225,0.23,0.25,0.285,0.2275,0.2675,0.2175,0.2525,0.2375,0.2625,0.23,0.2425,0.2575,0.24,0.2375,0.24,0.24,0.255,0.24,0.2025,0.225,0.2575,0.2375,0.29,0.195,0.225,0.285,0.265,0.2375,0.2175,0.27,0.275,0.2375,0.2,0.2325,0.25,0.265,0.2625,0.2675,0.25,0.2025,0.255,0.24,0.225,0.285,0.23,0.26,0.2575,0.2525,0.2525,0.26,0.2325,0.2375,0.235,0.2575,0.215,0.2275,0.245,0.24,0.2275,0.2175,0.3,0.2425,0.2325,0.21,0.24,0.3025,0.23,0.2525,0.25,0.2475,0.25,0.25,0.245,0.2275,0.255,0.25,0.215,0.245,0.24,0.2575,0.2375,0.2475,0.27,0.295,0.225,0.23,0.2575,0.27,0.25,0.2425,0.2175,0.2125,0.2125,0.225,0.255,0.2,0.27,0.2575,0.265,0.2525,0.235,0.225,0.23,0.23,0.2725,0.2725,0.265,0.255,0.24,0.265,0.26,0.2375,0.215,0.2625,0.2575,0.2625,0.2,0.2525,0.2225,0.25,0.2825,0.205,0.2525,0.235,0.255,0.22,0.215,0.2475,0.235,0.2225,0.2275,0.22,0.22,0.2675,0.25,0.24,0.245,0.215,0.2325,0.2675,0.2525,0.245,0.25,0.26,0.255,0.31,0.255,0.2225,0.2525,0.215,0.29,0.23,0.255,0.27,0.2825,0.28,0.2275,0.2625,0.205,0.205,0.2325,0.225,0.2675,0.2375,0.1975,0.27,0.2475,0.2775,0.2375,0.2225,0.245,0.25,0.25,0.2125,0.2275,0.26,0.2375,0.2275,0.2675,0.255,0.2675,0.2925,0.2625,0.2475,0.2325,0.2325,0.2875,0.2425,0.2375,0.2175,0.2425,0.23
0.15	GG	0.2525,0.255,0.2825,0.2675,0.26,0.265,0.25,0.22,0.24,0.255,0.2275,0.25,0.2475,0.265,0.2525,0.2775,0.2925,0.255,0.2325,0.2375,0.2625,0.2675,0.235,0.235,0.24,0.28,0.245,0.3025,0.255,0.255,0.2825,0.2775,0.2175,0.275,0.215,0.21,0.2825,0.235,0.2475,0.2575,0.2425,0.2675,0.2725,0.285,0.27,0.2375,0.2275,0.2525,0.2575,0.255,0.27,0.2425,0.2725,0.23,0.27,0.3,0.2475,0.2575,0.2525,0.2575,0.2825,0.2625,0.245,0.265,0.23,0.2275,0.275,0.2825,0.22,0.2425,0.28,0.2775,0.2825,0.24,0.2625,0.245,0.245,0.26,0.275,0.255,0.29,0.295,0.275,0.21,0.2625,0.265,0.2325,0.225,0.2425,0.2975,0.27,0.26,0.27,0.26,0.2425,0.2475,0.2475,0.2425,0.2625,0.235,0.2575,0.265,0.2475,0.2525,0.2775,0.2475,0.2375,0.2525,0.305,0.2575,0.24,0.295,0.2675,0.2525,0.2725,0.235,0.2525,0.24,0.2525,0.2525,0.2625,0.28,0.22,0.2825,0.27,0.26,0.245,0.2625,0.26,0.275,0.295,0.2525,0.2225,0.235,0.285,0.3025,0.2725,0.235,0.2325,0.285,0.2875,0.2575,0.25,0.27,0.235,0.275,0.2375,0.275,0.26,0.2625,0.2425,0.2475,0.2,0.25,0.2325,0.2925,0.2625,0.2975,0.275,0.23,0.2175,0.26,0.255,0.2625,0.24,0.2675,0.23,0.2225,0.2475,0.2425,0.25,0.2825,0.2675,0.235,0.245,0.315,0.25,0.2775,0.23,0.225,0.295,0.2425,0.2425,0.26,0.2575,0.2325,0.2475,0.225,0.2775,0.25,0.2825,0.2825,0.305,0.28,0.2925,0.2825,0.255,0.3075,0.295,0.2425
0.15	GG2	0.245,0.2625,0.2975,0.2675,0.275,0.26,0.27,0.2175,0.2375,0.2425,0.2225,0.25,0.2625,0.25,0.25,0.2825,0.295,0.2675,0.245,0.2475,0.245,0.2575,0.25,0.27,0.245,0.2325,0.31,0.29,0.2925,0.24,0.2575,0.275,0.2275,0.265,0.22,0.21,0.2625,0.26,0.275,0.255,0.2725,0.25,0.2725,0.2675,0.2725,0.2325,0.25,0.2625,0.26,0.255,0.265,0.2775,0.2525,0.2475,0.2575,0.2825,0.25,0.2225,0.2375,0.2575,0.2775,0.2525,0.25,0.2775,0.2425,0.25,0.275,0.2275,0.225,0.265,0.2675,0.3,0.2675,0.255,0.27,0.245,0.25,0.2575,0.27,0.2575,0.285,0.2925,0.2625,0.2125,0.26,0.2725,0.23,0.23,0.265,0.2775,0.27,0.2625,0.2725,0.2625,0.2425,0.25,0.26,0.2475,0.2625,0.2675,0.2475,0.2925,0.2625,0.2825,0.275,0.26,0.2625,0.2575,0.3,0.2725,0.255,0.2875,0.2625,0.275,0.2875,0.2375,0.2625,0.265,0.255,0.25,0.2525,0.2825,0.2625,0.2825,0.2375,0.2575,0.2275,0.2675,0.265,0.2525,0.2925,0.2475,0.225,0.225,0.295,0.2625,0.2625,0.2325,0.25,0.285,0.25,0.2725,0.2475,0.265,0.2275,0.265,0.2425,0.2875,0.2675,0.2525,0.2725,0.2375,0.2175,0.26,0.2375,0.29,0.25,0.3025,0.295,0.24,0.215,0.2425,0.255,0.26,0.27,0.245,0.24,0.2225,0.2675,0.23,0.265,0.2525,0.2675,0.2775,0.24,0.2625,0.24,0.28,0.23,0.2525,0.285,0.26,0.25,0.26,0.25,0.2475,0.29,0.24,0.2725,0.2675,0.24,0.2775,0.3,0.2725,0.2575,0.265,0.2425,0.2875,0.28,0.25
