0.0	GEE	1.0,1.0,1.0,0.9975,1.0,1.0,1.0,1.0,1.0,1.0,0.9975,1.0,1.0,1.0,1.0,1.0,1.0,1.0,1.0,0.9975,1.0,1.0,1.0,1.0,1.0,1.0,1.0,1.0,1.0,1.0,1.0,1.0,1.0,1.0,0.9975,1.0,1.0,1.0,1.0,1.0,1.0,0.995,1.0,1.0,1.0,1.0,1.0,0.9975,1.0,1.0,1.0,1.0,1.0,1.0,1.0,1.0,1.0,1.0,1.0,1.0,1.0,1.0,1.0,1.0,1.0,0.9975,1.0,1.0,1.0,1.0,1.0,1.0,1.0,1.0,1.0,0.9975,0.9975,1.0,1.0,1.0,0.995,1.0,0.9975,0.9925,1.0,1.0,1.0,1.0,1.0,1.0,1.0,1.0,1.0,1.0,1.0,1.0,1.0,1.0,1.0,1.0,1.0,1.0,1.0,1.0,1.0,1.0,1.0,1.0,0.995,1.0,1.0,1.0,0.9975,1.0,1.0,1.0,1.0,1.0,1.0,1.0,1.0,1.0,1.0,1.0,1.0,1.0,1.0,1.0,1.0,1.0,1.0,0.9975,1.0,1.0,1.0,1.0,1.0,1.0,1.0,1.0,1.0,1.0,1.0,1.0,1.0,1.0,1.0,1.0,1.0,1.0,1.0,0.9975,1.0,1.0,1.0,1.0,1.0,0.9975,1.0,1.0,1.0,1.0,0.995,1.0,1.0,1.0,1.0,0.9975,1.0,1.0,1.0,1.0,1.0,1.0,0.9975,1.0,1.0,1.0,1.0,1.0,1.0,1.0,1.0,1.0,1.0,1.0,1.0,1.0,1.0,1.0,1.0,1.0,1.0,1.0,1.0,1.0,1.0,1.0,1.0,1.0
0.0	GNN	0.92,0.7925,0.7225,0.905,0.8675,0.88,0.73,0.6525,0.66,0.745,0.89,0.9375,0.6325,0.9025,0.6,0.7475,0.6575,0.6875,0.8325,0.665,0.615,0.8075,0.9,0.8575,0.5875,0.8,0.56,0.835,0.6975,0.8125,0.71,0.7275,0.7475,0.9025,0.835,0.9375,0.825,0.7625,0.9325,0.8575,0.8675,0.76,0.6425,0.8625,0.6175,0.7575,0.635,0.9275,0.82,0.945,0.4775,0.78,0.9625,0.68,0.6725,0.6875,0.8875,0.8175,0.5,0.785,0.575,0.8075,0.7825,0.9175,0.715,0.605,0.56,0.8975,0.64,0.785,0.6625,0.705,0.76,0.6125,0.6175,1.0,0.8575,0.6475,0.9425,0.885,0.78,0.8125,0.8675,0.76,0.5975,0.88,0.68,0.8825,0.7875,0.945,0.71,0.695,0.8,0.67,0.76,0.815,0.8,0.82,0.9525,0.805,0.59,0.735,0.9375,0.785,0.8875,0.8075,0.855,0.8575,0.8775,0.62,0.4725,0.9375,0.8775,0.865,0.5675,0.58,0.8325,0.9,0.7025,0.735,0.7975,0.695,0.5725,0.4925,0.695,0.9275,0.795,0.6375,0.6825,0.73,0.735,0.8625,0.905,0.7275,0.9175,0.7775,0.69,0.7725,0.64,0.7825,0.6275,0.73,0.705,0.9025,0.7075,0.81,0.695,0.9025,0.755,0.8375,0.9125,0.7125,0.7125,0.6975,0.7775,0.5025,0.7325,0.8825,0.7575,0.8125,0.8925,0.8825,0.8725,0.475,0.6725,0.7475,0.5,0.4825,0.6275,0.795,0.525,0.955,0.7525,0.7425,0.87,0.765,0.7725,0.6775,0.8375,0.9,0.695,0.6325,0.7275,0.6675,0.6225,0.8075,0.8275,0.8825,0.7075,0.725,0.6225,0.7725,0.5125,0.66,0.8375,0.69,0.8575,0.7325,0.5125,0.875
0.0	GG	1.0,0.9975,0.785,0.9325,0.595,1.0,0.8425,1.0,0.975,1.0,1.0,1.0,0.825,1.0,0.9775,1.0,1.0,1.0,1.0,0.995,1.0,1.0,1.0,1.0,1.0,1.0,0.65,1.0,0.7575,1.0,0.9975,0.7125,1.0,0.9825,0.995,1.0,1.0,1.0,0.805,1.0,0.9225,1.0,1.0,0.8025,1.0,1.0,1.0,1.0,1.0,1.0,0.945,1.0,1.0,1.0,1.0,1.0,1.0,1.0,1.0,1.0,1.0,1.0,1.0,1.0,1.0,0.9275,1.0,0.97,1.0,1.0,1.0,1.0,1.0,1.0,0.7975,1.0,0.985,0.99,0.8275,1.0,0.995,1.0,0.9725,1.0,1.0,0.6475,1.0,1.0,1.0,1.0,1.0,1.0,1.0,1.0,1.0,1.0,0.9875,1.0,0.985,1.0,1.0,0.805,1.0,1.0,1.0,1.0,1.0,1.0,0.9975,1.0,1.0,0.9075,1.0,0.9975,1.0,0.615,1.0,1.0,1.0,1.0,0.8275,0.97,1.0,1.0,0.9675,1.0,1.0,1.0,1.0,1.0,1.0,1.0,0.7825,1.0,0.5925,1.0,1.0,1.0,1.0,1.0,1.0,0.9,1.0,1.0,0.9975,1.0,1.0,1.0,1.0,1.0,1.0,1.0,1.0,1.0,0.9975,1.0,0.985,0.9975,1.0,0.97,0.9975,1.0,0.995,0.8425,0.81,0.9975,1.0,1.0,1.0,1.0,1.0,1.0,1.0,0.9675,1.0,1.0,1.0,1.0,0.9975,0.895,0.8,1.0,0.995,1.0,1.0,0.995,1.0,0.9025,1.0,1.0,1.0,1.0,1.0,1.0,1.0,1.0,0.9875,0.8625,1.0,0.9925
0.0	GG2	1.0,1.0,1.0,0.995,1.0,1.0,1.0,1.0,1.0,1.0,1.0,1.0,1.0,1.0,1.0,1.0,1.0,1.0,1.0,1.0,1.0,1.0,1.0,1.0,1.0,1.0,0.9975,1.0,1.0,1.0,1.0,1.0,1.0,1.0,1.0,1.0,1.0,1.0,1.0,1.0,1.0,1.0,1.0,1.0,1.0,1.0,1.0,0.9975,1.0,1.0,1.0,1.0,1.0,1.0,1.0,1.0,1.0,1.0,1.0,1.0,1.0,1.0,1.0,1.0,1.0,0.9975,1.0,1.0,1.0,1.0,1.0,1.0,1.0,1.0,1.0,1.0,0.9975,1.0,1.0,1.0,0.995,1.0,0.995,1.0,1.0,1.0,1.0,1.0,1.0,1.0,1.0,1.0,1.0,1.0,1.0,1.0,0.9775,1.0,1.0,1.0,1.0,0.995,1.0,1.0,1.0,1.0,1.0,1.0,0.995,1.0,1.0,1.0,1.0,1.0,1.0,1.0,1.0,1.0,1.0,1.0,1.0,1.0,1.0,1.0,1.0,1.0,1.0,1.0,1.0,1.0,1.0,0.9975,1.0,1.0,1.0,1.0,1.0,1.0,1.0,1.0,1.0,1.0,1.0,1.0,1.0,1.0,1.0,1.0,1.0,1.0,1.0,0.9975,1.0,1.0,1.0,1.0,0.9975,0.9975,1.0,1.0,1.0,1.0,0.995,1.0,1.0,1.0,1.0,1.0,1.0,1.0,1.0,1.0,1.0,1.0,1.0,1.0,1.0,1.0,1.0,1.0,1.0,1.0,1.0,1.0,1.0,0.9975,1.0,1.0,1.0,1.0,1.0,1.0,1.0,1.0,1.0,1.0,1.0,1.0,1.0,1.0
0.01	GEE	1.0,1.0,1.0,1.0,1.0,0.9975,1.0,1.0,1.0,1.0,0.9975,0.9975,0.9975,1.0,0.9975,0.9975,0.9975,1.0,1.0,1.0,0.9975,1.0,0.995,1.0,0.9975,1.0,0.9975,1.0,1.0,0.9975,0.9975,0.9975,1.0,1.0,0.9925,1.0,1.0,0.9975,0.9925,1.0,1.0,0.995,1.0,1.0,1.0,1.0,1.0,1.0,1.0,0.9975,1.0,0.9975,1.0,1.0,0.9975,1.0,1.0,1.0,1.0,1.0,0.9975,1.0,1.0,0.9975,0.9975,0.995,0.9975,1.0,1.0,1.0,1.0,0.9975,1.0,1.0,0.9975,1.0,1.0,1.0,1.0,1.0,0.9975,1.0,0.9975,1.0,1.0,0.995,0.995,1.0,1.0,0.995,0.9975,1.0,1.0,0.9975,1.0,1.0,1.0,0.995,0.995,1.0,1.0,0.9975,1.0,0.9975,0.9925,1.0,1.0,1.0,0.9925,0.9975,0.9975,1.0,0.9975,1.0,1.0,0.9975,1.0,0.9975,1.0,1.0,0.9975,1.0,0.9975,0.9975,1.0,0.9975,1.0,0.9975,0.9975,0.9975,0.9975,1.0,1.0,1.0,0.9975,1.0,0.995,0.9975,0.9975,1.0,0.9975,1.0,1.0,1.0,0.9975,1.0,1.0,1.0,0.9975,1.0,1.0,1.0,0.9975,0.9975,0.9975,0.99,0.9975,0.995,1.0,1.0,0.995,1.0,1.0,0.9975,0.9975,1.0,1.0,1.0,1.0,0.9975,0.9975,1.0,0.995,1.0,1.0,1.0,1.0,1.0,1.0,0.995,0.9975,1.0,0.9975,0.9975,0.9975,1.0,1.0,0.9975,0.9975,1.0,1.0,1.0,1.0,0.9975,1.0,0.9925,0.995,1.0,0.9975,1.0
0.01	GNN	0.885,0.775,0.455,0.7225,0.635,0.7475,0.715,0.535,0.6325,0.5325,0.725,0.835,0.455,0.77,0.535,0.645,0.5125,0.6725,0.745,0.3975,0.4825,0.53,0.785,0.7275,0.495,0.4575,0.485,0.6575,0.57,0.57,0.615,0.665,0.5925,0.8325,0.62,0.71,0.6925,0.695,0.7575,0.615,0.665,0.505,0.555,0.6,0.6125,0.68,0.6625,0.7175,0.52,0.805,0.4625,0.5775,0.865,0.66,0.545,0.5275,0.655,0.6925,0.4025,0.63,0.485,0.71,0.6175,0.905,0.6225,0.5575,0.3225,0.67,0.5425,0.4975,0.6125,0.645,0.695,0.5075,0.54,0.92,0.7575,0.6875,0.76,0.77,0.65,0.595,0.8,0.7675,0.5675,0.72,0.54,0.82,0.65,0.9175,0.295,0.6525,0.5725,0.59,0.5775,0.655,0.6775,0.69,0.8475,0.6375,0.5875,0.5525,0.8525,0.7625,0.79,0.705,0.75,0.6,0.635,0.4875,0.4475,0.8225,0.7425,0.7675,0.47,0.4125,0.785,0.8775,0.6875,0.755,0.415,0.57,0.5675,0.365,0.5925,0.885,0.7525,0.5275,0.6175,0.57,0.6025,0.745,0.815,0.7375,0.8775,0.4325,0.5375,0.6575,0.4925,0.6125,0.5425,0.525,0.525,0.84,0.65,0.5975,0.62,0.865,0.6475,0.5625,0.7825,0.5125,0.64,0.6025,0.6075,0.3125,0.6675,0.77,0.63,0.6425,0.855,0.72,0.685,0.33,0.6,0.6275,0.46,0.33,0.5025,0.685,0.35,0.6425,0.6875,0.3625,0.71,0.685,0.7475,0.5275,0.635,0.8375,0.3675,0.555,0.565,0.58,0.54,0.7125,0.6475,0.7775,0.615,0.675,0.575,0.7025,0.4375,0.5925,0.735,0.5275,0.67,0.405,0.285,0.675
0.01	GG	0.99,0.9975,0.9975,0.8925,0.965,1.0,0.84,0.9975,0.9825,1.0,0.985,0.9825,0.9975,1.0,0.99,0.9825,0.9725,1.0,1.0,0.965,0.995,0.9975,0.99,0.8925,0.995,0.99,0.75,1.0,0.99,0.9975,0.9875,0.9825,0.9975,0.9475,0.99,1.0,1.0,1.0,0.8625,1.0,0.9725,0.99,0.9975,1.0,0.985,1.0,0.9975,1.0,0.9825,0.995,0.9425,0.9975,0.985,0.9775,0.995,1.0,1.0,1.0,1.0,1.0,0.99,1.0,0.995,0.99,0.925,0.9175,0.995,0.98,0.9975,0.94,0.99,0.995,1.0,0.9975,0.835,0.9875,0.7025,0.9325,0.9975,0.995,0.9975,1.0,0.96,0.92,1.0,0.73,1.0,1.0,0.9375,0.995,0.995,0.9975,0.9875,0.965,0.9925,1.0,0.9825,0.975,0.9625,1.0,0.9975,0.845,1.0,1.0,0.9475,0.9775,0.9975,0.9475,0.9725,0.9975,0.9975,0.8675,0.9975,0.98,0.9925,0.725,0.9925,0.99,1.0,0.9975,0.8175,0.9775,0.995,0.9975,0.9925,1.0,1.0,0.965,0.9975,0.9975,0.9175,0.9975,0.94,1.0,0.9975,1.0,0.9975,0.9875,0.9975,1.0,1.0,0.995,1.0,0.9975,0.925,1.0,0.935,0.9975,0.9925,0.9975,0.9975,0.9975,0.9925,0.995,0.995,0.9175,0.985,0.995,1.0,0.885,0.95,0.9975,1.0,0.94,0.88,0.985,1.0,0.9825,0.9975,0.9975,0.99,0.9975,1.0,0.99,1.0,0.995,1.0,0.9975,1.0,0.66,0.95,1.0,0.9975,0.9975,1.0,0.8575,0.97,0.9375,0.995,1.0,0.995,1.0,0.9975,0.97,0.98,0.99,0.95,0.8425,1.0,0.995
0.01	GG2	1.0,1.0,0.9975,0.9975,0.99,1.0,1.0,1.0,1.0,1.0,0.9875,1.0,0.9975,1.0,0.9975,0.9975,0.9975,0.9975,1.0,0.9975,0.9975,1.0,0.9975,1.0,0.995,0.9975,0.975,1.0,1.0,0.9975,0.995,0.9975,0.9975,0.99,0.995,1.0,1.0,1.0,0.9975,1.0,0.9975,0.995,0.9975,1.0,1.0,1.0,1.0,1.0,1.0,0.9975,0.9975,0.9975,1.0,1.0,0.9975,1.0,1.0,1.0,1.0,1.0,0.9975,1.0,1.0,0.995,0.9975,0.995,0.995,0.985,1.0,1.0,1.0,0.995,1.0,0.9975,0.9925,0.9975,0.9825,1.0,1.0,1.0,0.9975,1.0,0.9875,0.9925,1.0,0.9775,1.0,1.0,0.995,0.9975,1.0,0.995,0.9975,1.0,0.9975,1.0,0.995,0.98,0.9925,0.9975,1.0,0.96,1.0,0.9975,1.0,0.9975,0.9975,1.0,0.995,1.0,0.9975,0.9975,1.0,1.0,0.9975,0.9725,1.0,0.9975,1.0,1.0,0.9775,1.0,1.0,0.9975,0.995,0.9975,1.0,0.995,0.9975,0.9975,0.9975,1.0,0.995,1.0,0.9975,1.0,0.9975,0.9975,1.0,1.0,0.9975,1.0,0.9975,1.0,0.995,1.0,1.0,0.9975,1.0,0.9975,1.0,1.0,0.995,0.9975,0.99,0.9975,0.995,0.995,1.0,0.99,0.99,1.0,0.9975,0.9825,0.995,0.9975,1.0,1.0,1.0,1.0,0.9975,1.0,0.9975,0.9975,1.0,1.0,1.0,1.0,1.0,0.995,0.99,1.0,0.9975,0.9975,0.9975,0.9925,0.9975,0.9525,0.9925,1.0,0.9975,1.0,1.0,0.995,0.9975,0.995,0.985,1.0,0.9975,0.9975
0.02	GEE	0.995,0.995,1.0,0.995,0.9975,0.9975,0.995,0.985,0.995,0.9975,1.0,0.995,0.995,1.0,0.9925,0.9975,0.9975,0.9975,0.9975,0.995,0.9975,1.0,0.99,0.995,0.9925,0.99,0.995,0.995,1.0,0.9975,1.0,0.995,1.0,0.9825,1.0,0.995,0.9975,0.995,0.9975,0.9925,0.995,0.9975,0.9975,1.0,1.0,0.9975,0.9975,0.995,0.9925,0.9975,1.0,0.9875,0.9975,0.9975,0.9875,1.0,1.0,1.0,0.9975,1.0,0.995,1.0,0.9975,0.995,0.9975,0.99,0.99,0.99,1.0,0.995,1.0,0.9975,0.995,0.9975,1.0,0.9925,0.99,1.0,0.9925,0.995,0.9975,0.9975,0.99,0.9975,0.995,0.995,0.9925,0.9975,0.9925,0.9975,0.995,0.99,1.0,0.9875,0.9825,1.0,0.9925,0.9925,0.9925,0.9975,1.0,1.0,0.995,0.9975,0.9825,0.995,0.9975,0.995,0.995,1.0,0.995,0.99,0.9925,0.995,0.995,0.985,0.9925,0.99,0.995,0.9975,0.9975,0.99,0.9975,1.0,0.9875,0.9975,0.9925,0.9925,1.0,0.995,1.0,0.99,0.9975,0.9925,0.985,1.0,1.0,0.995,0.995,1.0,0.995,0.9975,0.9925,0.9975,0.9925,0.9975,0.9975,0.9975,0.9975,0.9875,1.0,1.0,0.9975,0.995,0.9925,0.9925,0.995,0.995,0.99,0.9975,0.995,0.9975,0.9975,0.9975,0.9975,0.9875,0.9975,0.99,1.0,0.985,1.0,0.99,0.995,0.995,0.9975,0.9975,0.99,1.0,0.9975,0.9875,0.985,0.995,0.9975,0.9975,0.99,0.9925,0.9975,0.995,0.99,0.9975,1.0,0.995,0.9975,0.9925,1.0,0.9825,0.9975,0.9975,0.9925,0.9975
0.02	GNN	0.875,0.695,0.445,0.5325,0.5425,0.61,0.645,0.355,0.575,0.2675,0.515,0.79,0.45,0.7775,0.4975,0.65,0.49,0.5875,0.6525,0.365,0.4675,0.555,0.74,0.695,0.455,0.4675,0.465,0.5425,0.5375,0.5,0.6025,0.6575,0.4825,0.745,0.5475,0.71,0.5575,0.62,0.76,0.5125,0.59,0.5175,0.4425,0.525,0.535,0.6075,0.6375,0.6525,0.5725,0.745,0.3775,0.5425,0.8375,0.56,0.4375,0.49,0.575,0.69,0.34,0.5575,0.4375,0.5875,0.5525,0.8775,0.575,0.5225,0.3425,0.6025,0.435,0.3975,0.4325,0.6525,0.6525,0.43,0.525,0.845,0.74,0.575,0.6925,0.6975,0.55,0.635,0.7725,0.7225,0.47,0.7325,0.5225,0.71,0.54,0.9125,0.305,0.595,0.405,0.4875,0.4425,0.65,0.605,0.685,0.6875,0.6525,0.4625,0.4725,0.8025,0.685,0.755,0.595,0.7525,0.5975,0.565,0.4,0.4625,0.815,0.595,0.6925,0.4125,0.3975,0.7775,0.8225,0.63,0.6775,0.35,0.5475,0.54,0.34,0.5625,0.84,0.7325,0.5125,0.605,0.5075,0.5675,0.7075,0.7925,0.6525,0.8475,0.3325,0.505,0.6075,0.385,0.4475,0.4575,0.49,0.5075,0.7375,0.625,0.5175,0.575,0.815,0.5575,0.5075,0.695,0.395,0.565,0.525,0.53,0.2225,0.61,0.8,0.5325,0.485,0.78,0.625,0.6125,0.24,0.5875,0.47,0.37,0.3275,0.52,0.6775,0.2425,0.615,0.6825,0.3175,0.6625,0.6425,0.745,0.465,0.5475,0.8425,0.345,0.4425,0.575,0.5875,0.4625,0.6225,0.49,0.6325,0.4975,0.58,0.49,0.705,0.36,0.4575,0.725,0.4375,0.565,0.4325,0.2725,0.625
0.02	GG	0.9825,0.9925,0.99,0.915,0.9475,0.985,0.9925,0.975,0.985,1.0,0.99,0.985,0.9925,0.9925,0.9875,0.9675,0.98,0.9975,0.99,0.9775,0.995,0.9925,0.96,0.7725,0.9725,0.99,0.825,0.9975,0.9825,0.9925,0.995,0.9625,0.995,0.975,0.955,0.9925,0.9975,0.995,0.85,0.985,0.9825,0.995,0.9925,0.9925,0.9875,0.995,0.99,0.995,0.9725,0.9925,0.985,0.985,0.9925,0.9725,0.98,0.995,1.0,0.9975,0.9975,0.9975,0.9575,0.9975,0.9925,0.9775,0.9675,0.9425,0.97,0.975,0.995,0.92,0.995,0.9925,0.995,0.995,0.9125,0.975,0.67,0.955,0.99,0.99,0.9975,0.9875,0.96,0.865,0.9925,0.76,0.995,0.98,0.955,0.99,0.9725,0.97,0.99,0.9325,0.9675,0.995,0.9725,0.9825,0.9575,1.0,0.9975,0.92,0.9975,0.995,0.91,0.95,0.9875,0.9675,0.9875,0.9975,0.9975,0.9275,0.9825,0.9675,0.975,0.7325,0.99,0.95,0.9925,0.96,0.8625,0.995,0.995,0.99,0.9275,0.99,0.9875,0.92,0.995,0.99,0.9275,0.995,0.965,0.9925,0.9575,0.9975,0.9975,0.97,1.0,0.9975,0.995,0.9725,0.99,0.9925,0.92,0.9975,0.9175,0.9975,0.99,0.9875,0.9925,0.9975,0.9925,0.9875,0.9925,0.9625,0.96,0.975,0.985,0.965,0.9775,0.9975,0.9875,0.905,0.9075,0.9875,0.995,0.9625,0.9975,0.9675,0.9925,0.9925,0.99,0.97,1.0,0.985,0.99,0.99,0.9975,0.6575,0.885,1.0,0.98,1.0,0.985,0.835,0.9375,0.895,0.96,0.9875,0.9975,0.99,0.9775,0.9575,0.985,0.955,0.9025,0.9175,0.9875,0.995
0.02	GG2	0.9925,0.9975,1.0,0.98,0.9775,0.995,0.995,0.985,0.9925,1.0,0.9975,0.9925,0.995,0.9975,0.9975,1.0,0.995,0.9975,0.9975,0.9975,0.9975,1.0,0.98,0.99,0.9725,0.9925,0.9725,0.9975,0.995,0.995,0.9975,0.9975,1.0,0.9825,0.9975,0.995,0.995,0.9925,0.9975,0.99,0.985,0.9975,0.9975,0.995,0.995,0.995,1.0,0.995,0.9975,0.995,0.995,0.985,1.0,0.9925,0.99,1.0,1.0,1.0,0.9975,1.0,0.9775,1.0,0.9925,0.9875,0.9925,0.9875,0.9725,0.98,0.9975,0.985,1.0,0.995,0.995,0.9975,0.985,0.995,0.92,0.995,0.9925,0.995,1.0,0.995,0.9875,0.9925,0.995,0.97,0.995,0.995,0.9775,1.0,0.985,0.9875,0.9975,0.9825,0.9875,0.9975,0.9725,0.9875,0.97,0.9975,1.0,0.96,0.995,0.9975,0.9775,0.99,0.9925,0.9825,0.99,1.0,0.995,0.9925,0.99,0.9975,0.99,0.9525,0.9925,0.99,0.9925,0.9925,0.945,0.995,0.9975,0.995,0.9825,0.995,0.99,0.9775,0.995,0.9975,1.0,0.9975,0.995,0.995,0.9875,0.995,1.0,0.98,0.995,0.9975,1.0,0.99,0.995,0.995,0.9925,0.9975,0.985,0.9975,0.995,0.9925,0.995,1.0,0.9975,0.9925,0.99,0.9825,0.99,0.9925,0.9925,0.9875,0.9875,0.9975,0.995,0.985,0.98,0.9875,0.9975,0.99,1.0,0.985,0.995,0.99,0.995,0.99,1.0,0.995,0.99,1.0,0.9975,0.98,0.955,0.9975,1.0,1.0,0.9925,0.9725,0.995,0.985,0.9875,0.995,0.995,0.99,0.9925,0.99,1.0,0.9875,0.9675,0.985,0.995,0.9975
0.03	GEE	0.9775,0.9825,0.9925,0.9725,0.9625,0.995,0.99,0.985,0.99,0.9825,0.9825,0.9925,0.99,0.995,0.9875,0.9875,0.985,0.99,0.99,0.985,0.99,0.9825,0.9825,0.9925,0.9825,0.9825,0.975,0.9775,0.985,0.9875,0.99,0.995,0.995,0.9675,0.9875,0.995,0.99,0.99,0.9825,0.985,0.9925,0.9825,0.9925,0.98,0.995,0.9925,0.9725,0.9825,0.9775,0.9875,0.9875,0.98,0.985,0.995,0.9675,0.9925,0.9825,0.9775,0.99,0.9825,0.975,0.9825,0.9975,0.9875,0.99,0.975,0.9925,0.97,0.9725,0.99,0.995,0.975,0.9825,0.9875,0.985,0.9875,0.985,0.9875,0.9825,0.98,0.985,0.9775,0.9725,0.985,0.98,0.9925,0.9775,0.985,0.985,0.9825,0.98,0.985,0.995,0.9725,0.99,0.9875,0.9925,0.995,0.9925,0.99,0.9925,0.9975,0.9925,0.99,0.9725,0.9925,0.9875,0.985,0.975,0.99,0.985,0.975,0.97,0.99,0.9875,0.9675,0.9925,0.995,0.9925,0.985,0.985,0.99,0.9875,0.995,0.9875,0.9825,0.9875,0.985,0.98,0.98,0.9925,0.985,0.9825,0.99,0.97,0.9825,0.9875,0.9875,0.99,0.995,0.985,0.9825,0.9775,0.9975,0.9725,0.9925,0.975,0.985,0.9875,0.9975,0.9875,0.9925,0.9925,0.99,0.99,0.9975,0.99,0.9925,0.98,0.9925,0.98,0.99,0.975,0.9775,0.985,0.995,0.9825,0.975,0.99,0.9925,0.995,0.98,0.985,0.985,0.9875,0.995,0.9825,0.9925,0.9975,0.9675,0.985,0.975,0.9825,0.9825,0.99,0.9875,0.985,0.98,0.975,0.98,0.985,0.9925,0.985,0.9925,1.0,0.97,0.99,0.9825,0.9675,0.9975
0.03	GNN	0.8175,0.655,0.365,0.445,0.44,0.52,0.535,0.31,0.53,0.2225,0.465,0.735,0.39,0.605,0.41,0.58,0.4575,0.5125,0.575,0.295,0.43,0.4525,0.6875,0.6075,0.36,0.5325,0.475,0.5125,0.505,0.4425,0.48,0.6075,0.41,0.73,0.42,0.5725,0.5075,0.6125,0.6825,0.4975,0.4825,0.47,0.385,0.3875,0.5175,0.5025,0.605,0.6,0.4675,0.735,0.4025,0.4625,0.7075,0.62,0.42,0.4775,0.4175,0.6375,0.2575,0.465,0.335,0.465,0.5125,0.805,0.48,0.4325,0.3375,0.5825,0.3525,0.2625,0.3675,0.6175,0.5925,0.33,0.4625,0.76,0.6525,0.465,0.6675,0.655,0.505,0.5475,0.7,0.63,0.4575,0.58,0.53,0.74,0.42,0.8975,0.195,0.535,0.325,0.4075,0.3975,0.54,0.5825,0.6125,0.6275,0.5275,0.445,0.46,0.695,0.5775,0.7175,0.5575,0.6625,0.48,0.49,0.3875,0.41,0.7175,0.525,0.535,0.3925,0.345,0.675,0.73,0.6225,0.65,0.315,0.44,0.5075,0.325,0.4275,0.8075,0.68,0.4675,0.5775,0.455,0.53,0.62,0.7375,0.58,0.7775,0.29,0.435,0.53,0.3125,0.4425,0.42,0.3675,0.3725,0.705,0.53,0.4825,0.555,0.765,0.4775,0.35,0.63,0.3225,0.4475,0.425,0.535,0.2525,0.6,0.63,0.4525,0.42,0.715,0.4325,0.5025,0.24,0.535,0.36,0.3075,0.285,0.51,0.5575,0.215,0.465,0.595,0.2675,0.5925,0.5725,0.585,0.36,0.48,0.7275,0.28,0.345,0.515,0.5275,0.4425,0.4875,0.375,0.6375,0.46,0.5325,0.4175,0.615,0.2925,0.44,0.685,0.3775,0.455,0.275,0.2625,0.4825
0.03	GG	0.95,0.9725,0.9725,0.9225,0.8875,0.9825,0.975,0.975,0.9675,0.985,0.965,0.98,0.9775,0.98,0.9525,0.9675,0.9175,0.9725,0.9525,0.95,0.975,0.9825,0.9625,0.8375,0.9625,0.9825,0.835,0.985,0.9175,0.98,0.9625,0.9425,0.9875,0.9375,0.93,0.985,0.9925,0.9875,0.9475,0.97,0.9725,0.985,0.9925,0.9725,0.9525,0.97,0.98,0.9775,0.95,0.9775,0.9325,0.9725,0.9875,0.9675,0.9675,0.965,0.98,0.975,0.9775,0.9675,0.9325,0.985,0.9675,0.9575,0.9625,0.8,0.97,0.93,0.975,0.92,0.975,0.97,0.98,0.98,0.965,0.96,0.7075,0.9525,0.9625,0.97,0.9825,0.9625,0.93,0.8625,0.9875,0.7675,0.98,0.98,0.9375,0.9525,0.9475,0.93,0.985,0.935,0.9675,0.97,0.9075,0.97,0.9625,0.985,0.965,0.9525,0.9825,0.9825,0.9375,0.9275,0.985,0.9775,0.97,0.9875,0.9925,0.91,0.9725,0.9225,0.92,0.8125,0.9725,0.9325,0.99,0.9425,0.94,0.98,0.9775,0.9775,0.915,0.9725,0.9725,0.8775,0.9825,0.9875,0.98,0.9725,0.945,0.9825,0.93,0.95,0.99,0.935,0.9875,0.995,0.985,0.95,0.9625,0.985,0.935,0.9875,0.9125,0.98,0.9575,0.9875,0.985,0.98,0.9725,0.9825,0.965,0.9525,0.975,0.9675,0.9725,0.9375,0.955,0.965,0.965,0.9425,0.93,0.9875,0.97,0.8975,0.985,0.9375,0.99,0.975,0.965,0.9525,0.9775,0.9975,0.9775,0.975,0.9975,0.685,0.9275,0.9825,0.9725,0.985,0.9825,0.83,0.91,0.8975,0.935,0.9625,0.9825,0.9925,0.905,0.96,0.96,0.95,0.9125,0.885,0.9825,0.9775
0.03	GG2	0.9575,0.9825,0.9875,0.9725,0.925,0.985,0.9825,0.985,0.9825,0.985,0.9825,0.99,0.975,0.985,0.97,0.9825,0.98,0.9925,0.99,0.9875,0.985,0.9825,0.96,0.9825,0.97,0.9875,0.93,0.99,0.97,0.99,0.975,0.975,0.995,0.965,0.9875,0.9925,0.9925,0.99,0.9775,0.975,0.985,0.9875,0.9925,0.9825,0.975,0.985,0.9875,0.9725,0.97,0.985,0.9875,0.9825,0.99,0.985,0.985,0.9875,0.99,0.9775,0.985,0.9925,0.9525,0.9875,0.98,0.985,0.99,0.9525,0.975,0.95,0.9825,0.96,0.9925,0.9725,0.9825,0.9825,0.9875,0.9675,0.9375,0.985,0.98,0.9875,0.99,0.98,0.9725,0.9525,0.985,0.98,0.975,0.9825,0.985,0.9925,0.97,0.995,0.9925,0.9725,0.9825,0.99,0.9425,0.99,0.985,0.9925,0.9925,0.9675,0.99,0.9875,0.975,0.9675,0.9925,0.985,0.9675,0.99,0.9925,0.9625,0.985,0.9775,0.925,0.9825,0.98,0.9825,0.995,0.985,0.9625,0.99,0.9825,0.99,0.99,0.98,0.9825,0.9725,0.9875,0.985,0.9875,0.99,0.975,0.98,0.975,0.965,0.9875,0.97,0.9925,0.9975,0.9825,0.9625,0.975,0.9825,0.9625,1.0,0.9825,0.98,0.9925,0.99,0.98,0.9925,0.9875,0.985,0.96,0.9825,0.9875,0.9825,0.9825,0.9675,0.9725,0.99,0.9725,0.955,0.96,0.99,0.9725,0.9775,0.985,0.97,0.995,0.98,0.9825,0.9625,0.99,1.0,0.985,0.9925,0.9975,0.945,0.95,0.99,0.9775,0.9825,0.9925,0.955,0.9825,0.9175,0.975,0.9825,0.9825,0.9925,0.9675,0.9775,0.9925,0.965,0.9625,0.9575,0.9925,0.9925
0.04	GEE	0.9725,0.97,0.9775,0.955,0.9525,0.9775,0.9625,0.9775,0.9675,0.9625,0.955,0.9775,0.95,0.98,0.9775,0.9525,0.9825,0.9775,0.9725,0.97,0.97,0.98,0.96,0.9825,0.98,0.975,0.9825,0.98,0.9725,0.985,0.97,0.9725,0.97,0.9775,0.98,0.975,0.985,0.97,0.9575,0.9675,0.9575,0.955,0.9825,0.9675,0.9575,0.9875,0.9625,0.965,0.9725,0.965,0.97,0.965,0.965,0.98,0.955,0.9825,0.9725,0.955,0.995,0.9675,0.965,0.965,0.98,0.9575,0.97,0.955,0.9575,0.9825,0.975,0.965,0.9775,0.9725,0.9875,0.9825,0.9675,0.98,0.965,0.9725,0.945,0.965,0.985,0.9625,0.9525,0.955,0.995,0.9775,0.96,0.9725,0.965,0.98,0.96,0.9725,0.975,0.9275,0.955,0.9675,0.9625,0.975,0.975,0.96,0.94,0.9775,0.9725,0.9775,0.96,0.9725,0.9725,0.96,0.9675,0.9825,0.99,0.95,0.9775,0.975,0.9775,0.945,0.975,0.975,0.975,0.9825,0.975,0.9875,0.9675,0.9775,0.97,0.97,0.9875,0.975,0.9725,0.9725,0.98,0.975,0.955,0.9875,0.9775,0.955,0.9775,0.9875,0.975,0.98,0.9575,0.97,0.97,0.96,0.9625,0.9825,0.955,0.9875,0.97,0.9775,0.965,0.97,0.9875,0.9875,0.9575,0.9725,0.9675,0.9725,0.9675,0.9625,0.9675,0.975,0.9475,0.9825,0.9675,0.98,0.9675,0.9675,0.9775,0.965,0.98,0.9725,0.9725,0.9475,0.975,0.975,0.9775,0.965,0.9725,0.9375,0.9775,0.96,0.9775,0.9775,0.97,0.9925,0.9725,0.9675,0.945,0.9725,0.975,0.9825,0.97,0.97,0.98,0.9625,0.9725,0.965,0.9675,0.9775
0.04	GNN	0.785,0.6075,0.2925,0.3175,0.2825,0.465,0.5425,0.225,0.4175,0.1675,0.385,0.6275,0.315,0.5975,0.445,0.5325,0.43,0.46,0.4925,0.2925,0.365,0.38,0.5975,0.5025,0.2925,0.5025,0.395,0.4825,0.485,0.3425,0.4675,0.6025,0.4025,0.6925,0.3625,0.5,0.4,0.56,0.6175,0.41,0.425,0.51,0.29,0.3325,0.5375,0.4425,0.5925,0.5875,0.45,0.66,0.3225,0.46,0.615,0.5025,0.3275,0.425,0.35,0.665,0.235,0.4525,0.2875,0.445,0.435,0.7625,0.4975,0.3925,0.305,0.4925,0.3625,0.245,0.26,0.6275,0.6,0.2975,0.4425,0.6525,0.66,0.4075,0.6025,0.57,0.4525,0.54,0.6125,0.53,0.3925,0.5225,0.51,0.64,0.415,0.835,0.2025,0.5475,0.2525,0.3075,0.3525,0.5,0.5625,0.545,0.59,0.4225,0.3775,0.37,0.615,0.585,0.625,0.4875,0.585,0.415,0.4825,0.355,0.335,0.6575,0.41,0.51,0.3375,0.3275,0.655,0.7225,0.5725,0.6025,0.255,0.4025,0.4775,0.2725,0.395,0.7825,0.6525,0.41,0.535,0.495,0.4725,0.57,0.68,0.5825,0.7275,0.215,0.365,0.5325,0.3175,0.3575,0.32,0.3675,0.305,0.64,0.49,0.435,0.525,0.735,0.385,0.3225,0.575,0.3,0.4325,0.39,0.4725,0.19,0.55,0.6425,0.4525,0.3875,0.6225,0.3525,0.42,0.2475,0.505,0.265,0.2925,0.2525,0.435,0.585,0.2025,0.3825,0.565,0.255,0.56,0.495,0.53,0.355,0.4875,0.7025,0.2825,0.32,0.4725,0.375,0.4175,0.4575,0.3325,0.5175,0.42,0.4625,0.36,0.505,0.2525,0.42,0.625,0.3625,0.4675,0.3075,0.2025,0.5075
0.04	GG	0.9125,0.975,0.9475,0.88,0.865,0.96,0.935,0.94,0.95,0.9775,0.935,0.95,0.93,0.96,0.9375,0.895,0.9125,0.9625,0.9475,0.9325,0.9675,0.9675,0.94,0.9075,0.9425,0.9475,0.8325,0.9825,0.925,0.9775,0.9175,0.9025,0.9625,0.93,0.935,0.9625,0.985,0.975,0.9325,0.95,0.9425,0.935,0.9675,0.96,0.915,0.9675,0.965,0.9625,0.935,0.96,0.94,0.9425,0.96,0.925,0.9425,0.955,0.975,0.9575,0.975,0.9475,0.94,0.95,0.9425,0.925,0.9375,0.815,0.92,0.9525,0.9675,0.935,0.9775,0.9525,0.98,0.89,0.92,0.9525,0.7225,0.925,0.95,0.945,0.9775,0.9575,0.8825,0.8775,0.975,0.785,0.955,0.965,0.9375,0.9425,0.905,0.95,0.955,0.89,0.9425,0.9575,0.8975,0.94,0.33,0.955,0.9425,0.875,0.97,0.975,0.9125,0.8825,0.975,0.955,0.9425,0.98,0.975,0.9,0.96,0.91,0.84,0.85,0.9475,0.92,0.9575,0.9425,0.9325,0.9825,0.9575,0.9575,0.895,0.9625,0.96,0.8775,0.97,0.97,0.9525,0.9625,0.9175,0.975,0.9125,0.935,0.9825,0.95,0.63,0.9825,0.9125,0.9275,0.9475,0.9525,0.9075,0.985,0.9175,0.975,0.915,0.965,0.9625,0.955,0.9625,0.975,0.95,0.9375,0.945,0.97,0.9575,0.9325,0.9275,0.9725,0.9125,0.925,0.905,0.96,0.95,0.8725,0.9475,0.9,0.9675,0.96,0.97,0.94,0.9625,0.9725,0.985,0.9425,0.9725,0.695,0.95,0.985,0.9575,0.9875,0.9425,0.6575,0.895,0.91,0.9,0.94,0.9625,0.9825,0.9375,0.9325,0.9525,0.945,0.9125,0.885,0.9575,0.965
0.04	GG2	0.9725,0.9725,0.9675,0.955,0.885,0.9675,0.9425,0.965,0.965,0.9775,0.9675,0.975,0.945,0.975,0.9675,0.94,0.9675,0.99,0.975,0.965,0.9775,0.985,0.9675,0.9475,0.97,0.9675,0.92,0.98,0.95,0.9875,0.95,0.9575,0.97,0.9675,0.9775,0.975,0.9875,0.9775,0.9425,0.9575,0.96,0.975,0.9825,0.9675,0.945,0.9775,0.9675,0.9775,0.965,0.9675,0.9725,0.9475,0.9675,0.955,0.9425,0.975,0.9775,0.97,0.99,0.9675,0.955,0.9625,0.9725,0.945,0.965,0.91,0.9575,0.9675,0.9875,0.9525,0.985,0.96,0.9875,0.9575,0.965,0.9725,0.855,0.9675,0.9525,0.975,0.985,0.9675,0.92,0.94,0.99,0.9425,0.9625,0.9675,0.9525,0.96,0.9425,0.975,0.975,0.94,0.96,0.9825,0.9025,0.9675,0.98,0.9525,0.955,0.92,0.9725,0.98,0.96,0.9625,0.9725,0.965,0.9625,0.9825,0.9775,0.945,0.98,0.9275,0.9425,0.925,0.9625,0.965,0.97,0.9825,0.9425,0.9925,0.965,0.97,0.955,0.975,0.98,0.9275,0.975,0.9775,0.965,0.975,0.955,0.985,0.9425,0.955,0.985,0.9725,0.9725,0.9825,0.945,0.955,0.9775,0.9625,0.9625,0.9825,0.925,0.9725,0.965,0.9725,0.97,0.9875,0.9825,0.985,0.96,0.9575,0.9525,0.9675,0.9725,0.95,0.9625,0.9725,0.9525,0.95,0.955,0.9675,0.98,0.9625,0.965,0.9275,0.9725,0.9725,0.975,0.945,0.97,0.9875,0.985,0.965,0.975,0.865,0.985,0.985,0.9775,0.985,0.965,0.9825,0.9525,0.95,0.9425,0.9625,0.9775,0.98,0.96,0.96,0.9675,0.9725,0.9425,0.9325,0.98,0.98
0.05	GEE	0.9325,0.9525,0.975,0.9325,0.9625,0.9575,0.9475,0.96,0.9725,0.9475,0.905,0.97,0.9525,0.9725,0.95,0.9625,0.945,0.9475,0.9375,0.9525,0.9675,0.9625,0.9375,0.9725,0.965,0.9325,0.9575,0.945,0.9425,0.9525,0.9575,0.955,0.9525,0.9625,0.965,0.955,0.9525,0.965,0.94,0.9475,0.96,0.93,0.9525,0.9625,0.9625,0.96,0.96,0.945,0.9475,0.97,0.96,0.9575,0.9625,0.975,0.935,0.9475,0.9725,0.9475,0.9775,0.9525,0.94,0.9525,0.97,0.9275,0.975,0.93,0.9625,0.955,0.945,0.9475,0.97,0.96,0.9675,0.965,0.975,0.9625,0.9575,0.95,0.945,0.9575,0.9625,0.9575,0.97,0.95,0.9575,0.975,0.9325,0.9475,0.965,0.955,0.955,0.9575,0.9375,0.96,0.9225,0.9575,0.985,0.9475,0.9775,0.965,0.9425,0.9625,0.9475,0.9675,0.9325,0.94,0.9625,0.9675,0.935,0.955,0.965,0.9425,0.9575,0.965,0.915,0.9025,0.9575,0.94,0.9775,0.9525,0.945,0.9725,0.945,0.9675,0.9275,0.9525,0.9725,0.965,0.935,0.93,0.9675,0.935,0.945,0.9625,0.93,0.9625,0.955,0.9575,0.9675,0.97,0.9375,0.945,0.95,0.965,0.95,0.9675,0.95,0.965,0.965,0.96,0.9675,0.9525,0.955,0.95,0.9525,0.94,0.935,0.9425,0.9525,0.9625,0.96,0.9425,0.9475,0.96,0.97,0.9675,0.93,0.95,0.955,0.945,0.9675,0.955,0.965,0.9525,0.955,0.9725,0.9475,0.95,0.9575,0.915,0.94,0.9475,0.9575,0.9375,0.9525,0.965,0.9575,0.9575,0.945,0.9725,0.97,0.975,0.9675,0.9575,0.9675,0.9425,0.9675,0.9475,0.9375,0.9475
0.05	GNN	0.7425,0.5675,0.3,0.2325,0.2625,0.45,0.45,0.235,0.44,0.1825,0.31,0.6075,0.32,0.5575,0.415,0.5725,0.3825,0.4525,0.465,0.2275,0.3525,0.3575,0.595,0.5125,0.29,0.36,0.385,0.41,0.4625,0.38,0.445,0.5425,0.3575,0.6675,0.3425,0.4925,0.36,0.5325,0.5425,0.4,0.4525,0.415,0.2975,0.28,0.4925,0.4125,0.535,0.54,0.46,0.5925,0.3325,0.4325,0.5625,0.5375,0.3325,0.41,0.35,0.58,0.2425,0.3575,0.3125,0.425,0.42,0.7525,0.4175,0.3825,0.31,0.45,0.29,0.2375,0.245,0.595,0.5275,0.2825,0.3875,0.585,0.6225,0.3525,0.595,0.5025,0.39,0.5675,0.5825,0.4775,0.3425,0.515,0.485,0.63,0.3425,0.835,0.1825,0.48,0.23,0.22,0.32,0.545,0.56,0.5325,0.5425,0.3575,0.3175,0.355,0.53,0.515,0.535,0.4225,0.5475,0.3875,0.4225,0.32,0.345,0.6325,0.39,0.415,0.2875,0.355,0.5325,0.655,0.545,0.6075,0.2675,0.3975,0.4625,0.3525,0.3325,0.705,0.6225,0.3775,0.4825,0.3825,0.495,0.5025,0.575,0.4975,0.755,0.2225,0.3075,0.47,0.2825,0.3225,0.3025,0.31,0.295,0.5825,0.45,0.41,0.4675,0.66,0.325,0.31,0.525,0.2375,0.465,0.39,0.405,0.2175,0.4875,0.575,0.37,0.365,0.525,0.3175,0.3675,0.165,0.45,0.225,0.2725,0.2075,0.4025,0.5525,0.1925,0.385,0.565,0.18,0.58,0.43,0.46,0.28,0.46,0.66,0.23,0.2575,0.5075,0.425,0.38,0.4325,0.2475,0.4225,0.4,0.46,0.36,0.475,0.2575,0.365,0.61,0.3225,0.375,0.2125,0.19,0.465
0.05	GG	0.845,0.9475,0.9275,0.885,0.875,0.935,0.935,0.9025,0.96,0.9525,0.8875,0.9475,0.9175,0.9475,0.9125,0.935,0.8825,0.935,0.925,0.885,0.9625,0.9625,0.9075,0.8575,0.9025,0.9475,0.825,0.9625,0.885,0.94,0.9,0.8925,0.95,0.9025,0.8375,0.94,0.9425,0.9675,0.885,0.9375,0.9375,0.905,0.95,0.9575,0.9125,0.935,0.9525,0.94,0.9,0.94,0.9225,0.9475,0.9625,0.9475,0.9275,0.9075,0.9625,0.945,0.93,0.9275,0.915,0.9675,0.965,0.91,0.93,0.8275,0.93,0.8925,0.9375,0.9225,0.965,0.9475,0.9525,0.925,0.92,0.95,0.8,0.9325,0.9325,0.9225,0.9475,0.955,0.84,0.8225,0.9425,0.82,0.9625,0.94,0.92,0.92,0.9125,0.915,0.93,0.915,0.915,0.935,0.8875,0.92,0.31,0.9625,0.945,0.84,0.975,0.975,0.8825,0.86,0.945,0.9425,0.8825,0.955,0.96,0.8825,0.96,0.875,0.77,0.815,0.955,0.9225,0.9575,0.925,0.88,0.93,0.945,0.9275,0.86,0.965,0.9525,0.88,0.955,0.95,0.94,0.9375,0.9025,0.955,0.89,0.92,0.975,0.8875,0.5625,0.9725,0.925,0.91,0.94,0.9425,0.875,0.945,0.8675,0.97,0.9175,0.9775,0.945,0.935,0.915,0.9275,0.9525,0.895,0.8975,0.9325,0.925,0.905,0.91,0.9275,0.9375,0.9125,0.925,0.7325,0.93,0.88,0.92,0.8725,0.9575,0.935,0.945,0.8875,0.955,0.95,0.9525,0.93,0.965,0.8225,0.9025,0.965,0.94,0.9575,0.9275,0.6175,0.865,0.89,0.8875,0.3825,0.9525,0.9575,0.9025,0.9175,0.9325,0.9275,0.885,0.89,0.94,0.9175
0.05	GG2	0.9125,0.955,0.9575,0.905,0.9275,0.95,0.9575,0.9575,0.97,0.9725,0.9375,0.965,0.945,0.9525,0.955,0.9525,0.95,0.965,0.955,0.9275,0.9775,0.965,0.93,0.915,0.9275,0.9475,0.915,0.97,0.9325,0.97,0.935,0.94,0.9625,0.945,0.96,0.9575,0.96,0.97,0.9275,0.96,0.95,0.9475,0.9675,0.955,0.9325,0.96,0.98,0.9675,0.925,0.9575,0.95,0.945,0.975,0.955,0.9525,0.9425,0.9625,0.955,0.98,0.95,0.925,0.9625,0.9725,0.9225,0.97,0.9175,0.9425,0.9275,0.92,0.935,0.9725,0.95,0.9575,0.925,0.9625,0.9525,0.9025,0.9325,0.9425,0.945,0.95,0.9625,0.8925,0.89,0.9525,0.92,0.97,0.9475,0.9325,0.9575,0.93,0.965,0.9575,0.9575,0.9575,0.97,0.9375,0.9525,0.975,0.97,0.955,0.91,0.9775,0.97,0.915,0.9225,0.955,0.9575,0.93,0.9625,0.9675,0.9475,0.96,0.92,0.87,0.89,0.965,0.9475,0.98,0.9475,0.915,0.9575,0.95,0.96,0.9125,0.98,0.9675,0.9375,0.9625,0.9575,0.9475,0.97,0.9525,0.9625,0.9425,0.945,0.98,0.925,0.9575,0.98,0.945,0.9325,0.965,0.96,0.9225,0.9625,0.8775,0.975,0.955,0.975,0.975,0.9525,0.9375,0.9425,0.9525,0.935,0.9275,0.945,0.94,0.945,0.9325,0.9575,0.955,0.93,0.925,0.975,0.94,0.945,0.9225,0.895,0.97,0.95,0.9625,0.9175,0.9675,0.975,0.9675,0.9525,0.96,0.875,0.9325,0.965,0.965,0.965,0.95,0.9725,0.93,0.9175,0.95,0.9675,0.96,0.9675,0.95,0.9425,0.9525,0.9525,0.92,0.9375,0.9575,0.94
0.06	GEE	0.875,0.87,0.9325,0.92,0.8825,0.9275,0.9175,0.9025,0.9225,0.9025,0.85,0.9275,0.91,0.9025,0.925,0.8875,0.92,0.905,0.9175,0.8675,0.9075,0.9025,0.895,0.9175,0.92,0.9025,0.89,0.9025,0.9,0.9225,0.8875,0.8975,0.9025,0.9225,0.9275,0.9125,0.9225,0.8925,0.8575,0.9225,0.91,0.87,0.9225,0.895,0.895,0.955,0.915,0.895,0.94,0.9175,0.895,0.915,0.9475,0.9,0.8925,0.8975,0.9225,0.9,0.905,0.9275,0.9075,0.885,0.945,0.8975,0.9,0.87,0.9,0.9075,0.8975,0.875,0.9275,0.9275,0.905,0.88,0.95,0.9075,0.8775,0.8875,0.905,0.9,0.92,0.9525,0.9025,0.9075,0.915,0.925,0.9125,0.88,0.84,0.895,0.85,0.905,0.8725,0.9175,0.88,0.9175,0.9175,0.9125,0.9225,0.8975,0.8925,0.94,0.8925,0.935,0.9,0.84,0.9125,0.91,0.9175,0.9125,0.9025,0.8725,0.87,0.925,0.895,0.8725,0.9425,0.91,0.8925,0.89,0.905,0.925,0.875,0.9125,0.875,0.8775,0.9125,0.89,0.8775,0.865,0.9425,0.8875,0.8775,0.92,0.9275,0.915,0.9175,0.92,0.9125,0.885,0.9325,0.9,0.8925,0.8875,0.895,0.9225,0.925,0.8925,0.9025,0.9375,0.915,0.925,0.91,0.93,0.9075,0.91,0.8925,0.9075,0.8875,0.925,0.9125,0.88,0.8975,0.9125,0.9225,0.92,0.895,0.9275,0.885,0.9025,0.925,0.9225,0.925,0.9,0.9325,0.9475,0.9275,0.9125,0.8825,0.8725,0.87,0.8925,0.9125,0.8925,0.9025,0.935,0.9225,0.9175,0.8975,0.91,0.91,0.92,0.9225,0.91,0.9175,0.86,0.91,0.885,0.8825,0.9425
0.06	GNN	0.6775,0.5125,0.2725,0.2425,0.21,0.415,0.385,0.1725,0.41,0.1725,0.29,0.495,0.275,0.5,0.445,0.42,0.3525,0.405,0.4525,0.2675,0.375,0.3375,0.525,0.485,0.225,0.3525,0.335,0.365,0.455,0.3325,0.3825,0.505,0.3,0.62,0.3025,0.4825,0.365,0.5175,0.505,0.3525,0.3725,0.4525,0.24,0.25,0.4125,0.375,0.52,0.4825,0.385,0.57,0.35,0.395,0.4325,0.4725,0.3,0.355,0.275,0.545,0.235,0.2875,0.305,0.35,0.3575,0.6825,0.42,0.375,0.3075,0.44,0.285,0.19,0.26,0.51,0.455,0.3125,0.35,0.51,0.5575,0.3675,0.5275,0.485,0.4175,0.4525,0.545,0.4175,0.3925,0.4,0.4475,0.5625,0.305,0.77,0.1575,0.4075,0.2375,0.2525,0.2475,0.51,0.48,0.4475,0.46,0.3725,0.325,0.3,0.5225,0.415,0.5275,0.4,0.445,0.36,0.445,0.3075,0.33,0.525,0.34,0.38,0.275,0.31,0.5275,0.6075,0.44,0.4775,0.2525,0.365,0.4325,0.31,0.29,0.665,0.6025,0.3175,0.5,0.3575,0.455,0.49,0.5325,0.4725,0.6725,0.225,0.3225,0.455,0.275,0.2775,0.2875,0.31,0.255,0.52,0.4175,0.4125,0.48,0.6325,0.285,0.2725,0.4325,0.2525,0.445,0.33,0.31,0.185,0.4675,0.4875,0.3775,0.3725,0.535,0.28,0.3275,0.205,0.4325,0.2525,0.2625,0.2325,0.37,0.4725,0.1875,0.3225,0.5325,0.2525,0.4725,0.455,0.3875,0.25,0.3875,0.6225,0.2325,0.2075,0.4325,0.3825,0.3875,0.335,0.2375,0.325,0.325,0.4525,0.305,0.4075,0.2075,0.3375,0.5475,0.345,0.3475,0.2375,0.2025,0.4175
0.06	GG	0.7875,0.8875,0.905,0.8375,0.755,0.8775,0.895,0.8725,0.92,0.885,0.845,0.89,0.9,0.9325,0.8825,0.8225,0.86,0.895,0.8875,0.8275,0.9175,0.865,0.8775,0.8525,0.8975,0.9,0.825,0.905,0.84,0.905,0.8425,0.8175,0.8625,0.88,0.8725,0.89,0.9075,0.9075,0.815,0.9,0.8975,0.8425,0.91,0.8975,0.8225,0.885,0.895,0.8825,0.885,0.92,0.85,0.6975,0.93,0.88,0.9075,0.86,0.91,0.3675,0.855,0.425,0.8575,0.8975,0.9075,0.885,0.855,0.7725,0.8325,0.8525,0.9075,0.86,0.9125,0.9075,0.8925,0.865,0.895,0.8875,0.7475,0.8725,0.8875,0.8925,0.9175,0.9375,0.8125,0.83,0.885,0.7525,0.9225,0.8875,0.7875,0.8625,0.845,0.8775,0.89,0.415,0.885,0.8975,0.8425,0.8775,0.2975,0.93,0.905,0.795,0.92,0.92,0.8525,0.78,0.91,0.905,0.9,0.93,0.9075,0.8325,0.9225,0.8275,0.76,0.8175,0.9175,0.6225,0.9125,0.8875,0.83,0.8775,0.905,0.86,0.765,0.9075,0.88,0.805,0.9175,0.9175,0.9075,0.9075,0.8675,0.9075,0.8775,0.8975,0.925,0.875,0.4875,0.8975,0.225,0.89,0.8875,0.9,0.86,0.9175,0.845,0.9225,0.86,0.9275,0.895,0.9275,0.8875,0.925,0.9075,0.8925,0.87,0.8975,0.8575,0.875,0.86,0.8625,0.875,0.82,0.87,0.7225,0.905,0.85,0.895,0.825,0.915,0.9075,0.8825,0.835,0.8975,0.935,0.9125,0.915,0.9,0.7225,0.8675,0.9425,0.87,0.93,0.9075,0.4225,0.805,0.8575,0.855,0.87,0.91,0.9025,0.8225,0.8725,0.8675,0.865,0.865,0.825,0.9025,0.89
0.06	GG2	0.87,0.9125,0.915,0.89,0.8,0.9075,0.9225,0.9025,0.93,0.905,0.8925,0.91,0.9,0.94,0.9075,0.89,0.89,0.945,0.9175,0.87,0.9275,0.89,0.895,0.8625,0.92,0.9125,0.84,0.9025,0.8725,0.9175,0.895,0.85,0.8825,0.9175,0.94,0.91,0.92,0.905,0.845,0.9375,0.91,0.875,0.94,0.9,0.8725,0.9425,0.9175,0.915,0.93,0.9225,0.8675,0.9175,0.9575,0.8975,0.905,0.905,0.91,0.8925,0.9025,0.91,0.89,0.9,0.9425,0.905,0.885,0.8275,0.9,0.8725,0.905,0.89,0.925,0.9325,0.9,0.88,0.9275,0.895,0.83,0.875,0.9,0.905,0.9425,0.9525,0.8425,0.87,0.895,0.8525,0.94,0.9075,0.84,0.9025,0.89,0.9075,0.92,0.9,0.88,0.935,0.885,0.8975,0.945,0.9275,0.925,0.8925,0.9125,0.92,0.88,0.8025,0.91,0.93,0.905,0.9325,0.9375,0.8525,0.925,0.885,0.8575,0.8625,0.925,0.93,0.9275,0.91,0.8625,0.915,0.9125,0.9175,0.85,0.9225,0.915,0.8675,0.925,0.93,0.9425,0.9175,0.915,0.92,0.8925,0.915,0.9375,0.8875,0.8975,0.925,0.9075,0.91,0.915,0.9125,0.8775,0.94,0.865,0.9125,0.915,0.93,0.915,0.9325,0.905,0.9225,0.915,0.915,0.8825,0.92,0.8725,0.905,0.9,0.8875,0.8775,0.8725,0.915,0.935,0.9075,0.925,0.9025,0.86,0.93,0.92,0.895,0.8525,0.93,0.95,0.9275,0.9275,0.8875,0.8175,0.8775,0.945,0.925,0.9075,0.9225,0.9325,0.8675,0.8825,0.875,0.91,0.9075,0.9075,0.88,0.9125,0.8925,0.865,0.8875,0.8725,0.935,0.915
0.07	GEE	0.8525,0.8625,0.845,0.8375,0.81,0.86,0.8175,0.82,0.895,0.8475,0.775,0.875,0.87,0.8675,0.875,0.86,0.8675,0.86,0.84,0.85,0.845,0.865,0.8225,0.855,0.87,0.8725,0.8525,0.86,0.88,0.875,0.8225,0.8525,0.8475,0.8575,0.8725,0.8075,0.8775,0.8725,0.79,0.8725,0.85,0.8175,0.845,0.8375,0.815,0.9,0.835,0.85,0.87,0.8525,0.8625,0.8775,0.845,0.885,0.825,0.83,0.905,0.875,0.8775,0.8875,0.8425,0.8275,0.8775,0.8475,0.86,0.8025,0.865,0.8825,0.85,0.8525,0.865,0.8975,0.87,0.875,0.8825,0.865,0.785,0.865,0.88,0.8325,0.8875,0.865,0.8375,0.8275,0.825,0.855,0.8375,0.7875,0.805,0.855,0.8075,0.865,0.78,0.8825,0.86,0.88,0.8675,0.84,0.8775,0.86,0.835,0.83,0.8325,0.8875,0.835,0.7675,0.865,0.8675,0.8425,0.8275,0.8725,0.855,0.865,0.875,0.8225,0.7975,0.88,0.8675,0.8625,0.855,0.8575,0.875,0.84,0.87,0.8175,0.8625,0.8325,0.86,0.805,0.8375,0.885,0.8125,0.8125,0.91,0.84,0.845,0.865,0.8675,0.845,0.84,0.855,0.855,0.8075,0.88,0.8375,0.88,0.8825,0.8675,0.805,0.8425,0.815,0.8925,0.89,0.8725,0.8525,0.8425,0.8425,0.8775,0.8675,0.86,0.855,0.875,0.8475,0.8475,0.895,0.895,0.8425,0.8525,0.845,0.8425,0.84,0.8375,0.8825,0.825,0.86,0.8525,0.84,0.865,0.865,0.835,0.8225,0.815,0.83,0.8275,0.8875,0.875,0.85,0.87,0.825,0.8875,0.865,0.885,0.8625,0.86,0.87,0.855,0.8375,0.84,0.83,0.875
0.07	GNN	0.6425,0.4225,0.2375,0.2125,0.2025,0.3125,0.3825,0.17,0.3675,0.1875,0.2875,0.46,0.25,0.425,0.41,0.4275,0.335,0.37,0.405,0.23,0.35,0.3375,0.46,0.4175,0.2225,0.34,0.3175,0.355,0.3825,0.3025,0.35,0.4575,0.3075,0.555,0.2975,0.46,0.335,0.465,0.49,0.3075,0.33,0.3975,0.28,0.24,0.4125,0.38,0.5125,0.4625,0.3825,0.5025,0.305,0.385,0.4425,0.4275,0.2725,0.36,0.2725,0.54,0.2175,0.2825,0.31,0.4,0.3275,0.61,0.35,0.3325,0.34,0.385,0.24,0.21,0.2075,0.525,0.435,0.2425,0.3425,0.4575,0.5425,0.34,0.46,0.465,0.3625,0.395,0.47,0.4175,0.37,0.355,0.375,0.5,0.24,0.68,0.1875,0.3775,0.23,0.21,0.25,0.4825,0.52,0.4475,0.4125,0.3075,0.2975,0.2975,0.485,0.4175,0.4875,0.3425,0.4075,0.3725,0.3875,0.2975,0.315,0.5025,0.3575,0.3225,0.32,0.315,0.4725,0.5875,0.44,0.43,0.2175,0.335,0.3975,0.265,0.26,0.6175,0.5025,0.305,0.495,0.3425,0.4025,0.385,0.5025,0.455,0.5875,0.22,0.26,0.395,0.235,0.2475,0.22,0.2825,0.26,0.4725,0.3975,0.3325,0.4075,0.63,0.2375,0.255,0.465,0.245,0.36,0.36,0.29,0.175,0.4625,0.525,0.3325,0.3175,0.455,0.25,0.3025,0.2,0.445,0.2125,0.255,0.235,0.33,0.4475,0.225,0.3375,0.505,0.2075,0.42,0.3975,0.41,0.275,0.385,0.5375,0.24,0.1825,0.44,0.3025,0.335,0.335,0.2225,0.3475,0.315,0.4375,0.2975,0.3475,0.2325,0.285,0.52,0.3425,0.36,0.1925,0.2025,0.385
0.07	GG	0.8175,0.89,0.7875,0.83,0.6925,0.845,0.825,0.81,0.8925,0.87,0.795,0.87,0.665,0.9025,0.85,0.8,0.8475,0.865,0.845,0.8375,0.8525,0.835,0.755,0.7825,0.7975,0.8475,0.775,0.86,0.8025,0.87,0.81,0.795,0.8175,0.845,0.8675,0.81,0.8525,0.8925,0.76,0.885,0.8325,0.7675,0.86,0.8675,0.7675,0.865,0.855,0.8675,0.8525,0.825,0.7825,0.4525,0.845,0.85,0.82,0.805,0.9,0.3625,0.8325,0.3275,0.8175,0.8275,0.845,0.835,0.84,0.7225,0.8225,0.54,0.8725,0.8425,0.875,0.8775,0.85,0.835,0.8575,0.8775,0.6775,0.8475,0.8475,0.8225,0.8775,0.8725,0.7875,0.78,0.8325,0.6875,0.875,0.8175,0.81,0.79,0.83,0.845,0.83,0.4225,0.7925,0.8825,0.77,0.805,0.295,0.8725,0.87,0.7475,0.885,0.88,0.795,0.7775,0.855,0.8575,0.8375,0.87,0.8725,0.815,0.87,0.8325,0.7475,0.745,0.8425,0.6025,0.885,0.8425,0.805,0.86,0.8625,0.8225,0.7325,0.8825,0.8325,0.76,0.855,0.865,0.8775,0.845,0.8175,0.92,0.835,0.805,0.88,0.845,0.4675,0.8625,0.205,0.7975,0.7925,0.87,0.77,0.8775,0.83,0.89,0.78,0.8475,0.85,0.8825,0.86,0.8625,0.8625,0.85,0.86,0.865,0.8375,0.8325,0.8175,0.88,0.8125,0.7975,0.8675,0.8575,0.8575,0.82,0.8225,0.785,0.8425,0.86,0.835,0.8225,0.8325,0.8475,0.8625,0.8625,0.865,0.7025,0.8275,0.8825,0.795,0.8775,0.8475,0.3925,0.76,0.845,0.7825,0.33,0.875,0.8925,0.77,0.845,0.85,0.8325,0.795,0.79,0.8575,0.845
0.07	GG2	0.8375,0.8775,0.8275,0.8325,0.745,0.8625,0.8425,0.8575,0.9,0.8975,0.82,0.9,0.8925,0.915,0.87,0.8275,0.8625,0.8875,0.865,0.85,0.8825,0.86,0.8325,0.8175,0.8425,0.865,0.8425,0.8725,0.825,0.8925,0.8275,0.7975,0.83,0.8725,0.8725,0.825,0.8725,0.8875,0.84,0.88,0.8675,0.81,0.8675,0.875,0.805,0.885,0.88,0.8825,0.87,0.8425,0.8475,0.8825,0.845,0.8675,0.83,0.85,0.905,0.84,0.875,0.8875,0.8525,0.84,0.8575,0.8425,0.8825,0.7475,0.86,0.8675,0.88,0.87,0.8775,0.8975,0.8825,0.8575,0.865,0.89,0.7375,0.865,0.88,0.845,0.895,0.87,0.83,0.805,0.86,0.735,0.885,0.84,0.85,0.8325,0.86,0.8375,0.835,0.8875,0.8325,0.9075,0.8475,0.7925,0.89,0.89,0.885,0.8175,0.9075,0.895,0.825,0.79,0.875,0.89,0.8475,0.875,0.89,0.8175,0.89,0.855,0.795,0.815,0.865,0.87,0.8925,0.8475,0.8175,0.8875,0.855,0.8475,0.7975,0.9075,0.845,0.825,0.86,0.8775,0.8925,0.87,0.875,0.915,0.845,0.8225,0.88,0.8675,0.855,0.8925,0.875,0.8325,0.8275,0.875,0.83,0.89,0.8275,0.8925,0.815,0.845,0.87,0.8975,0.8775,0.87,0.88,0.855,0.8675,0.8625,0.875,0.86,0.8525,0.8825,0.8425,0.8275,0.8775,0.875,0.865,0.8675,0.8525,0.8175,0.8425,0.865,0.8575,0.83,0.87,0.8525,0.885,0.8825,0.885,0.755,0.83,0.9025,0.86,0.875,0.895,0.895,0.81,0.8675,0.8075,0.9025,0.8825,0.8875,0.8525,0.845,0.8675,0.8525,0.8325,0.83,0.8925,0.865
0.08	GEE	0.7725,0.81,0.8075,0.765,0.7825,0.8,0.7475,0.735,0.795,0.7775,0.7175,0.8375,0.7775,0.755,0.8,0.81,0.7975,0.8,0.7875,0.74,0.78,0.7725,0.79,0.76,0.82,0.825,0.7425,0.7725,0.7975,0.8125,0.7725,0.8225,0.7975,0.8375,0.83,0.7625,0.84,0.8425,0.735,0.795,0.81,0.7575,0.7875,0.835,0.7875,0.8475,0.7475,0.78,0.7875,0.7875,0.7675,0.805,0.77,0.8125,0.7825,0.765,0.7775,0.8,0.77,0.8275,0.7525,0.755,0.835,0.78,0.77,0.7425,0.815,0.8375,0.8125,0.77,0.82,0.78,0.8125,0.8075,0.8525,0.795,0.7275,0.76,0.8375,0.7775,0.8175,0.8375,0.7775,0.8025,0.78,0.8025,0.8075,0.7325,0.755,0.7775,0.7,0.805,0.6825,0.8,0.7625,0.8175,0.8025,0.8,0.8025,0.8,0.7975,0.78,0.7725,0.8175,0.785,0.72,0.8325,0.795,0.795,0.8,0.7775,0.7675,0.75,0.825,0.74,0.755,0.8125,0.82,0.7975,0.79,0.805,0.8425,0.8025,0.805,0.785,0.7875,0.8125,0.77,0.7825,0.75,0.835,0.75,0.7775,0.8175,0.7275,0.835,0.77,0.795,0.8175,0.775,0.7875,0.8225,0.765,0.8225,0.785,0.8,0.8525,0.8325,0.7625,0.785,0.8025,0.8375,0.8,0.825,0.7975,0.8025,0.775,0.79,0.8275,0.8,0.785,0.775,0.7575,0.85,0.825,0.735,0.8525,0.8,0.7975,0.7825,0.815,0.775,0.8075,0.755,0.8575,0.8225,0.8,0.7925,0.8225,0.805,0.7775,0.77,0.785,0.7975,0.7925,0.8325,0.7975,0.8175,0.7875,0.8225,0.7875,0.7925,0.8175,0.8475,0.84,0.8075,0.8125,0.78,0.7325,0.8125
0.08	GNN	0.6025,0.4025,0.24,0.1875,0.2025,0.3,0.3575,0.225,0.37,0.2125,0.22,0.4325,0.26,0.4325,0.405,0.33,0.325,0.395,0.3775,0.2175,0.3025,0.3175,0.445,0.375,0.2425,0.335,0.31,0.3175,0.3775,0.3075,0.3075,0.405,0.3125,0.535,0.235,0.4,0.335,0.48,0.39,0.2675,0.3375,0.4,0.2375,0.25,0.38,0.3275,0.4575,0.405,0.4025,0.47,0.2775,0.3675,0.37,0.3775,0.2725,0.315,0.2275,0.4725,0.1925,0.2425,0.26,0.3225,0.325,0.56,0.2875,0.3275,0.27,0.3425,0.2575,0.1775,0.2075,0.4625,0.4025,0.2425,0.32,0.39,0.4975,0.3275,0.445,0.405,0.3125,0.37,0.44,0.36,0.3025,0.3525,0.3525,0.51,0.25,0.6275,0.2025,0.3275,0.225,0.2075,0.205,0.4325,0.445,0.395,0.4075,0.29,0.2875,0.275,0.4075,0.3925,0.4525,0.325,0.3375,0.3575,0.3575,0.2825,0.275,0.4425,0.335,0.2925,0.2975,0.3,0.3875,0.4975,0.3775,0.405,0.2275,0.305,0.33,0.31,0.2675,0.495,0.49,0.2975,0.46,0.3325,0.3775,0.4225,0.46,0.39,0.5375,0.215,0.2425,0.3575,0.2125,0.255,0.2475,0.295,0.2175,0.42,0.345,0.34,0.435,0.47,0.225,0.225,0.4325,0.255,0.3625,0.295,0.3025,0.18,0.3925,0.45,0.3425,0.305,0.4475,0.19,0.295,0.2075,0.36,0.18,0.285,0.2625,0.345,0.465,0.1725,0.2875,0.49,0.2325,0.43,0.37,0.335,0.2425,0.335,0.515,0.17,0.175,0.4075,0.3025,0.39,0.2625,0.1875,0.3075,0.3,0.36,0.28,0.3425,0.185,0.255,0.5,0.2825,0.2975,0.2175,0.1575,0.3775
0.08	GG	0.775,0.7975,0.77,0.7825,0.6675,0.8,0.775,0.715,0.8125,0.8025,0.77,0.8225,0.64,0.78,0.74,0.775,0.77,0.8075,0.765,0.7,0.775,0.785,0.77,0.72,0.8,0.785,0.645,0.7725,0.7225,0.81,0.745,0.7325,0.76,0.7825,0.7725,0.74,0.8075,0.8375,0.69,0.46,0.7825,0.68,0.775,0.8075,0.7,0.8175,0.805,0.8175,0.7625,0.7725,0.68,0.455,0.79,0.815,0.755,0.74,0.81,0.36,0.76,0.3075,0.66,0.79,0.825,0.795,0.7475,0.675,0.775,0.79,0.8125,0.7525,0.8225,0.78,0.81,0.7575,0.805,0.81,0.6525,0.76,0.8275,0.785,0.825,0.8125,0.735,0.7225,0.755,0.6825,0.815,0.7875,0.685,0.7925,0.75,0.8075,0.75,0.4225,0.73,0.815,0.7125,0.8125,0.295,0.7775,0.835,0.6725,0.8175,0.8125,0.78,0.7225,0.81,0.8275,0.78,0.8275,0.8125,0.73,0.805,0.805,0.6675,0.7325,0.8,0.4725,0.83,0.79,0.7575,0.785,0.8375,0.755,0.69,0.815,0.8075,0.7325,0.815,0.77,0.81,0.79,0.7775,0.8075,0.765,0.755,0.8025,0.76,0.4,0.83,0.21,0.7775,0.74,0.81,0.7275,0.81,0.7825,0.8275,0.715,0.7825,0.7625,0.825,0.7825,0.825,0.825,0.7975,0.775,0.765,0.7575,0.7675,0.7625,0.79,0.7275,0.765,0.7875,0.6775,0.335,0.765,0.8075,0.74,0.8,0.8,0.78,0.7025,0.8025,0.815,0.81,0.82,0.82,0.6875,0.7825,0.8225,0.7075,0.82,0.785,0.39,0.75,0.7625,0.7775,0.33,0.8175,0.8275,0.735,0.78,0.7775,0.7475,0.7675,0.745,0.805,0.795
0.08	GG2	0.785,0.815,0.82,0.8125,0.7225,0.8175,0.7825,0.7575,0.835,0.835,0.7975,0.82,0.8075,0.7875,0.7825,0.8,0.7975,0.8075,0.82,0.7325,0.82,0.7925,0.7875,0.7375,0.85,0.7975,0.73,0.79,0.7525,0.8225,0.795,0.7825,0.7925,0.8175,0.855,0.7725,0.8525,0.845,0.7225,0.825,0.8025,0.7575,0.82,0.8125,0.7675,0.82,0.8125,0.825,0.795,0.7875,0.7625,0.7875,0.815,0.85,0.7825,0.765,0.825,0.795,0.78,0.8075,0.7025,0.7875,0.845,0.81,0.7775,0.7325,0.7975,0.805,0.835,0.77,0.8175,0.8125,0.835,0.765,0.8175,0.815,0.675,0.77,0.8275,0.8025,0.8375,0.8325,0.77,0.74,0.795,0.7625,0.8325,0.8225,0.7475,0.7875,0.805,0.815,0.7625,0.82,0.7825,0.83,0.7925,0.82,0.805,0.8175,0.84,0.76,0.81,0.835,0.79,0.775,0.8175,0.8175,0.795,0.8275,0.8125,0.76,0.835,0.845,0.6925,0.7475,0.815,0.825,0.84,0.81,0.7825,0.8375,0.8275,0.8075,0.7675,0.8525,0.81,0.7475,0.8375,0.8,0.8175,0.795,0.81,0.8325,0.79,0.7975,0.8075,0.7725,0.8125,0.84,0.7875,0.79,0.7325,0.835,0.7425,0.8325,0.8075,0.845,0.78,0.8225,0.8125,0.85,0.7925,0.8325,0.815,0.835,0.805,0.8025,0.785,0.8075,0.7925,0.8125,0.7325,0.7925,0.7925,0.8,0.8375,0.8175,0.8125,0.78,0.835,0.785,0.7875,0.765,0.8225,0.8725,0.83,0.8275,0.86,0.745,0.7875,0.8225,0.8175,0.8325,0.85,0.8525,0.7775,0.7975,0.8125,0.83,0.805,0.81,0.81,0.79,0.79,0.8075,0.8025,0.7875,0.8025,0.83
0.09	GEE	0.7,0.7225,0.7875,0.72,0.705,0.705,0.715,0.7025,0.715,0.7425,0.6425,0.735,0.745,0.6875,0.7625,0.7525,0.685,0.7025,0.67,0.71,0.755,0.76,0.7275,0.6725,0.7275,0.765,0.77,0.7725,0.76,0.7525,0.73,0.7525,0.6875,0.725,0.7375,0.72,0.73,0.715,0.6625,0.735,0.6875,0.66,0.7475,0.765,0.6475,0.7375,0.67,0.71,0.65,0.7825,0.6975,0.745,0.715,0.72,0.685,0.6675,0.7275,0.75,0.77,0.79,0.6825,0.725,0.7325,0.7375,0.73,0.69,0.73,0.7525,0.6425,0.69,0.7275,0.725,0.675,0.715,0.7925,0.7475,0.61,0.705,0.74,0.665,0.7475,0.7475,0.7275,0.755,0.715,0.7225,0.7275,0.6975,0.71,0.6925,0.5575,0.7275,0.6775,0.74,0.72,0.7675,0.705,0.71,0.7625,0.7325,0.695,0.71,0.7225,0.7775,0.7025,0.6275,0.74,0.7175,0.7075,0.665,0.73,0.7,0.68,0.7825,0.6875,0.69,0.7425,0.765,0.7325,0.705,0.7075,0.8325,0.7475,0.7475,0.7375,0.74,0.7675,0.705,0.7175,0.7275,0.76,0.645,0.6775,0.705,0.74,0.705,0.725,0.71,0.7425,0.7125,0.735,0.735,0.745,0.7275,0.6975,0.72,0.7725,0.7575,0.665,0.7425,0.635,0.7625,0.78,0.7125,0.6925,0.685,0.73,0.7225,0.69,0.6775,0.745,0.7075,0.725,0.7475,0.72,0.6825,0.725,0.735,0.735,0.7275,0.76,0.7325,0.7575,0.7725,0.7175,0.7275,0.7375,0.7125,0.7575,0.675,0.74,0.7425,0.68,0.7225,0.725,0.7575,0.6925,0.705,0.715,0.7625,0.72,0.7625,0.7375,0.7675,0.75,0.705,0.7525,0.715,0.6575,0.7375
0.09	GNN	0.52,0.385,0.2125,0.23,0.2075,0.2975,0.3425,0.185,0.35,0.2025,0.255,0.3975,0.2575,0.37,0.3325,0.3575,0.3475,0.3275,0.37,0.2225,0.3125,0.315,0.445,0.3575,0.2825,0.2725,0.285,0.325,0.3175,0.31,0.315,0.3875,0.2875,0.4675,0.2375,0.37,0.2625,0.4325,0.4125,0.285,0.285,0.37,0.235,0.2525,0.3475,0.31,0.415,0.43,0.3225,0.445,0.2625,0.3475,0.38,0.3525,0.25,0.2975,0.2575,0.4225,0.185,0.2525,0.2475,0.2925,0.2725,0.505,0.3625,0.2525,0.275,0.335,0.295,0.1975,0.1875,0.4325,0.3425,0.2175,0.2575,0.345,0.4975,0.3275,0.3525,0.385,0.2975,0.375,0.4125,0.2875,0.285,0.3525,0.33,0.4125,0.2925,0.555,0.2225,0.335,0.17,0.1825,0.2575,0.4,0.405,0.35,0.305,0.2575,0.28,0.28,0.375,0.38,0.4575,0.3175,0.3025,0.3175,0.3075,0.245,0.27,0.4175,0.315,0.3025,0.25,0.3125,0.33,0.43,0.3375,0.435,0.1925,0.2775,0.34,0.25,0.26,0.56,0.465,0.2975,0.3625,0.325,0.2975,0.4025,0.4475,0.395,0.4925,0.2475,0.245,0.3625,0.205,0.2225,0.2125,0.29,0.235,0.37,0.3325,0.325,0.385,0.5075,0.2325,0.245,0.375,0.24,0.335,0.295,0.275,0.22,0.4175,0.4425,0.31,0.28,0.395,0.23,0.3,0.1975,0.3575,0.1825,0.22,0.27,0.3125,0.3875,0.185,0.2925,0.415,0.23,0.39,0.3525,0.3475,0.2275,0.34,0.4225,0.2175,0.1875,0.3875,0.29,0.3025,0.2775,0.195,0.27,0.2775,0.3875,0.25,0.3075,0.2125,0.265,0.4325,0.26,0.29,0.215,0.2275,0.35
0.09	GG	0.665,0.725,0.7225,0.725,0.6125,0.75,0.7275,0.69,0.76,0.7375,0.6725,0.725,0.5625,0.705,0.715,0.69,0.695,0.7,0.6875,0.69,0.73,0.7425,0.6825,0.655,0.74,0.7075,0.63,0.5525,0.6975,0.7425,0.74,0.7025,0.7125,0.72,0.7275,0.7025,0.6925,0.7175,0.6475,0.4125,0.6925,0.6625,0.7425,0.745,0.6375,0.735,0.7,0.6925,0.72,0.7375,0.655,0.405,0.7025,0.665,0.705,0.69,0.78,0.36,0.73,0.2975,0.66,0.5625,0.7425,0.7075,0.7225,0.6775,0.7125,0.4625,0.2925,0.695,0.74,0.7025,0.7225,0.695,0.7525,0.7525,0.6075,0.695,0.72,0.6775,0.715,0.7175,0.68,0.66,0.7125,0.6575,0.73,0.7375,0.5925,0.685,0.68,0.335,0.72,0.405,0.7,0.46,0.675,0.345,0.295,0.765,0.73,0.6325,0.7675,0.7725,0.6875,0.585,0.6825,0.7225,0.7325,0.7275,0.7375,0.6975,0.725,0.65,0.6575,0.6575,0.765,0.515,0.7225,0.7275,0.66,0.7725,0.7875,0.7025,0.6625,0.7275,0.74,0.705,0.7775,0.7575,0.77,0.7125,0.69,0.7575,0.19,0.6625,0.7525,0.6875,0.3875,0.745,0.1975,0.4275,0.7275,0.7375,0.6675,0.75,0.74,0.785,0.6725,0.76,0.6725,0.7175,0.7125,0.7425,0.71,0.69,0.7175,0.7275,0.6525,0.6825,0.68,0.7375,0.6875,0.6775,0.7125,0.61,0.3225,0.705,0.755,0.665,0.7275,0.755,0.7175,0.7125,0.735,0.75,0.765,0.745,0.7175,0.61,0.735,0.775,0.57,0.725,0.71,0.39,0.62,0.68,0.675,0.33,0.5825,0.7775,0.72,0.7125,0.72,0.635,0.715,0.66,0.6925,0.715
0.09	GG2	0.6875,0.755,0.7625,0.7625,0.69,0.7375,0.735,0.7325,0.7675,0.7725,0.675,0.74,0.7625,0.7325,0.77,0.73,0.72,0.715,0.72,0.7025,0.7725,0.765,0.715,0.6975,0.755,0.725,0.7025,0.785,0.73,0.7375,0.7525,0.72,0.7375,0.73,0.745,0.7275,0.72,0.74,0.67,0.7775,0.69,0.6925,0.755,0.7425,0.6675,0.7475,0.7325,0.705,0.7275,0.7925,0.7,0.775,0.74,0.7075,0.7275,0.6925,0.7725,0.7375,0.77,0.7825,0.7,0.7625,0.75,0.7175,0.7625,0.6475,0.7125,0.7775,0.5875,0.715,0.735,0.73,0.705,0.705,0.7525,0.765,0.6325,0.7425,0.765,0.7075,0.775,0.74,0.7425,0.7025,0.7525,0.6925,0.7425,0.7175,0.6675,0.6825,0.71,0.7275,0.76,0.695,0.73,0.77,0.7325,0.75,0.8,0.765,0.745,0.69,0.7725,0.7825,0.69,0.6375,0.73,0.73,0.7375,0.765,0.7525,0.68,0.73,0.7525,0.705,0.6875,0.7675,0.7275,0.7575,0.7225,0.6925,0.8075,0.775,0.7225,0.7,0.7675,0.76,0.7225,0.8025,0.7675,0.8025,0.705,0.715,0.785,0.735,0.705,0.7425,0.6975,0.7425,0.78,0.74,0.735,0.74,0.7425,0.685,0.77,0.7425,0.8275,0.6975,0.7475,0.69,0.755,0.7825,0.7425,0.7025,0.725,0.7625,0.745,0.6875,0.7425,0.7125,0.7675,0.7025,0.7175,0.725,0.7325,0.715,0.7375,0.8,0.71,0.785,0.76,0.7425,0.735,0.7675,0.7475,0.7775,0.765,0.735,0.6575,0.73,0.785,0.7025,0.765,0.75,0.775,0.6725,0.7075,0.6875,0.7675,0.7375,0.7875,0.75,0.7225,0.7475,0.765,0.7475,0.69,0.7275,0.7475
0.1	GEE	0.6775,0.68,0.7075,0.6975,0.6975,0.625,0.7525,0.67,0.66,0.6725,0.6425,0.6925,0.6625,0.685,0.665,0.6225,0.6425,0.6475,0.6175,0.5825,0.655,0.6725,0.695,0.65,0.635,0.7075,0.665,0.7125,0.695,0.6875,0.705,0.6625,0.65,0.6475,0.71,0.6825,0.7125,0.655,0.6675,0.7175,0.7,0.615,0.6425,0.6575,0.67,0.7025,0.6375,0.6475,0.65,0.7075,0.6525,0.7075,0.645,0.6575,0.6625,0.67,0.645,0.6825,0.68,0.6625,0.625,0.6725,0.705,0.7125,0.675,0.66,0.6725,0.6975,0.635,0.6725,0.665,0.685,0.705,0.69,0.705,0.66,0.61,0.685,0.725,0.6575,0.7075,0.7275,0.6775,0.6775,0.625,0.6875,0.6625,0.5925,0.57,0.62,0.5675,0.6675,0.6275,0.6825,0.68,0.6725,0.6325,0.6675,0.695,0.7225,0.6625,0.6575,0.635,0.715,0.6475,0.6225,0.69,0.6475,0.6575,0.6775,0.6575,0.7225,0.67,0.715,0.5975,0.6275,0.69,0.685,0.685,0.6925,0.685,0.7175,0.615,0.73,0.6825,0.7,0.675,0.6225,0.6575,0.6575,0.7,0.58,0.5675,0.68,0.67,0.695,0.65,0.685,0.6675,0.6675,0.635,0.7075,0.6625,0.71,0.6425,0.6875,0.7275,0.6725,0.6325,0.705,0.5875,0.6875,0.66,0.705,0.6225,0.6625,0.68,0.7075,0.675,0.66,0.7125,0.6475,0.6825,0.6675,0.6975,0.6025,0.7,0.69,0.64,0.595,0.715,0.6475,0.6975,0.6375,0.6875,0.6675,0.6975,0.675,0.6675,0.6525,0.67,0.6225,0.58,0.6625,0.6625,0.685,0.705,0.71,0.66,0.6975,0.6625,0.7175,0.6625,0.6875,0.655,0.6475,0.6575,0.6175,0.6375,0.6975
0.1	GNN	0.495,0.37,0.2075,0.1875,0.2125,0.2875,0.295,0.185,0.3225,0.1875,0.2475,0.3725,0.245,0.385,0.3625,0.325,0.315,0.3575,0.3525,0.25,0.2725,0.2625,0.3925,0.325,0.25,0.275,0.28,0.3325,0.33,0.345,0.2925,0.3775,0.2775,0.4675,0.26,0.35,0.3525,0.4275,0.33,0.285,0.3,0.2725,0.225,0.2275,0.34,0.3,0.365,0.3925,0.3225,0.455,0.31,0.33,0.33,0.3525,0.285,0.3075,0.2125,0.405,0.2425,0.25,0.2675,0.265,0.305,0.4625,0.3225,0.3,0.285,0.3,0.25,0.2025,0.195,0.41,0.3475,0.19,0.285,0.31,0.455,0.28,0.3925,0.3875,0.31,0.3125,0.3875,0.2925,0.2825,0.32,0.31,0.365,0.2475,0.5025,0.1975,0.295,0.1875,0.2225,0.2275,0.425,0.365,0.365,0.3075,0.2575,0.265,0.2525,0.3725,0.29,0.4275,0.34,0.32,0.2975,0.345,0.2575,0.2675,0.4,0.305,0.2925,0.2475,0.2975,0.3775,0.4375,0.2975,0.3625,0.21,0.285,0.3325,0.2575,0.255,0.4175,0.39,0.27,0.3875,0.255,0.3325,0.355,0.425,0.345,0.45,0.2125,0.195,0.365,0.2175,0.2375,0.2325,0.2775,0.23,0.3475,0.2975,0.3325,0.3375,0.4475,0.2025,0.2475,0.3325,0.1925,0.3525,0.315,0.275,0.205,0.3725,0.43,0.3025,0.265,0.4025,0.22,0.25,0.1925,0.345,0.195,0.265,0.235,0.3125,0.3575,0.1775,0.2675,0.39,0.1975,0.36,0.3375,0.3,0.22,0.3275,0.4275,0.1975,0.185,0.365,0.3025,0.33,0.23,0.1825,0.2675,0.2925,0.34,0.2475,0.3075,0.2,0.2475,0.4,0.305,0.295,0.23,0.1925,0.2775
0.1	GG	0.6325,0.695,0.6675,0.6525,0.605,0.665,0.745,0.6525,0.7025,0.6875,0.645,0.6875,0.5375,0.705,0.6725,0.5825,0.62,0.6725,0.625,0.6075,0.635,0.6475,0.6575,0.4125,0.6225,0.2925,0.5925,0.555,0.6,0.7075,0.685,0.6425,0.6225,0.645,0.72,0.635,0.67,0.5875,0.6225,0.355,0.6825,0.5775,0.675,0.68,0.64,0.6925,0.6425,0.655,0.6525,0.675,0.61,0.405,0.6475,0.6175,0.4525,0.6575,0.6875,0.36,0.6425,0.295,0.595,0.6525,0.6825,0.675,0.6325,0.625,0.2875,0.44,0.29,0.6275,0.665,0.7025,0.71,0.6675,0.66,0.7025,0.5975,0.675,0.7175,0.625,0.675,0.7025,0.6125,0.625,0.605,0.6425,0.665,0.64,0.5625,0.6225,0.66,0.6625,0.6525,0.6175,0.6075,0.645,0.625,0.335,0.295,0.6975,0.6725,0.58,0.695,0.695,0.5975,0.555,0.6975,0.6275,0.6775,0.7075,0.6825,0.4025,0.695,0.7075,0.55,0.61,0.71,0.475,0.72,0.6925,0.635,0.735,0.39,0.675,0.6,0.7025,0.6675,0.59,0.655,0.6625,0.72,0.68,0.5975,0.7175,0.19,0.6475,0.66,0.6725,0.38,0.7025,0.1975,0.6675,0.6225,0.685,0.595,0.7125,0.675,0.7125,0.6225,0.71,0.58,0.6575,0.5925,0.6925,0.7,0.655,0.7125,0.6775,0.6125,0.635,0.6675,0.6575,0.6375,0.6275,0.645,0.575,0.65,0.645,0.6325,0.575,0.69,0.6725,0.6425,0.5825,0.6675,0.69,0.675,0.7175,0.6675,0.59,0.6825,0.6725,0.5125,0.675,0.65,0.39,0.6,0.67,0.64,0.33,0.5425,0.715,0.63,0.6325,0.605,0.585,0.6625,0.595,0.6675,0.6225
0.1	GG2	0.6375,0.705,0.7075,0.665,0.655,0.6575,0.7425,0.67,0.6825,0.6875,0.66,0.6975,0.6925,0.705,0.6825,0.6325,0.6325,0.665,0.6375,0.6525,0.6725,0.66,0.685,0.69,0.665,0.72,0.66,0.7,0.6225,0.695,0.7125,0.67,0.6375,0.6475,0.7125,0.6925,0.7,0.6675,0.6675,0.735,0.695,0.6225,0.675,0.68,0.65,0.7225,0.66,0.67,0.665,0.725,0.6325,0.7125,0.665,0.685,0.6675,0.655,0.6975,0.6075,0.6525,0.6925,0.625,0.65,0.7125,0.6875,0.67,0.655,0.6825,0.74,0.585,0.6525,0.69,0.7025,0.715,0.675,0.6825,0.71,0.6325,0.7075,0.7125,0.6475,0.7,0.7125,0.62,0.64,0.6325,0.6575,0.6675,0.64,0.6025,0.5975,0.69,0.675,0.7075,0.65,0.675,0.695,0.6475,0.67,0.6775,0.695,0.6975,0.635,0.6775,0.725,0.63,0.6475,0.7,0.66,0.7075,0.7125,0.6825,0.67,0.6925,0.7125,0.5825,0.645,0.7,0.6725,0.73,0.705,0.6625,0.7125,0.595,0.7275,0.595,0.7275,0.6925,0.63,0.6775,0.6625,0.7375,0.6475,0.595,0.7225,0.66,0.7025,0.68,0.6875,0.6975,0.7275,0.6225,0.7025,0.6375,0.69,0.6175,0.7275,0.6575,0.725,0.6375,0.705,0.6075,0.685,0.6275,0.685,0.695,0.665,0.7175,0.6825,0.66,0.63,0.695,0.655,0.675,0.6525,0.73,0.6675,0.675,0.69,0.64,0.5975,0.7225,0.6675,0.655,0.6125,0.68,0.7075,0.6875,0.7125,0.6825,0.6,0.6875,0.6625,0.6375,0.675,0.675,0.6925,0.665,0.6775,0.6475,0.67,0.665,0.715,0.645,0.64,0.6325,0.7,0.6825,0.61,0.65,0.6875
0.11	GEE	0.565,0.5825,0.5975,0.5725,0.6025,0.555,0.5625,0.605,0.61,0.5625,0.4775,0.6275,0.5825,0.58,0.58,0.5925,0.535,0.6325,0.54,0.49,0.5475,0.5825,0.6025,0.555,0.605,0.63,0.5525,0.585,0.5725,0.555,0.6125,0.6275,0.605,0.5825,0.565,0.5425,0.57,0.5825,0.48,0.5925,0.6325,0.495,0.6325,0.5525,0.5175,0.57,0.5775,0.595,0.555,0.6,0.53,0.635,0.55,0.505,0.5875,0.54,0.5325,0.5225,0.5775,0.62,0.55,0.5275,0.6175,0.5725,0.5725,0.51,0.545,0.5825,0.4875,0.5675,0.66,0.65,0.5625,0.5875,0.5575,0.4925,0.5075,0.5525,0.5675,0.4675,0.5475,0.565,0.56,0.63,0.53,0.5775,0.585,0.555,0.53,0.5825,0.4575,0.5475,0.5125,0.585,0.59,0.585,0.55,0.5775,0.5975,0.62,0.545,0.5375,0.565,0.6075,0.57,0.5175,0.66,0.58,0.545,0.6025,0.5675,0.58,0.57,0.5725,0.5075,0.53,0.5225,0.625,0.6,0.5525,0.6025,0.5925,0.5475,0.6375,0.595,0.515,0.59,0.555,0.56,0.545,0.555,0.5,0.5,0.5475,0.625,0.5975,0.59,0.5425,0.605,0.54,0.5775,0.5775,0.525,0.515,0.5225,0.49,0.5875,0.5925,0.565,0.665,0.5275,0.6175,0.5875,0.565,0.6025,0.5525,0.5825,0.5925,0.5575,0.575,0.5875,0.59,0.5625,0.5625,0.6325,0.43,0.54,0.6,0.6,0.5925,0.575,0.53,0.5975,0.6225,0.53,0.6175,0.5825,0.6275,0.59,0.585,0.5525,0.535,0.5375,0.62,0.555,0.605,0.5725,0.5575,0.5275,0.5875,0.59,0.5475,0.5625,0.61,0.5675,0.585,0.62,0.62,0.4925,0.5475
0.11	GNN	0.475,0.3425,0.1775,0.2275,0.205,0.28,0.295,0.1775,0.2675,0.245,0.265,0.365,0.2725,0.3525,0.345,0.3125,0.32,0.305,0.3425,0.2575,0.285,0.2925,0.35,0.285,0.245,0.26,0.2925,0.3375,0.2975,0.3,0.29,0.3425,0.2625,0.4475,0.295,0.325,0.2925,0.4225,0.325,0.285,0.2775,0.3375,0.2225,0.2425,0.325,0.3375,0.335,0.3525,0.3075,0.3725,0.25,0.3025,0.31,0.3,0.2275,0.2875,0.2325,0.3725,0.2225,0.2725,0.285,0.305,0.2675,0.3875,0.3075,0.29,0.2625,0.275,0.2625,0.2125,0.2025,0.4,0.3375,0.23,0.2775,0.345,0.3875,0.2925,0.3175,0.3625,0.2725,0.2825,0.4,0.27,0.2975,0.3075,0.285,0.3675,0.28,0.4675,0.235,0.3075,0.2075,0.205,0.26,0.3475,0.3975,0.355,0.33,0.2275,0.2375,0.24,0.365,0.2775,0.345,0.2775,0.3075,0.2925,0.31,0.235,0.2525,0.3825,0.275,0.27,0.2325,0.2575,0.305,0.395,0.315,0.3175,0.2,0.2775,0.29,0.2825,0.2775,0.3925,0.36,0.275,0.34,0.2775,0.305,0.325,0.3925,0.3075,0.3925,0.25,0.22,0.315,0.175,0.2125,0.2125,0.27,0.2275,0.315,0.315,0.2975,0.3225,0.38,0.21,0.23,0.3525,0.265,0.345,0.2925,0.2825,0.2,0.3225,0.4025,0.34,0.27,0.345,0.2125,0.22,0.18,0.3475,0.18,0.25,0.2325,0.275,0.3725,0.2225,0.2675,0.3475,0.2025,0.35,0.3675,0.2875,0.2375,0.27,0.3725,0.19,0.175,0.3275,0.2775,0.3425,0.26,0.2425,0.315,0.265,0.3225,0.2625,0.2925,0.18,0.225,0.3175,0.26,0.285,0.22,0.235,0.33
0.11	GG	0.5025,0.5625,0.535,0.5475,0.5375,0.5725,0.5425,0.585,0.595,0.55,0.5225,0.5,0.515,0.59,0.52,0.5775,0.5225,0.565,0.57,0.5375,0.575,0.55,0.4325,0.5275,0.5975,0.2925,0.455,0.49,0.5025,0.58,0.58,0.4975,0.5775,0.5625,0.5625,0.5275,0.4275,0.56,0.505,0.29,0.6525,0.49,0.61,0.6125,0.48,0.5525,0.555,0.56,0.61,0.5925,0.5075,0.405,0.56,0.41,0.5975,0.5275,0.65,0.36,0.59,0.295,0.52,0.46,0.605,0.55,0.58,0.525,0.3,0.365,0.29,0.5825,0.5875,0.62,0.565,0.5725,0.565,0.57,0.4875,0.57,0.57,0.4975,0.5475,0.5025,0.5475,0.58,0.5325,0.55,0.5775,0.325,0.4875,0.5425,0.5575,0.3025,0.545,0.375,0.51,0.54,0.535,0.57,0.295,0.4225,0.5725,0.525,0.5775,0.315,0.5575,0.555,0.55,0.61,0.575,0.64,0.5775,0.55,0.565,0.5475,0.5175,0.47,0.5775,0.4025,0.6125,0.58,0.5275,0.565,0.38,0.555,0.5275,0.2,0.5175,0.515,0.5775,0.5525,0.55,0.55,0.59,0.605,0.19,0.5525,0.615,0.5325,0.38,0.5925,0.2,0.555,0.4725,0.535,0.5025,0.5575,0.5675,0.62,0.5275,0.625,0.5075,0.58,0.565,0.57,0.59,0.585,0.5975,0.5875,0.5225,0.565,0.565,0.57,0.5725,0.5175,0.5825,0.48,0.3225,0.61,0.605,0.5075,0.565,0.6,0.5925,0.55,0.5275,0.605,0.555,0.65,0.5825,0.4125,0.5775,0.585,0.4625,0.6425,0.56,0.39,0.51,0.5725,0.535,0.33,0.4925,0.6275,0.52,0.5625,0.5375,0.51,0.5575,0.565,0.54,0.5425
0.11	GG2	0.5525,0.5575,0.6,0.56,0.6,0.58,0.5525,0.6125,0.6375,0.595,0.53,0.605,0.65,0.6225,0.5925,0.595,0.5525,0.62,0.605,0.5375,0.5675,0.57,0.585,0.5475,0.6275,0.62,0.575,0.635,0.535,0.5925,0.62,0.5725,0.6025,0.5925,0.57,0.5875,0.525,0.5925,0.5175,0.6375,0.645,0.5175,0.6275,0.59,0.54,0.595,0.5775,0.58,0.6325,0.6375,0.5425,0.6425,0.585,0.485,0.5975,0.545,0.635,0.4625,0.6025,0.64,0.565,0.5725,0.6175,0.57,0.5825,0.51,0.5575,0.625,0.42,0.5775,0.675,0.65,0.6,0.5825,0.57,0.6125,0.515,0.6125,0.575,0.54,0.585,0.5625,0.5275,0.5825,0.5475,0.5975,0.6,0.645,0.5225,0.555,0.5975,0.5675,0.6325,0.535,0.57,0.61,0.6075,0.585,0.6075,0.61,0.5825,0.5575,0.5925,0.495,0.5575,0.605,0.665,0.62,0.605,0.6475,0.6225,0.57,0.5775,0.5725,0.5225,0.4875,0.59,0.6075,0.635,0.575,0.5825,0.5875,0.5025,0.6,0.585,0.505,0.58,0.5575,0.6075,0.5775,0.58,0.5525,0.5825,0.61,0.6225,0.575,0.64,0.54,0.64,0.605,0.55,0.5625,0.5575,0.545,0.535,0.59,0.5975,0.6425,0.5575,0.655,0.5725,0.615,0.605,0.5775,0.6,0.615,0.6025,0.6075,0.5475,0.5775,0.6075,0.6075,0.565,0.5775,0.6325,0.5675,0.535,0.6175,0.62,0.5575,0.6,0.5975,0.59,0.59,0.555,0.6275,0.6025,0.6475,0.5925,0.5925,0.5725,0.5625,0.565,0.65,0.5875,0.6375,0.5525,0.5975,0.54,0.5625,0.64,0.63,0.555,0.59,0.565,0.6475,0.6175,0.6175,0.55,0.5525
0.12	GEE	0.4475,0.5,0.5325,0.5125,0.47,0.48,0.51,0.5075,0.505,0.5425,0.4125,0.54,0.495,0.485,0.49,0.4875,0.4825,0.4675,0.4125,0.385,0.535,0.535,0.52,0.54,0.47,0.5125,0.565,0.5575,0.51,0.4975,0.4775,0.5025,0.48,0.5025,0.54,0.5575,0.4525,0.55,0.4925,0.5025,0.4875,0.48,0.485,0.4725,0.4675,0.4875,0.4675,0.545,0.4325,0.5325,0.4575,0.565,0.4775,0.57,0.505,0.4325,0.4375,0.41,0.4925,0.5475,0.545,0.48,0.52,0.515,0.5275,0.37,0.4525,0.53,0.415,0.545,0.5575,0.5725,0.5125,0.51,0.5325,0.4425,0.4075,0.48,0.485,0.425,0.525,0.54,0.5025,0.4425,0.43,0.43,0.4625,0.4325,0.505,0.49,0.3625,0.5525,0.4475,0.5125,0.4925,0.495,0.4,0.31,0.505,0.5475,0.485,0.5325,0.4875,0.4825,0.48,0.4775,0.57,0.5075,0.5075,0.5,0.4575,0.54,0.515,0.57,0.4475,0.4875,0.515,0.5475,0.4925,0.45,0.4875,0.5775,0.415,0.5525,0.55,0.395,0.4625,0.4925,0.42,0.44,0.51,0.4175,0.4325,0.455,0.5175,0.52,0.535,0.4525,0.5425,0.4825,0.475,0.5875,0.4725,0.52,0.485,0.4625,0.5725,0.5025,0.475,0.5275,0.48,0.4975,0.54,0.5125,0.475,0.475,0.51,0.4875,0.4825,0.48,0.505,0.4675,0.4975,0.5,0.5475,0.255,0.4725,0.46,0.405,0.51,0.53,0.2975,0.53,0.49,0.44,0.51,0.5175,0.4975,0.5175,0.565,0.525,0.46,0.5075,0.5375,0.5225,0.5275,0.49,0.485,0.57,0.46,0.505,0.4825,0.5225,0.5,0.52,0.5325,0.495,0.4525,0.4575,0.5025
0.12	GNN	0.37,0.3125,0.235,0.235,0.23,0.2575,0.275,0.21,0.275,0.2075,0.24,0.305,0.24,0.315,0.325,0.255,0.2975,0.2925,0.305,0.2425,0.275,0.2775,0.355,0.305,0.23,0.3,0.225,0.305,0.3075,0.2975,0.275,0.3025,0.25,0.42,0.2625,0.3225,0.2875,0.3925,0.3275,0.2925,0.285,0.32,0.2225,0.21,0.29,0.35,0.305,0.3175,0.2925,0.3175,0.2575,0.3025,0.295,0.3075,0.27,0.28,0.265,0.355,0.2275,0.2425,0.2875,0.3025,0.2675,0.36,0.2875,0.2375,0.2575,0.28,0.23,0.1975,0.22,0.3625,0.305,0.245,0.265,0.3125,0.3675,0.3075,0.3175,0.335,0.26,0.2725,0.3875,0.2725,0.2475,0.295,0.29,0.3275,0.215,0.4,0.22,0.3025,0.225,0.2475,0.275,0.395,0.39,0.3025,0.3225,0.26,0.255,0.2775,0.355,0.28,0.3825,0.2925,0.29,0.3125,0.27,0.295,0.28,0.345,0.2975,0.275,0.245,0.2925,0.2875,0.38,0.2925,0.3175,0.2325,0.305,0.2825,0.2425,0.2875,0.3825,0.355,0.2675,0.325,0.2675,0.3125,0.3375,0.3675,0.2975,0.39,0.225,0.23,0.3175,0.2575,0.265,0.2675,0.2975,0.2475,0.3475,0.2625,0.2925,0.31,0.3575,0.22,0.2575,0.3375,0.2775,0.3275,0.2475,0.25,0.23,0.32,0.3675,0.3025,0.29,0.345,0.25,0.2325,0.225,0.29,0.1975,0.2475,0.245,0.2725,0.3175,0.2525,0.235,0.3425,0.2025,0.3175,0.3125,0.2825,0.2075,0.2925,0.3575,0.2475,0.235,0.36,0.305,0.295,0.265,0.2275,0.3,0.25,0.3625,0.2625,0.2775,0.2275,0.22,0.345,0.25,0.2675,0.27,0.2175,0.325
0.12	GG	0.4075,0.4725,0.46,0.535,0.43,0.5,0.4875,0.4525,0.565,0.5125,0.4275,0.49,0.5175,0.485,0.4425,0.4325,0.4725,0.465,0.4225,0.4125,0.48,0.51,0.37,0.3325,0.4875,0.2925,0.445,0.435,0.4875,0.515,0.4975,0.465,0.465,0.4775,0.5525,0.435,0.4275,0.4825,0.4425,0.29,0.51,0.475,0.4725,0.485,0.38,0.5,0.4525,0.3925,0.4725,0.4925,0.415,0.405,0.45,0.5,0.5025,0.4575,0.535,0.36,0.485,0.295,0.455,0.395,0.53,0.5,0.5325,0.47,0.2875,0.3325,0.29,0.4975,0.505,0.5075,0.47,0.49,0.525,0.49,0.4425,0.4825,0.495,0.41,0.5025,0.485,0.4725,0.21,0.43,0.4325,0.46,0.5325,0.4375,0.495,0.44,0.31,0.47,0.375,0.43,0.3425,0.4225,0.395,0.295,0.4175,0.4925,0.44,0.5,0.305,0.465,0.4375,0.46,0.525,0.5025,0.4925,0.495,0.385,0.4475,0.53,0.3975,0.4825,0.515,0.385,0.4875,0.4775,0.4625,0.5225,0.38,0.4375,0.3625,0.2075,0.455,0.4875,0.525,0.3075,0.4925,0.44,0.4925,0.4875,0.19,0.46,0.5225,0.455,0.3925,0.5025,0.1975,0.4075,0.45,0.515,0.445,0.5175,0.5125,0.5225,0.46,0.52,0.4125,0.4825,0.4775,0.53,0.4725,0.445,0.4925,0.4925,0.495,0.5025,0.45,0.455,0.48,0.4425,0.455,0.485,0.3225,0.465,0.55,0.4325,0.4775,0.48,0.4775,0.475,0.5025,0.505,0.495,0.5225,0.4675,0.4225,0.51,0.485,0.415,0.535,0.47,0.39,0.44,0.4975,0.55,0.33,0.4225,0.4975,0.475,0.4575,0.465,0.445,0.435,0.21,0.48,0.4775
0.12	GG2	0.425,0.4825,0.5575,0.535,0.45,0.52,0.4975,0.4825,0.55,0.5675,0.42,0.525,0.5625,0.5075,0.5425,0.4725,0.51,0.5025,0.4625,0.4425,0.56,0.5375,0.505,0.5425,0.515,0.51,0.5325,0.53,0.5,0.535,0.52,0.525,0.495,0.505,0.5675,0.5325,0.4525,0.5625,0.485,0.5225,0.5125,0.5075,0.495,0.5,0.4575,0.5225,0.49,0.57,0.4675,0.5525,0.4325,0.5725,0.47,0.555,0.5225,0.455,0.515,0.3825,0.48,0.5525,0.5075,0.485,0.5175,0.515,0.535,0.495,0.43,0.5425,0.355,0.5275,0.525,0.545,0.52,0.51,0.53,0.4925,0.4475,0.505,0.505,0.415,0.53,0.53,0.4725,0.425,0.4725,0.4675,0.4725,0.5275,0.4825,0.5075,0.4475,0.54,0.505,0.4025,0.425,0.4825,0.4125,0.405,0.5125,0.545,0.5275,0.525,0.51,0.45,0.51,0.48,0.5325,0.525,0.5225,0.5025,0.52,0.5175,0.5275,0.51,0.43,0.4975,0.5175,0.5575,0.5025,0.4525,0.4625,0.5225,0.415,0.5975,0.5575,0.4075,0.5,0.525,0.53,0.43,0.5425,0.4425,0.475,0.5225,0.505,0.505,0.5225,0.455,0.6,0.505,0.4575,0.5775,0.455,0.53,0.4675,0.5325,0.5625,0.5425,0.49,0.5075,0.4575,0.4975,0.5775,0.5275,0.4775,0.48,0.5425,0.495,0.52,0.5025,0.4675,0.5025,0.4925,0.46,0.54,0.295,0.4625,0.4825,0.5075,0.48,0.5175,0.4625,0.525,0.4775,0.465,0.49,0.5225,0.5225,0.4975,0.6,0.5225,0.475,0.4875,0.535,0.5125,0.5725,0.515,0.5025,0.515,0.3925,0.525,0.465,0.53,0.4675,0.4925,0.5075,0.4875,0.43,0.49,0.515
0.13	GEE	0.435,0.485,0.5075,0.4175,0.4525,0.4625,0.38,0.4425,0.405,0.4425,0.4,0.49,0.39,0.405,0.41,0.4575,0.3425,0.4525,0.4125,0.3925,0.485,0.4775,0.475,0.4825,0.415,0.4525,0.4575,0.47,0.43,0.445,0.455,0.46,0.41,0.445,0.4775,0.4425,0.465,0.4525,0.4725,0.4675,0.47,0.4825,0.425,0.4275,0.3725,0.4775,0.44,0.4625,0.3,0.43,0.4075,0.4875,0.455,0.41,0.525,0.455,0.385,0.3675,0.465,0.4825,0.41,0.4125,0.4425,0.48,0.365,0.27,0.3625,0.425,0.2975,0.435,0.39,0.4925,0.48,0.4425,0.48,0.3625,0.3725,0.3925,0.4375,0.38,0.405,0.445,0.4225,0.325,0.4175,0.395,0.44,0.435,0.445,0.43,0.2775,0.4275,0.4175,0.425,0.48,0.42,0.27,0.3075,0.4125,0.5,0.4175,0.4575,0.4425,0.4325,0.4225,0.425,0.4725,0.425,0.41,0.475,0.4275,0.465,0.4425,0.5225,0.3925,0.4275,0.4075,0.5125,0.4425,0.365,0.425,0.4725,0.3925,0.4475,0.4475,0.34,0.435,0.355,0.365,0.4075,0.435,0.385,0.3675,0.415,0.4725,0.45,0.38,0.3525,0.4725,0.415,0.335,0.5,0.415,0.42,0.43,0.4425,0.49,0.42,0.4725,0.5025,0.395,0.475,0.5,0.43,0.45,0.43,0.465,0.47,0.455,0.3775,0.3975,0.3925,0.45,0.425,0.4375,0.285,0.43,0.415,0.3925,0.4225,0.4375,0.3575,0.4875,0.475,0.3275,0.4875,0.4575,0.44,0.4675,0.3925,0.4775,0.43,0.405,0.4475,0.3575,0.475,0.4425,0.4475,0.4175,0.4275,0.4225,0.4375,0.4775,0.4675,0.4575,0.375,0.445,0.335,0.4,0.41
0.13	GNN	0.39,0.3,0.2475,0.23,0.195,0.255,0.27,0.2425,0.2475,0.255,0.29,0.28,0.255,0.325,0.32,0.2325,0.305,0.2875,0.2975,0.29,0.245,0.27,0.275,0.26,0.28,0.2575,0.255,0.2875,0.2825,0.2925,0.2925,0.3925,0.25,0.3075,0.265,0.3225,0.26,0.3625,0.29,0.2875,0.265,0.3075,0.225,0.2625,0.28,0.3,0.2925,0.26,0.3,0.33,0.2475,0.295,0.27,0.265,0.2775,0.2775,0.24,0.3625,0.2575,0.255,0.295,0.2825,0.28,0.3675,0.345,0.2825,0.265,0.255,0.2625,0.21,0.2325,0.2875,0.2725,0.215,0.2675,0.2625,0.335,0.2875,0.3175,0.3125,0.2725,0.2825,0.3225,0.29,0.255,0.2775,0.2725,0.295,0.245,0.38,0.255,0.2875,0.2325,0.245,0.275,0.325,0.3075,0.3475,0.265,0.285,0.255,0.2775,0.295,0.28,0.3075,0.265,0.3025,0.2875,0.265,0.245,0.2675,0.33,0.2975,0.2875,0.2825,0.2675,0.2975,0.3625,0.26,0.2925,0.245,0.255,0.2625,0.2375,0.2875,0.3475,0.38,0.275,0.3625,0.295,0.31,0.3,0.3,0.29,0.35,0.2125,0.2325,0.3125,0.2275,0.235,0.245,0.2625,0.2275,0.2925,0.3375,0.285,0.32,0.33,0.255,0.2225,0.325,0.26,0.3175,0.2925,0.2725,0.2175,0.2925,0.3375,0.315,0.2625,0.3125,0.21,0.26,0.2525,0.29,0.225,0.2675,0.205,0.29,0.3125,0.21,0.2875,0.2525,0.2525,0.32,0.3075,0.2875,0.2425,0.3225,0.32,0.27,0.23,0.32,0.2525,0.2725,0.2325,0.21,0.2725,0.2725,0.32,0.22,0.2875,0.2425,0.2725,0.29,0.2725,0.275,0.2625,0.2375,0.2925
0.13	GG	0.4425,0.435,0.4225,0.4025,0.395,0.44,0.4525,0.3925,0.4475,0.43,0.385,0.45,0.47,0.425,0.3975,0.42,0.39,0.4025,0.445,0.38,0.41,0.4825,0.36,0.3125,0.45,0.2925,0.35,0.4125,0.42,0.4525,0.43,0.41,0.3925,0.485,0.43,0.43,0.4275,0.4025,0.4075,0.29,0.46,0.4,0.4475,0.42,0.355,0.41,0.42,0.4075,0.4275,0.4375,0.355,0.405,0.3975,0.3325,0.425,0.405,0.4325,0.36,0.49,0.295,0.34,0.3425,0.4525,0.335,0.395,0.425,0.2875,0.3175,0.29,0.3975,0.415,0.4375,0.4175,0.4225,0.395,0.425,0.355,0.4375,0.435,0.42,0.4,0.42,0.425,0.185,0.41,0.415,0.43,0.3225,0.36,0.4175,0.335,0.3025,0.445,0.375,0.4275,0.305,0.4175,0.2925,0.295,0.415,0.4225,0.4275,0.3875,0.3075,0.3975,0.41,0.43,0.43,0.4025,0.42,0.4175,0.38,0.41,0.435,0.38,0.4225,0.4725,0.37,0.4275,0.4,0.385,0.4975,0.38,0.415,0.34,0.19,0.37,0.3825,0.4375,0.295,0.4125,0.41,0.405,0.45,0.19,0.44,0.41,0.395,0.38,0.425,0.1975,0.4075,0.39,0.395,0.35,0.455,0.415,0.425,0.44,0.48,0.365,0.41,0.41,0.425,0.44,0.4375,0.4525,0.42,0.465,0.4325,0.3325,0.4,0.365,0.3675,0.415,0.45,0.3175,0.39,0.4725,0.36,0.415,0.225,0.465,0.4425,0.4425,0.515,0.4425,0.44,0.415,0.3525,0.445,0.4175,0.365,0.4425,0.3625,0.39,0.3775,0.4275,0.415,0.33,0.4075,0.44,0.4475,0.4,0.4225,0.4525,0.4225,0.205,0.4125,0.4
0.13	GG2	0.5075,0.4725,0.515,0.4375,0.44,0.4425,0.4175,0.4275,0.4575,0.4625,0.405,0.485,0.4625,0.4325,0.475,0.5125,0.3775,0.44,0.4725,0.4275,0.4425,0.4925,0.4575,0.455,0.4575,0.4425,0.445,0.4925,0.4625,0.4575,0.4625,0.4325,0.4325,0.4475,0.48,0.43,0.455,0.4325,0.4575,0.485,0.4625,0.45,0.4425,0.435,0.44,0.44,0.4425,0.4675,0.3825,0.4525,0.39,0.4825,0.4625,0.3775,0.4775,0.435,0.4225,0.375,0.4825,0.4475,0.4375,0.47,0.47,0.5125,0.3925,0.3775,0.3775,0.445,0.3,0.41,0.4,0.48,0.4425,0.4575,0.43,0.4425,0.355,0.445,0.42,0.4325,0.445,0.4375,0.4275,0.3225,0.4425,0.425,0.4325,0.4975,0.4175,0.42,0.3525,0.445,0.47,0.4,0.475,0.3875,0.29,0.3325,0.435,0.5125,0.4275,0.445,0.4275,0.3975,0.465,0.4275,0.4775,0.4325,0.4375,0.455,0.4575,0.4675,0.4575,0.4975,0.4,0.4575,0.455,0.5,0.4575,0.4025,0.405,0.48,0.3875,0.4175,0.435,0.325,0.4225,0.38,0.4325,0.36,0.435,0.42,0.425,0.45,0.455,0.435,0.385,0.39,0.4875,0.4525,0.3325,0.5075,0.435,0.4125,0.385,0.485,0.4825,0.4375,0.45,0.485,0.4025,0.47,0.495,0.455,0.4725,0.4675,0.51,0.4475,0.455,0.395,0.38,0.41,0.4175,0.4025,0.43,0.3875,0.4325,0.4175,0.465,0.41,0.455,0.4,0.4725,0.5,0.375,0.495,0.445,0.48,0.485,0.3675,0.4825,0.4425,0.4375,0.4475,0.4025,0.475,0.4075,0.4525,0.4325,0.38,0.4725,0.4525,0.46,0.4325,0.425,0.4375,0.42,0.33,0.415,0.42
0.14	GEE	0.365,0.385,0.4225,0.3975,0.4025,0.3325,0.4075,0.4425,0.365,0.33,0.31,0.4,0.32,0.2975,0.3475,0.4175,0.3475,0.325,0.3175,0.33,0.4275,0.4325,0.3875,0.415,0.3725,0.4,0.3725,0.38,0.3725,0.3575,0.3825,0.4625,0.3825,0.405,0.41,0.4525,0.4425,0.4125,0.395,0.415,0.37,0.3725,0.395,0.3525,0.335,0.4025,0.3975,0.4225,0.3075,0.41,0.3725,0.3875,0.365,0.41,0.4275,0.345,0.26,0.3625,0.3575,0.4275,0.425,0.345,0.4325,0.3725,0.35,0.22,0.31,0.3575,0.2725,0.4175,0.265,0.3725,0.38,0.42,0.4,0.335,0.3375,0.3825,0.37,0.29,0.305,0.35,0.42,0.3025,0.3825,0.345,0.3675,0.4225,0.3975,0.34,0.315,0.3975,0.3475,0.385,0.385,0.3875,0.2375,0.36,0.38,0.435,0.32,0.385,0.3625,0.3375,0.375,0.3475,0.3625,0.39,0.4,0.4275,0.3975,0.435,0.3725,0.415,0.405,0.405,0.3525,0.3925,0.3825,0.27,0.405,0.425,0.4,0.42,0.4025,0.25,0.3425,0.3675,0.345,0.305,0.3775,0.3775,0.39,0.3275,0.4375,0.395,0.335,0.32,0.3975,0.3525,0.335,0.4425,0.3675,0.3725,0.3675,0.3225,0.41,0.375,0.3525,0.3925,0.3425,0.405,0.42,0.33,0.39,0.3275,0.435,0.3825,0.3775,0.3125,0.36,0.3625,0.3625,0.3675,0.385,0.32,0.3525,0.4525,0.325,0.395,0.3475,0.3375,0.4025,0.3525,0.3425,0.3725,0.4025,0.41,0.4575,0.425,0.4025,0.4325,0.405,0.4075,0.36,0.42,0.35,0.385,0.395,0.3625,0.3775,0.4,0.345,0.39,0.36,0.3,0.34,0.3175,0.29,0.3875
0.14	GNN	0.3275,0.3025,0.23,0.235,0.245,0.3125,0.2625,0.2525,0.2675,0.2925,0.255,0.26,0.25,0.32,0.2725,0.2625,0.2825,0.3025,0.31,0.285,0.2175,0.27,0.265,0.3025,0.2725,0.255,0.26,0.27,0.315,0.2575,0.2575,0.325,0.24,0.34,0.255,0.275,0.27,0.3375,0.3125,0.2525,0.28,0.295,0.255,0.2575,0.2525,0.2725,0.275,0.3,0.23,0.305,0.2675,0.3175,0.2775,0.26,0.2925,0.2775,0.2675,0.31,0.2525,0.265,0.2525,0.27,0.2375,0.335,0.3275,0.2625,0.2675,0.23,0.245,0.24,0.2425,0.335,0.3125,0.2475,0.225,0.3175,0.32,0.2825,0.2825,0.315,0.23,0.2825,0.365,0.28,0.2425,0.28,0.27,0.295,0.25,0.385,0.245,0.3175,0.2125,0.26,0.275,0.3225,0.34,0.285,0.2725,0.285,0.25,0.2125,0.2725,0.245,0.345,0.31,0.2775,0.3125,0.285,0.24,0.26,0.2975,0.28,0.2825,0.2475,0.265,0.2525,0.3275,0.2925,0.2825,0.2525,0.2925,0.2425,0.27,0.29,0.35,0.3175,0.2525,0.2825,0.2675,0.275,0.32,0.325,0.3175,0.33,0.255,0.2575,0.31,0.245,0.23,0.275,0.2825,0.26,0.2925,0.3025,0.2475,0.2525,0.305,0.24,0.255,0.295,0.265,0.265,0.2975,0.2625,0.2775,0.305,0.325,0.285,0.2675,0.3525,0.2075,0.2725,0.2475,0.2925,0.2825,0.27,0.235,0.26,0.2925,0.2525,0.2825,0.29,0.275,0.3125,0.2875,0.2825,0.2225,0.2975,0.3275,0.265,0.245,0.3225,0.3025,0.2875,0.2275,0.24,0.2975,0.265,0.2925,0.25,0.275,0.2225,0.2525,0.275,0.28,0.28,0.235,0.2475,0.275
0.14	GG	0.3275,0.3075,0.395,0.385,0.3475,0.3625,0.435,0.3725,0.3875,0.34,0.3075,0.405,0.34,0.315,0.3375,0.415,0.3225,0.345,0.3425,0.33,0.365,0.4025,0.33,0.3125,0.3625,0.2925,0.315,0.39,0.35,0.3675,0.345,0.42,0.3575,0.435,0.3925,0.4275,0.4275,0.375,0.33,0.29,0.3825,0.335,0.405,0.355,0.285,0.3625,0.38,0.38,0.3325,0.4075,0.33,0.405,0.335,0.415,0.405,0.3225,0.3425,0.36,0.3475,0.295,0.3575,0.325,0.415,0.2975,0.355,0.41,0.2875,0.31,0.29,0.35,0.4425,0.3275,0.3325,0.4025,0.4075,0.36,0.3625,0.38,0.4025,0.3575,0.325,0.315,0.38,0.185,0.3775,0.385,0.34,0.3225,0.295,0.34,0.3025,0.3025,0.345,0.375,0.3025,0.305,0.4175,0.3525,0.295,0.415,0.3125,0.3725,0.31,0.3025,0.34,0.3325,0.3625,0.405,0.4375,0.41,0.4025,0.3825,0.335,0.335,0.37,0.3925,0.4075,0.37,0.3325,0.3725,0.3475,0.3625,0.38,0.325,0.3475,0.2025,0.3275,0.29,0.37,0.295,0.3875,0.39,0.4075,0.35,0.19,0.3375,0.3575,0.34,0.38,0.3425,0.1975,0.4,0.3525,0.3525,0.365,0.3375,0.34,0.3875,0.3175,0.4,0.2975,0.3725,0.4025,0.35,0.39,0.2275,0.4375,0.395,0.38,0.3725,0.3275,0.3425,0.315,0.3,0.335,0.3925,0.3175,0.3775,0.375,0.365,0.3425,0.21,0.3175,0.3175,0.33,0.3675,0.405,0.37,0.4025,0.3975,0.3675,0.3275,0.2775,0.4175,0.33,0.39,0.3125,0.42,0.4025,0.33,0.4125,0.385,0.3125,0.33,0.355,0.365,0.345,0.2025,0.3425,0.3875
0.14	GG2	0.365,0.385,0.4175,0.405,0.3725,0.3725,0.4425,0.43,0.405,0.355,0.3275,0.395,0.34,0.325,0.37,0.45,0.33,0.32,0.3525,0.31,0.4275,0.4125,0.3675,0.4,0.3625,0.39,0.3575,0.3875,0.395,0.375,0.3875,0.445,0.3975,0.4125,0.4075,0.4475,0.45,0.405,0.3825,0.4175,0.3775,0.3475,0.38,0.3775,0.345,0.3925,0.4175,0.4125,0.33,0.3975,0.34,0.375,0.3975,0.44,0.43,0.3575,0.3225,0.365,0.375,0.44,0.395,0.34,0.4525,0.4,0.35,0.285,0.325,0.395,0.2625,0.3875,0.28,0.3575,0.395,0.3975,0.3975,0.3875,0.365,0.42,0.395,0.37,0.3425,0.3725,0.435,0.29,0.385,0.3575,0.36,0.45,0.3475,0.345,0.325,0.4075,0.3825,0.3825,0.4025,0.3875,0.2525,0.365,0.3875,0.45,0.3325,0.365,0.365,0.3125,0.3725,0.345,0.4125,0.3825,0.43,0.4225,0.4075,0.4475,0.3975,0.375,0.41,0.39,0.3675,0.3875,0.36,0.34,0.3925,0.43,0.41,0.4275,0.43,0.2375,0.3625,0.3825,0.3825,0.31,0.3975,0.4225,0.38,0.36,0.42,0.37,0.3625,0.325,0.4225,0.395,0.3225,0.4425,0.3625,0.41,0.3775,0.35,0.3925,0.395,0.3475,0.4025,0.3225,0.3925,0.4275,0.3775,0.3875,0.3225,0.46,0.3975,0.385,0.3325,0.3375,0.395,0.3575,0.35,0.3825,0.33,0.3825,0.43,0.3875,0.4025,0.3375,0.365,0.3925,0.3625,0.3575,0.3925,0.4125,0.4075,0.4525,0.425,0.41,0.3875,0.3925,0.4375,0.3575,0.425,0.375,0.395,0.415,0.3225,0.3775,0.415,0.34,0.3775,0.4025,0.3375,0.34,0.35,0.335,0.3975
0.15	GEE	0.2975,0.3725,0.3525,0.36,0.3125,0.2775,0.2625,0.3475,0.24,0.3325,0.2875,0.39,0.3175,0.285,0.2775,0.3325,0.2425,0.395,0.2925,0.28,0.3425,0.38,0.345,0.3625,0.305,0.3525,0.34,0.3275,0.3225,0.33,0.295,0.36,0.3275,0.3375,0.3425,0.4325,0.435,0.2975,0.2925,0.3375,0.33,0.37,0.255,0.2925,0.2775,0.31,0.3125,0.33,0.225,0.29,0.345,0.4225,0.3875,0.355,0.38,0.3175,0.2075,0.3625,0.2925,0.365,0.3425,0.33,0.29,0.3225,0.23,0.18,0.3,0.375,0.2825,0.3375,0.3275,0.3475,0.33,0.325,0.335,0.285,0.2725,0.2575,0.2975,0.3,0.28,0.325,0.33,0.2225,0.2775,0.2725,0.2425,0.335,0.3175,0.3125,0.3175,0.3225,0.2375,0.355,0.3725,0.3275,0.1875,0.265,0.285,0.4275,0.3475,0.36,0.3125,0.2975,0.3325,0.3,0.325,0.305,0.3,0.425,0.265,0.345,0.325,0.3775,0.31,0.3325,0.195,0.3575,0.31,0.18,0.3225,0.365,0.41,0.3725,0.3175,0.2975,0.3125,0.3225,0.285,0.29,0.3325,0.34,0.295,0.25,0.45,0.2975,0.235,0.325,0.33,0.3025,0.2475,0.3825,0.31,0.325,0.3175,0.2875,0.315,0.315,0.295,0.3075,0.255,0.2875,0.36,0.24,0.38,0.35,0.345,0.295,0.36,0.26,0.3525,0.335,0.3875,0.31,0.3525,0.12,0.315,0.315,0.275,0.3075,0.305,0.285,0.3125,0.3125,0.2975,0.345,0.265,0.315,0.3725,0.2875,0.2825,0.3,0.285,0.375,0.3325,0.38,0.325,0.3725,0.3325,0.325,0.3225,0.3375,0.2675,0.355,0.3225,0.3275,0.32,0.2475,0.26,0.28
0.15	GNN	0.305,0.2375,0.2525,0.235,0.255,0.2875,0.33,0.265,0.2525,0.2425,0.28,0.2775,0.295,0.34,0.315,0.215,0.2375,0.285,0.305,0.2725,0.26,0.295,0.2625,0.2375,0.2475,0.235,0.2075,0.2775,0.31,0.25,0.27,0.3025,0.2425,0.315,0.2475,0.225,0.2575,0.27,0.2925,0.2225,0.2725,0.2775,0.2375,0.28,0.2925,0.3175,0.2725,0.275,0.2525,0.2475,0.2575,0.3325,0.29,0.2375,0.265,0.305,0.265,0.275,0.27,0.3,0.245,0.2775,0.225,0.2525,0.325,0.2675,0.285,0.2725,0.2425,0.285,0.27,0.2775,0.25,0.31,0.2825,0.2675,0.2825,0.29,0.2925,0.295,0.255,0.2625,0.3275,0.215,0.2275,0.2925,0.28,0.21,0.2825,0.2925,0.2975,0.2875,0.22,0.2775,0.2925,0.28,0.3075,0.2875,0.2425,0.22,0.2075,0.27,0.355,0.27,0.3125,0.275,0.2825,0.27,0.255,0.24,0.285,0.2975,0.305,0.295,0.325,0.255,0.2725,0.325,0.2625,0.2775,0.28,0.26,0.2625,0.2775,0.32,0.2975,0.3,0.28,0.31,0.2675,0.27,0.27,0.3025,0.2675,0.2625,0.24,0.23,0.28,0.2075,0.2425,0.285,0.275,0.295,0.26,0.27,0.2825,0.23,0.2925,0.305,0.295,0.295,0.28,0.29,0.3375,0.2525,0.2425,0.285,0.3075,0.3075,0.26,0.3175,0.24,0.2675,0.275,0.3125,0.2425,0.2475,0.245,0.265,0.3,0.2125,0.29,0.2975,0.28,0.2825,0.2875,0.2925,0.24,0.2725,0.225,0.265,0.235,0.325,0.2725,0.27,0.265,0.25,0.245,0.2475,0.2675,0.2525,0.2625,0.2775,0.265,0.26,0.2875,0.2675,0.2425,0.275,0.2825
0.15	GG	0.2875,0.41,0.39,0.3125,0.3225,0.2675,0.425,0.3725,0.3075,0.3175,0.25,0.405,0.365,0.2925,0.2425,0.4125,0.285,0.4125,0.2475,0.31,0.2975,0.31,0.2575,0.3125,0.305,0.2925,0.2925,0.38,0.4075,0.3525,0.28,0.34,0.305,0.315,0.2775,0.4275,0.4275,0.28,0.3,0.29,0.3525,0.3375,0.3825,0.3125,0.2475,0.3375,0.2775,0.385,0.275,0.2675,0.3825,0.405,0.3475,0.4075,0.2825,0.3175,0.32,0.36,0.2875,0.295,0.3,0.2875,0.31,0.29,0.2775,0.41,0.2875,0.3125,0.29,0.295,0.3175,0.39,0.2575,0.38,0.4125,0.275,0.265,0.2725,0.31,0.2825,0.27,0.29,0.2875,0.185,0.2625,0.305,0.2475,0.3225,0.25,0.29,0.3,0.3025,0.28,0.375,0.265,0.3125,0.4175,0.26,0.295,0.415,0.3075,0.3025,0.2725,0.3,0.405,0.315,0.3225,0.315,0.2975,0.405,0.2475,0.3775,0.245,0.4025,0.2625,0.345,0.31,0.37,0.2675,0.3725,0.2825,0.33,0.38,0.3475,0.315,0.265,0.2825,0.275,0.335,0.295,0.3125,0.3375,0.305,0.2725,0.19,0.245,0.3175,0.335,0.38,0.285,0.1975,0.4025,0.2575,0.2975,0.2575,0.285,0.295,0.3,0.305,0.3225,0.2275,0.28,0.405,0.29,0.39,0.305,0.3025,0.275,0.3625,0.26,0.3975,0.3425,0.32,0.2775,0.365,0.39,0.3175,0.3275,0.315,0.2675,0.27,0.2075,0.265,0.3775,0.305,0.3875,0.265,0.295,0.4,0.405,0.205,0.285,0.2575,0.42,0.3175,0.39,0.3825,0.375,0.4025,0.33,0.4025,0.285,0.255,0.2475,0.29,0.395,0.3075,0.2025,0.2875,0.2725
0.15	GG2	0.3025,0.3975,0.3675,0.335,0.3025,0.2725,0.3475,0.365,0.26,0.335,0.2975,0.395,0.36,0.32,0.265,0.3825,0.3075,0.39,0.3,0.3075,0.3475,0.375,0.33,0.3375,0.2925,0.355,0.3425,0.325,0.3475,0.34,0.3125,0.34,0.365,0.3475,0.3125,0.435,0.4325,0.305,0.305,0.33,0.3475,0.375,0.275,0.3025,0.2925,0.34,0.285,0.3475,0.285,0.3075,0.3825,0.43,0.355,0.39,0.3625,0.355,0.2425,0.37,0.33,0.34,0.3725,0.3375,0.3225,0.34,0.275,0.23,0.3,0.38,0.2725,0.3225,0.3425,0.3625,0.335,0.345,0.34,0.3275,0.295,0.3075,0.3375,0.31,0.265,0.325,0.315,0.205,0.2975,0.33,0.25,0.3425,0.31,0.325,0.35,0.3325,0.2875,0.3625,0.36,0.33,0.2075,0.26,0.305,0.4325,0.355,0.3875,0.3075,0.3075,0.34,0.33,0.3375,0.3175,0.31,0.4175,0.26,0.3575,0.315,0.3925,0.3225,0.3575,0.275,0.3625,0.3025,0.22,0.2975,0.3475,0.41,0.355,0.315,0.3075,0.2975,0.315,0.3375,0.2875,0.3375,0.345,0.2925,0.2825,0.4275,0.235,0.2575,0.34,0.335,0.34,0.245,0.3875,0.3075,0.31,0.315,0.335,0.3,0.3225,0.3275,0.3525,0.2575,0.32,0.3725,0.27,0.365,0.3675,0.37,0.2975,0.4025,0.265,0.405,0.36,0.3825,0.285,0.3725,0.1975,0.31,0.32,0.3175,0.275,0.3,0.2975,0.3075,0.35,0.33,0.3575,0.31,0.3175,0.3675,0.3075,0.3225,0.31,0.265,0.415,0.3375,0.385,0.3475,0.36,0.305,0.3225,0.3475,0.3625,0.285,0.33,0.3575,0.35,0.3175,0.285,0.315,0.2875
