ACM	GEE	0.007285673596240413,0.04605469820603431,0.038942707366794345,0.06376757959102604,0.016917493385495808,0.0579936241504102,0.018242428327099956,0.025726482818789965,0.018139647481267295,0.013717224331419668,0.03864299512379371,0.01219668363814721,0.030795620684787195,0.02844010326900753,0.032208808307754744,0.04413881361418816,0.030169677866707136,0.030028616282995888,0.0563174138192406,0.054574680294921095,0.0202197302303358,0.030856730246213625,0.019263729266457367,0.03777475924116365,0.008517424837320936,0.017699306571882997,0.05667971279633195,0.0072019339466496855,0.02852218577537869,0.02439820738687313,0.010535462439618849,0.014343903216873823,0.020380962412222748,0.06242676028304974,0.010637168441106088,0.022608509711717156,0.0936603415157046,0.02712137639779934,0.04155842764353457,0.04341049543229174,0.03589973158774832,0.012598827764132117,0.04845136135859343,0.07184569694897762,0.026052860683033377,0.048660693919440404,0.019075949405382913,0.028916310029031007,0.07009142502967533,0.028865307350426972
ACM	GNN	0.052537159606911604,0.016418416183443783,0.10967322647976198,0.03331916762037241,0.019247665215365466,0.02436259299489576,0.0655896423989711,0.018565852729340006,0.027540286708449113,0.048140850283278726,0.05300311368052343,0.04185011400762998,0.025658485402353614,0.0376198015350376,0.04084112581940866,0.012096093481708073,0.003960406926749642,0.02245422614997326,0.015403840865611832,0.014840826208003102,0.03809765859916512,0.04430226024995752,0.035541920422673325,0.02954050779300126,0.018004931191969813,0.014721332898034865,0.058218681595792,0.03373570981062294,0.05506410248343437,0.06749692637311107,0.03078218932430753,0.08485541996158713,0.038312052382970765,0.030151233538209688,0.0168871085343414,0.014395548701762647,0.009154599433655639,0.04607324107984247,0.011504251103567502,0.007433526344989656,0.03579993431277789,0.018592912634448663,0.06693217811479785,0.0173237533652615,0.026262715697466837,0.018270066869743393,0.0455604868349413,0.01837784104970395,0.03609189902788679,0.029265394239740908
ACM	GG	0.031124227593803667,0.0630847916265177,0.06101254224139573,0.06601318478816758,0.0964387261448089,0.07702917530079957,0.04580812818376844,0.04212218000445458,0.05468659630695907,0.1051436470055136,0.039072783960291325,0.0734327457861464,0.045300197628814855,0.0506948636931849,0.021557815404610214,0.06314704501831708,0.051661483438244574,0.086382726334388,0.07267954282665641,0.05582544022925538,0.018651608508003643,0.03723546937508123,0.028045414057505234,0.052001847247601964,0.025489623382289033,0.05345943780440958,0.05678378733234764,0.08046503130761759,0.06492198379130715,0.07378307795325811,0.028961811190990647,0.0679985374481185,0.04314210792418199,0.07661242562317727,0.026565181142848854,0.06683684784416072,0.10112475906939246,0.044553747857825066,0.07704574238840477,0.05940533546208503,0.0738973783381047,0.04526146993859163,0.053463092745240345,0.08844267174522472,0.04017631058161884,0.0847920174805509,0.033778343745671006,0.10574501558251216,0.09548836445042755,0.03564934756974652
ACM	GG2	0.031267468260253915,0.05735237793796145,0.05834872537874964,0.05533025246662133,0.09536717723910945,0.05089819544766564,0.04567370744471862,0.035550214388564316,0.05453276742701902,0.11359203466686876,0.015481217056268943,0.07361459617727963,0.04492216703085686,0.04335789595323563,0.021752906526864492,0.047900947982415044,0.05099784683730996,0.08583050307863027,0.07147652674740725,0.03909885027557544,0.01293608052663457,0.03655752600128872,0.02787308685239605,0.03780628411387534,0.023216877448527518,0.05291586175675305,0.054209848486089056,0.07823344563703528,0.0637732478286405,0.06843013428241418,0.026327683662060678,0.06088004586969477,0.03525445689442049,0.07462854502664082,0.025061432311176076,0.05461599675152844,0.0903874611673966,0.04449925037892737,0.07654291386289426,0.04084472089929635,0.07250877514333745,0.04272960785806629,0.03314208341759424,0.08100829622492604,0.03961772842487732,0.0840039574892186,0.03270887202950195,0.07549206306278748,0.09358370596835716,0.035131388914747916
BAT	GEE	0.029238665238458195,0.037070746731811446,0.1744357750186941,0.06608209184261281,0.036851458262812956,0.03247515498206606,0.038557683345391766,0.06178018509925887,0.01610113244150204,0.03162590969796778,0.05796428024108743,0.04133601534644593,0.04951315148649658,0.03613609619585768,0.024061821703620385,0.004137155705452501,0.08169252027308521,0.034573981065701406,0.036125076963237746,0.05879341566275013,0.02901441528135826,0.02495468582667588,0.03663254496496534,0.058397538141281805,0.031508573073926245,0.07075342614653697,0.057191287391792245,0.02393045085495612,0.035746322763649856,0.05144980232788387,0.029238665238458195,0.048801968741652955,0.0571383694277334,0.04445166665686085,0.044151573758695085,0.07211970435248723,0.029238665238458195,0.04787550502202849,0.017671053673519704,0.029238665238458195,0.028080373563871507,0.03595165750413708,0.03144650937967813,0.02901441528135826,0.05264117397989219,0.028067286812440206,0.04410636360056213,0.028067286812440206,0.034799795053516526,0.04561984055133562
BAT	GNN	0.1139165461204212,0.054587524792327556,0.04346895608073557,0.06526661507642409,0.08675700170964713,0.0643026892700128,0.0732628782961432,0.06202064180191658,0.10723005334693894,0.07133165404170495,0.04815512922082964,0.05456578030896746,0.04463133280469523,0.06540529389860407,0.03746569139807819,0.031716154071338445,0.03278589852199021,0.06419687136906957,0.04802192013683341,0.06146688586941768,0.04507914928924009,0.07239941353159687,0.015172582763172456,0.044625644678969595,0.04961242490339303,0.0849019489643084,0.06184953013084822,0.06979425096170892,0.05597646588187082,0.06842032486472052,0.03410002276873259,0.049381511496820824,0.08557180882561553,0.03671793366315311,0.06405569312985956,0.03793397765829828,0.029762972583513177,0.08506722625223058,0.10739883138897079,0.047226371525589776,0.06218001563533819,0.08136889392058673,0.03521752703564569,0.1290270571465088,0.03490465929102612,0.05529786635874137,0.02538633085419674,0.05329674108790567,0.07049287785107003,0.06792107884159627
BAT	GG	0.10341983432361634,0.17316714207494616,0.12975708449167755,0.12332557151737134,0.0519875832375344,0.15342659533732803,0.06488382850466891,0.056806771643690766,0.05600467972086107,0.13142876684538557,0.06649912314667501,0.058818179418618416,0.10590686132323983,0.12467432771415282,0.040183616834552016,0.09914678732545065,0.09795007431090708,0.08969977780666386,0.07083176274413346,0.1480119805733011,0.05243745115164897,0.10528626521743768,0.06843151375304093,0.07835242687580374,0.15520444816354892,0.04980769590049165,0.021253709193279645,0.07224168682191458,0.04703015578471199,0.10137371235914557,0.04760328219509156,0.11143559678201083,0.027441104298205024,0.04426294115438985,0.12683598490663278,0.12224116813564206,0.05569303539773031,0.028175400267557126,0.026314272166001844,0.04760328219509156,0.19371490180974718,0.04680544043676777,0.04589504797294299,0.03861755263539387,0.1885299919058099,0.046537364334664384,0.03380387828221734,0.1018093651823397,0.17747360673933096,0.04504468682990811
BAT	GG2	0.031848425773980546,0.04299647116778383,0.018079943634305193,0.006701369266161726,0.04036941320198767,0.034075062968152686,0.06265270336404467,0.029328850281442276,0.01618206626124648,0.05651873704141913,0.007663347458900967,0.047551057478686064,0.030466255366187876,0.05251889434024369,0.0283574574649078,0.056427270935794145,0.03473482327282259,0.03822968584922004,0.03230647379430728,0.01618206626124648,0.030711737140940845,0.048260121584211675,0.019353765682848325,0.01618206626124648,0.010313251601383557,0.021253154259997475,0.010797204166972725,0.029318137438858638,0.025336103404919427,0.05006769824839846,0.027229280242080742,0.002785494976814914,0.025693629669359615,0.022513462959309245,0.054237761612640094,0.028371648267658152,0.027229280242080742,0.023469593799353622,0.01618206626124648,0.027229280242080742,0.03511712369170738,0.03026997783795905,0.019361361505092545,0.014293460711261127,0.028189191238900353,0.02851655136791423,0.0179237873147981,0.04343990849756504,0.03026997783795905,0.03089001985199084
DBLP	GEE	0.01529147636237364,0.014835622666820395,0.020995179232803696,0.01333365999750456,0.0172094531586747,0.02252414668724838,0.018784464724465603,0.014722208477165603,0.020271996081700144,0.01998425819485103,0.014523325611093065,0.014827763293454832,0.019170210205429715,0.026372152068336593,0.015115022964361279,0.01598902141900309,0.020839901645633353,0.015961667925005626,0.028716462925623378,0.0156401790183013,0.01595645224638164,0.019050931616045243,0.023039387131974082,0.01742145807925353,0.013585347329733233,0.013139375342603444,0.016051930914214835,0.01880317561781993,0.014219539819086526,0.02255065486420884,0.02236605060422537,0.016267340031588154,0.01479903373711035,0.013347152829821235,0.01368466541264362,0.015345954395045259,0.014299376223819974,0.01487383959252962,0.02282138296468438,0.018948601709300412,0.01653602515068085,0.027609743884192833,0.024979002156218642,0.015619245684413632,0.015346115531842992,0.016226769846236052,0.01511254988459994,0.015761516759253316,0.02134718538849846,0.01514656405012813
DBLP	GNN	0.006219882676386506,0.007513430498278769,0.018231390404547663,0.010560779566194152,0.011121308613132926,0.0030720883627955602,0.004119592464559838,0.004907803223058643,0.004851517060354993,0.003374411539902124,0.005173232148692711,0.009937716768125182,0.004975340262949962,0.007389997627475385,0.005286062809430078,0.003395961499869013,0.009798406190638851,0.005106449387879372,0.011463084082972898,0.009446953708127698,0.012003059609452114,0.018160465165269604,0.012833321747626329,0.012222260752301532,0.006466633040695132,0.004550975802195001,0.006177370792344074,0.006357205815508677,0.009274722852279718,0.007833147118278361,0.016725960222323356,0.011378623305247733,0.006963998126072782,0.006434815564756693,0.007035438911557984,0.007375577127418358,0.00570873482792092,0.004864356135734946,0.011001624570349179,0.013391266516083548,0.009565749462668548,0.013798437562441708,0.006587330121846256,0.011532542248415805,0.017589550007502886,0.01665199662535091,0.0010795357708795169,0.006484008293960857,0.01326678013263725,0.009681131615060467
DBLP	GG	0.018063069918000156,0.01479439997376882,0.027232146471082977,0.023450801114633428,0.021547450499459445,0.02256183280016903,0.018629290374773757,0.016535719089192116,0.021700679802551043,0.02834614364423168,0.027646405282490665,0.017794788451678367,0.021596323941147966,0.025124425369921977,0.016370573887576637,0.026838859445196903,0.03302105882190482,0.016514726748577555,0.027882213467622333,0.02569728248587249,0.01691555445934489,0.016875611545709247,0.02517952674170762,0.026949208197769303,0.01764023371935872,0.01757245146049013,0.030547762949091714,0.01785164107106729,0.02121739637429993,0.024189938870637338,0.0288484825773637,0.01841098775448353,0.015236532324280684,0.016920422840109344,0.01467770720213435,0.027071075674877834,0.019774088816640646,0.0186673638568742,0.029400350389453274,0.031976987026103285,0.01853232451568267,0.0303119325533391,0.026741232572636973,0.01764164129404218,0.019118629464782252,0.023684674784379224,0.01945785649874972,0.018001120359960095,0.022507408442611156,0.015295564170879988
DBLP	GG2	0.017286675324078078,0.014820448606392984,0.02102256461725297,0.013346420743501971,0.020902669924318686,0.022648941671212973,0.017788159953754285,0.015046958698756522,0.011749428161574576,0.018394987312219665,0.015666075798868473,0.01569091972956088,0.016550901513247493,0.015779638101108634,0.01569039124811432,0.021595186476744178,0.02161487508506987,0.016382533228989533,0.023493241158298754,0.01775304035266872,0.016789440465746222,0.00902656449623972,0.023759433628388227,0.012295977473434831,0.01762069887522542,0.01592651581232431,0.016440262459677012,0.019239013491342688,0.019398332748447752,0.023535368083665555,0.028480742992326828,0.01719943930530639,0.0083858484695449,0.0140497704824071,0.013207879009027052,0.015895765326194265,0.01997089075587321,0.015336150213669495,0.02229416363104971,0.03174858716702794,0.009788408995262855,0.025783052348216134,0.02696130769589665,0.015397262807105802,0.01792493360302674,0.016588219816827746,0.019868624113676337,0.017189758765750837,0.02219611259758187,0.012917422278147093
EAT	GEE	0.028267977922175138,0.01601419820281998,0.018302394609668215,0.006581233080161435,0.028469739367372418,0.020274299500984094,0.014949757931048751,0.014988975761590665,0.006922734172044,0.02338771858541696,0.018479566367636775,0.014920268423778135,0.023289834715188834,0.013141975864864226,0.012655581261407027,0.01727433297656688,0.011262169505406143,0.011225970229829806,0.016406682291309076,0.01584230760044314,0.021693590280433397,0.017292009667356122,0.014529474980150846,0.017665518003444153,0.002786817352997746,0.012830858059052335,0.022136071409416057,0.010873470673854205,0.019627237258403152,0.020871418962296592,0.021207707016344928,0.010609790470450723,0.033953695643780556,0.011732063411428519,0.020035358816480733,0.016191968596711716,0.017168051239245617,0.02282947206451332,0.017529138798281114,0.014557326079869738,0.03285344254813808,0.02081546453363642,0.010024202174527375,0.008775337225012543,0.01424191375997249,0.004359515994802419,0.01246276318114314,0.0262902270042973,0.03359084747217072,0.01767647232341352
EAT	GNN	0.019300198852978446,0.01264982490293413,0.022154461083429198,0.03440948166221735,0.028015642141532307,0.03763071701560002,0.01760735996249205,0.019942096797700242,0.022600134531357775,0.021234254378988043,0.04064537227603044,0.019631311703815036,0.013705383732604149,0.00811914053270322,0.018486567232248303,0.02990736215289092,0.015779622563102794,0.014832854018400914,0.009672062367315977,0.016282274686577912,0.020884330458625207,0.02052639981173742,0.02611723611957777,0.02984864519053848,0.028846347220100797,0.018905955495479045,0.00966830331129493,0.036833579071121975,0.06302643512547226,0.01976695281395795,0.035241868095606074,0.011756439000096049,0.012710042009206543,0.02592141725406197,0.04918331366243804,0.022676557687259742,0.017125811645493767,0.03310089436392258,0.04166116042964187,0.022931726320639605,0.011226781859295678,0.011219338179833852,0.018245845308013348,0.0205127326304519,0.033539372548447244,0.03468166110862618,0.0216205297485135,0.02715643532032382,0.015214441547996659,0.00875719073867081
EAT	GG	0.10930594345873514,0.024542270030227898,0.01815674665876498,0.014423083744731245,0.036343541778342085,0.0417617095133278,0.02796632369532596,0.047046440122789884,0.035812837283806694,0.029520540085160515,0.049201983759746326,0.01672596422734282,0.02499177908079033,0.1309107233672054,0.06610170826068909,0.08989918132713849,0.07311256125557122,0.026774780085738838,0.014585149320454075,0.01792307174911273,0.03756424785140575,0.0229975701129891,0.026429027576424593,0.07896256393637476,0.03200682485138192,0.022092199486377737,0.015391948363752175,0.014469954893789017,0.03701435851160973,0.10505258742175039,0.055581745872939396,0.023212739127174826,0.08521533656570969,0.04582247613345584,0.01942938373384613,0.014252911977502104,0.12056174980714617,0.06502955531955844,0.019697942863019773,0.022837145588525242,0.04173568928889158,0.0216677060353316,0.01987916675288156,0.014726462571584444,0.05527157988285876,0.06453543975329189,0.031014179625803304,0.04851029557647,0.13004491797343956,0.029278224624130097
EAT	GG2	0.004593488527233039,0.005055546754139338,0.009533035606003668,0.010138228616201969,0.010339625460109586,0.016657413409290413,0.009272400930753317,0.009276868706198477,0.007427813526604133,-0.00015377672543225124,0.016640623496086752,0.014717181028045388,0.01633695432873541,0.010177288120820888,0.009330999202738185,0.005395032269208461,0.013966788769340202,0.006873294725894884,0.00795473192319836,0.010191806594181823,0.010426577454425618,0.014374267148102096,0.017041159175896357,0.013173090769548538,0.005195109983460389,0.011959808802221415,0.006468132161355678,0.006669449540249175,0.03294672248403545,0.011654059206768938,0.011817193944882079,0.01126151297218196,0.0085854971000277,0.006679700631251629,0.014492855479678666,0.006367390827009478,0.014085973019510535,0.011196358631869994,0.010595149794254546,0.014955803601096903,0.013755611075844937,0.010933755676112154,0.006624064815144334,0.003987928315239318,0.011178683284391928,0.01145627267359288,0.005072586167045331,0.009499485747967697,0.0109973749157505,0.01066230916014416
UAT	GEE	0.10257452255489126,0.08823262262473137,0.08642098193175994,0.0914361824570029,0.09527628643450538,0.08548441412064972,0.09310418252657902,0.08806650830636481,0.09165063662577294,0.09205891189154973,0.08886785761126417,0.08770685597518671,0.08761758241552174,0.09291601277099652,0.08982286929074655,0.09522534045185257,0.08780755130880445,0.0916399299515869,0.08717563852992542,0.08963127549566731,0.09847311244347302,0.09985820273183531,0.09079518339073751,0.08181866423761312,0.08902261672075222,0.09405940267796177,0.08105765356098402,0.08186123488773152,0.0670525982251665,0.08354024977989978,0.09653128145680509,0.08219148017625102,0.08969193772175652,0.0962042318130567,0.09537130255108558,0.08579757477957323,0.09933251332390437,0.08676989506303048,0.08940144217044643,0.09191734380491264,0.09473341118982609,0.08923523664899671,0.09067995060882648,0.09795731184195466,0.11385974310953392,0.09696331932059374,0.09729387291052513,0.08840963704262385,0.046825648124883094,0.08723992594773877
UAT	GNN	0.12263709945483392,0.14694263581069672,0.11505174020895212,0.1540748276056909,0.12467542890176805,0.13531125087823645,0.13891209451687953,0.12533213423052098,0.13598274389731743,0.15151199682636063,0.15038673326050048,0.11198075751687267,0.12151078995773813,0.10678527759068354,0.10567254483197791,0.14059678138599452,0.11806001950192221,0.1296289232634526,0.11472140559380219,0.12041369022871387,0.12253782868616521,0.114646134173515,0.14396096551117848,0.14010512662913144,0.13444015136645524,0.13030501586886456,0.13533417703410364,0.10385858091349745,0.1423304906343355,0.13223865759969217,0.11320995730175362,0.12127458947872022,0.12139921074546618,0.14709353123645802,0.1375933104499656,0.11339632797498089,0.11011523662870408,0.1312670791123911,0.1278985081393632,0.11866351086431101,0.12481427229488579,0.12563735931783018,0.13057053372110028,0.12422738629093784,0.1078392184440444,0.1262595631506693,0.10048893707754505,0.1359396224271204,0.11010054802717748,0.0964896814957012
UAT	GG	0.13980347412237215,0.13689233944622728,0.16406218544503107,0.16479949148600254,0.11996166151016832,0.12536392377869163,0.14521864367902992,0.13555656687853712,0.09147180936931724,0.15628991724692856,0.13303204954749767,0.13633939337136042,0.15388154016753489,0.09218696591288768,0.141650906623194,0.15928521892810224,0.11824988051624015,0.1574015096454057,0.17306540327186223,0.13413219990142358,0.13331795570606117,0.1464163292979595,0.1356445645456376,0.13539970982628496,0.15814555642685632,0.08437860489028536,0.14018790000230597,0.1589978402335238,0.1266567842083159,0.16010810123025018,0.15405345254128655,0.10294866294660214,0.11611383160712929,0.1404994779258184,0.15185334045074708,0.12341886496602679,0.1838180765231935,0.17915160545413447,0.14811818897635912,0.1878841516715639,0.13129202479924906,0.14934773865468107,0.14366804088416768,0.14700266588624042,0.12117978606051621,0.12246125491933942,0.13951225247527219,0.1444476835353383,0.11655225619263333,0.12245307389164142
UAT	GG2	0.09145259833671959,0.08466646680313815,0.10334225617074615,0.09821609328481708,0.09456834328613799,0.07775057818661145,0.07738324430158952,0.07501738888835337,0.08113984231418239,0.09503972097706165,0.1260724517833198,0.08871218850821021,0.08818298503496241,0.08455464860410353,0.11941072764945672,0.12435244170573027,0.09636404970093926,0.10063381490701748,0.1187814371615822,0.12760596224497397,0.09753229197787555,0.08962374139496165,0.08450898090406463,0.08992934983658764,0.10830817200347302,0.08009732587669756,0.0605327226521946,0.07300683394609411,0.10356944487201955,0.08193846569163507,0.08478864059889593,0.09635468245600953,0.08865836765631087,0.08685956204760797,0.11639858494226209,0.09200627723037423,0.09200658830931156,0.09760876721878067,0.11807270618674216,0.0906390996577809,0.08954505650834635,0.08030744130833489,0.10364597606439387,0.08220891019862529,0.08298585690586559,0.09763720579774553,0.09508040436030483,0.10354031412172543,0.0953552486103253,0.08058227400697034
Wiki	GEE	0.11024727375086861,0.13549046225982855,0.1042397666604387,0.11909112276033755,0.1338355060288432,0.10944779609940025,0.11661366436945239,0.1262540358688035,0.11440709757258322,0.09017697829379494,0.12156159082854118,0.11242410985436445,0.1186329387155822,0.12056528823935621,0.11161770478622071,0.10768740008202346,0.12351382004301151,0.10350952262810087,0.12238342022327688,0.09053389058523977,0.1116922450979239,0.09967851596172417,0.09368368218044248,0.12370740607610875,0.13827426091597964,0.11663272478077141,0.11717536867970561,0.1119958867589235,0.09368739741091611,0.1495391915456829,0.11743705077705714,0.09197496426864343,0.1085833702663011,0.14438762527702778,0.13160534450784464,0.11827444422481243,0.125899505053551,0.11706839805140452,0.10490983555101713,0.1141638366046789,0.11336991051417138,0.12140000630914194,0.11387042185235152,0.09823428159123666,0.11715692351711987,0.11550894658426229,0.14540080109958506,0.1413817444821471,0.0801732172974343,0.12611955165196104
Wiki	GNN	0.10821745980867463,0.08241796221264958,0.11153518046275654,0.10712935155555527,0.11168583494198125,0.11307976558074266,0.1283748147923223,0.07809499821087237,0.11026920442350599,0.07920669719839354,0.11239699502333145,0.10477307912289982,0.13753737186559495,0.11197010180015758,0.108350976564537,0.11036840646766989,0.10648651169950342,0.09716062213500652,0.15491140619404917,0.09585913402180135,0.08378500404646216,0.0732738408025712,0.08879532216512195,0.11279054492308326,0.09866487301869314,0.11068006895335357,0.10808683557872269,0.08748107993944859,0.14687302156066395,0.11898712255882109,0.09226186558534435,0.10417187749715973,0.08421013163013465,0.09950901134056857,0.08145234980398068,0.11531500377639818,0.09554904641781153,0.09773220381657123,0.15272900952769,0.11820961114540608,0.09913464979853652,0.09355138614472454,0.12829723630740678,0.07130118972204753,0.09862855251390239,0.10154704619239908,0.09855302316264501,0.11531318349757325,0.14587636408838,0.12435150842223358
Wiki	GG	0.12044066572035829,0.13982360379542752,0.11165753006485359,0.1279602771878212,0.1372705061667295,0.11650470388196411,0.129314137083634,0.13270985301782137,0.12830708821474643,0.10560904347366468,0.12820239813347406,0.1149511954546387,0.11997219698871497,0.12479183289115599,0.13145643245213517,0.1277569332525318,0.12261103174675897,0.11198784748231766,0.1291182361690876,0.09582183826083841,0.127617515328894,0.11124778888555248,0.10176210898146593,0.1366870401576625,0.13975326639335736,0.12985289051181953,0.13135203199972184,0.126536297494431,0.10302732842955943,0.15924161377775592,0.12903272631174978,0.10305034783636749,0.11997983719085148,0.14874349276821683,0.14538154037774934,0.11621235090739042,0.13072007788520712,0.12484062896516272,0.11271949937388133,0.1163774427030741,0.11942848567858534,0.12885369814232653,0.11370148616190054,0.10140472173290016,0.12374892160775176,0.12105381347742089,0.15688443923806952,0.15498376067637137,0.09190769146279268,0.1392579354497379
Wiki	GG2	0.11929084293407943,0.1397100718995738,0.1104799651153646,0.12516821933632027,0.13711599763110813,0.11823677808285038,0.12983722590978503,0.13063009159209885,0.12998446286304793,0.10354912705721862,0.12651150752402177,0.11692896676756163,0.12389362369355036,0.1181112630489094,0.1362238361259842,0.1256171017669652,0.12196276814028138,0.11259477668686539,0.1355507539084808,0.10021490153897529,0.1271482517193455,0.11126571898607451,0.0962268998354426,0.13522239136606698,0.14196947525984693,0.12073252691561547,0.12943074282423733,0.12675496866755043,0.10038946129572923,0.15847010560469454,0.1278454067148406,0.09522345890135654,0.12243276824957675,0.1506033536680929,0.1415017534266105,0.10976490566572059,0.1300545816306285,0.12448990714817923,0.10830928445472288,0.11726957645650662,0.11800022761762104,0.13304733008976988,0.11343353109059556,0.09872341320129908,0.12263026663922086,0.12530464870840496,0.1593614295452219,0.1561837105969754,0.09325423209246243,0.13678495248531447
email	GEE	0.46726199978037314,0.4306082395341706,0.41622093009683037,0.3980568452124956,0.46149868162036095,0.41817123621280955,0.44955760134657874,0.4136745135903261,0.4419219500172063,0.4290943799427501,0.4218812615665292,0.3484187828887946,0.41503422224415204,0.4171236845743237,0.420890494402877,0.42586959835022303,0.4561510558121419,0.4251910136412731,0.42464983114513344,0.5034804163412828,0.4863144011023955,0.4041016055941589,0.4077190191630619,0.4465947630025062,0.4931728126026523,0.42093393800061607,0.4068877891013962,0.3991597850452133,0.490320297252745,0.41088358963262595,0.436238529763717,0.516666830510943,0.43639872061871104,0.4238468447013592,0.4353229497201168,0.40969272988864214,0.39001561439943305,0.4575274395645497,0.4421520593032347,0.42771891909978366,0.45472842764784605,0.43102419764524574,0.4423856097536724,0.4356452612076116,0.45450199876514985,0.517352777792796,0.5014834208081607,0.4096203784742844,0.46060491385566593,0.38431787291067365
email	GNN	0.33635308861262464,0.34385842344295975,0.33621920547739736,0.32399418225327165,0.3413704388435336,0.28959562027843233,0.3501368176610246,0.32773111618229106,0.3644889723955135,0.327830857682863,0.3290960136548109,0.3268027646667993,0.3511532698566477,0.34246552871641617,0.35567206277561897,0.3758345351390149,0.3575604285879403,0.35218584915764706,0.32096768960990946,0.31094158877993605,0.34226100087528355,0.3321011074290923,0.3492454183309309,0.32405442066428597,0.30595588423600667,0.3416285897850181,0.3531669318428656,0.35254596605069,0.3624183315265905,0.338592414328902,0.3421092523316557,0.30634329354213613,0.32673876193728113,0.332767851205837,0.286724328269176,0.3537842557471919,0.35812356795887257,0.34485696151938827,0.3548202955925112,0.37670697414711496,0.32918691409130535,0.36842880836085046,0.36254332881923734,0.3555882168519907,0.35990353760458554,0.35683755953387547,0.32825321456370316,0.3046268624141384,0.3469211709184957,0.31652007433563856
email	GG	0.5086212604109178,0.5336468732866132,0.5488315377089151,0.5325884458247634,0.5473511761077193,0.5509033966511022,0.5302216550270552,0.5411508508654761,0.5626192870349613,0.5533191282426425,0.5719816976358555,0.5178988776865007,0.5245412273523656,0.5332839850107277,0.5378012053072528,0.5443261239750049,0.5318132853932331,0.5289994413474928,0.540829210345665,0.5441184768762392,0.5308084664460001,0.5131034560377554,0.538181336118074,0.5431297557615403,0.5426359142382785,0.537039910242656,0.5218311835467707,0.537959300869049,0.5484589013356743,0.5256441595443827,0.5267262079296396,0.5532622795703286,0.5211946185086913,0.5356840211334075,0.5308224050260208,0.5349837215300439,0.5193501688771395,0.5466030745373279,0.5257052068836717,0.547053104018053,0.5495220223465725,0.5141509500605282,0.5512806120727461,0.5466553090406666,0.5321343474407522,0.5317526096476229,0.5501321084615572,0.5553035064910989,0.5416622584261719,0.5151092406085613
email	GG2	0.5056350099177908,0.43474261230195105,0.5515564048675858,0.5167190374301517,0.5131155914564983,0.43010106350295974,0.48747755740114246,0.4942569373575847,0.51057963144782,0.4471925205067265,0.4498702236320667,0.4399817282064431,0.43610404193122754,0.43140792284701324,0.5300392603199047,0.4675694689565212,0.5099033597848719,0.4486638707492793,0.5133949063563861,0.5254803054826113,0.4764123817120058,0.5104850854245989,0.44124786642021796,0.43883544852277084,0.45472096860075334,0.49687955423164587,0.43335937043107847,0.45818988091317664,0.5007656017570107,0.5041385005041378,0.44680816502751686,0.4464605661955557,0.4983571027464702,0.5286261652392547,0.4738250534668959,0.46814440183977307,0.4085800206686586,0.49910047436895827,0.45146907388680774,0.4248280370046544,0.5081554178942634,0.5216623875179001,0.4968002373796304,0.5260265047395275,0.4779633150294208,0.5174788826855343,0.5142006833473867,0.4315683360394865,0.5102925344799458,0.5107104899061634
Gene	GEE	0.0007462186610231053,-0.00038392581224846187,0.0034564390555665197,0.028490409964365308,0.005911607026113307,0.0019015627982200817,0.02038381539663131,0.003695499605013816,-0.00022430292730186744,0.02310727002621345,-0.0007590747205979018,8.098759913804891e-05,0.003249473691572407,-0.0007980661702122341,0.01321341345063898,0.0025788365994379382,0.020347655020341332,0.011100778571827091,0.008852993953364332,-0.0006969068627398528,0.02038381539663131,-0.0008967934135949127,0.01149393895807145,-0.0006159358995034686,0.01636984283717261,0.0032173004503063003,-0.000322078824649812,0.05256525124786143,-0.00030223995738993447,0.0008937279389081205,0.01497765438033238,0.01938087062501374,-0.0007586947019264799,-0.0009018865908400952,0.0003315714190086836,-0.000712639486423801,0.0034850474888656027,-0.00022430292730186744,0.01016733181562323,0.00588925929921358,-0.0008986874249596976,0.0005456300670749613,0.02040754884272556,0.007445128436637864,0.0008698251117806106,0.027857790066175024,0.011943366968649626,0.006162581569224614,0.004470029362583511,0.004192465090762524
Gene	GNN	0.003980782989077673,0.002430950322070854,0.004148587875128539,0.004770342513614333,0.0020301229837477175,0.0015916795049202414,0.0025789123496133947,0.01786127678546341,-0.00010636098795198222,0.008521978775848761,0.017367660363116832,0.006843531959821465,0.016880625493068208,0.0023683026760788553,0.00035434767290482266,0.010753200303672704,0.008504659744006266,0.0014139775928754738,0.0011742699572598466,0.0025673224389769767,0.0030198763535763365,0.025462969689600688,0.00783099108338097,0.02848782757700147,0.00011007086119643155,0.02605530939641658,0.021500875206232166,0.02315920382378172,-0.0005999774102985588,0.0019666005958865924,-0.0005341618873190153,0.004770493681104388,0.014544174427294412,0.0034275627008436386,0.0003535884811627022,0.04609613614368759,0.00216427455484227,0.003250230684004739,-0.0006027824888489169,0.009983158684812045,0.0027961035754458883,0.004237463528697892,0.007141748118140944,0.002679460073850825,0.0015916795049202414,0.029115731214965353,0.00010923554551172651,0.0009203611705288972,0.029115731214965353,0.00716617889950255
Gene	GG	0.0012378509999415735,0.0010692146466501195,0.0036453291671866587,0.02605530939641658,0.007395372230019385,0.004555109021396379,0.04075184282666139,0.027092884075731065,0.0012426296781634669,0.029115657480156036,-0.00010636098795198222,0.00539433194222253,0.00398070734536873,-0.0002976818164062838,0.016990649302702915,0.000764811630786347,0.01878419635562496,0.019898208430121012,0.007827600263509243,0.0002374185577461401,0.021294612823433576,0.00022907039335109126,0.022047144046962376,0.005330001210158315,0.024297960832168525,0.0074850805672479976,-0.0002167065327568156,0.05951278885907567,0.0002889770389964147,0.0029637671359165124,0.021500875206232166,0.026654230655530426,-0.0004686791396591404,0.0013661969623847924,0.002051044651241473,0.0009199059135409818,0.00903616664477601,-0.00022430292730186744,0.014370998475211838,0.0037295490600041683,0.002120783772387416,0.00021773735891287,0.019185858436928695,0.00716625430128758,0.0059066996721792685,0.03165054571300506,0.02605530939641658,0.011491010933376478,0.007830328723073592,0.0030198763535763365
Gene	GG2	-0.0002972260045926585,-0.0008895657114085505,0.0025788365994379382,0.02487721153508275,0.0007689095800437227,0.0014139017542278431,0.04075184282666139,0.012372262168969476,-0.00029745391044754547,0.02787181783065198,-0.0005218399413939063,0.0006220661511577668,0.00048575099145292666,-0.000600053401898084,0.005619589511268307,-0.0008571140166523247,0.01036278426565799,0.016880625493068208,0.004770569264832195,-0.0004645001390140719,0.015459010196710067,-0.00020531215728278405,0.020961187917799908,0.004770569264832195,0.02372543988294074,0.00398070734536873,-0.0003827861844660651,0.046096063698472675,0.0002292981792436899,0.0004859787188639097,0.020961187917799908,0.026654230655530426,-0.0008897937522210118,0.000764811630786347,-0.0006592113809801481,0.0006241154184921855,0.0037306083390524387,-0.0008447736758879442,0.00716625430128758,0.0015263897848496776,0.00011083023788051151,-0.0008310918321867225,0.003019800636890347,0.00716625430128758,0.0021640472098110814,0.030973559840638893,0.023159426385316664,0.00716625430128758,0.0015916036797683662,0.0030198763535763365
IIP	GEE	0.027845311459467458,0.033543154159661775,0.06649096682104268,0.05307181755843425,-0.004721751102420337,0.0306068556766423,0.057697934095155765,-0.00250787696525634,0.04001603191083325,0.027049523869372826,0.15210828409247065,0.040728932582029635,0.04873231522758957,0.01617486373361206,0.028606654531600557,0.08005123994927117,0.07320391355864299,0.13464652712652395,0.0645691432061276,0.042192488290339045,0.1218401237948065,0.10282837508143114,0.009593616019903698,0.01666037183817858,0.03994553026017578,0.12044255284783081,0.04050922002643978,0.07575904301678296,0.03974480102190274,0.02182111452706998,0.00814934883460958,0.1536283506495364,0.08306667106521955,0.01064396403895341,0.076716872728427,0.1267452757226014,0.1665748837327748,0.054086422040757885,0.09464178448912737,0.03686717444237379,-0.0008687864001756528,0.011162074231458735,0.07293016037578194,0.09179797911457489,0.06478927584839818,0.07074910441143163,0.019328921815818523,0.14652602010520066,0.090057216471286,0.06321735625793523
IIP	GNN	0.02008498991913728,0.03216698996013898,0.13292963145997372,0.10542621284105659,0.0651368509653879,0.0809663858830299,0.08322479909619934,0.07427785346233072,0.08742500227810826,0.14021351573633517,0.13464092256046858,0.09541327801758236,0.10828601960594209,0.14522704745475473,0.12374313324170563,0.08432451558137961,0.03489654426373999,0.10583373138667941,0.10763861689253244,0.1659676718409161,0.030250143883358557,-0.00039966811559680843,0.14483930129980574,0.13565580255885784,0.11220426391762685,0.08654764540434433,0.1355024193720291,0.06683148470221008,0.13358557329524864,0.05340143951706524,0.0717420254220895,0.14809943990054517,0.11908566242498227,0.06893558288747255,0.10341608065339758,0.08748514189836779,0.10289379309757354,0.08153654074775489,0.14684605903257936,0.10577470282436745,0.12445344112296736,0.12058380490548672,0.15170148490321755,0.07171419391928936,0.09596351189971847,0.1288977632973579,0.05088753045290909,0.09919611547736822,0.118329241943052,0.126161366848052
IIP	GG	0.13641544436160624,0.13559900839825964,0.15030768984863258,0.07421810680948998,0.13595315712015824,0.13916807670389378,0.20001435691500288,0.01857382237944517,0.1256084303017048,0.06236134523624321,0.14795253253066606,0.09512791806167542,0.1576707130097946,0.1145916915748925,0.14875411984900713,0.11993839891495184,0.1546345149850601,0.14245068740066483,0.11453043056354514,0.10405924248256031,0.12305953615361089,0.16044314490274278,0.15609857337508234,0.09082548373724252,0.13146275086989143,0.1391250989738677,0.07867792529592793,0.14438981992014557,0.11074230392446716,0.13666063529018682,0.11556729694331985,0.115462664932961,0.1308488456174922,0.13010760508940183,0.14376011100524974,0.12283341797082112,0.1694718698787109,0.09687040233269087,0.16297666425757462,0.09562312196738183,0.10333527294119152,0.07973962441114403,0.1577453185336801,0.08094826819148862,0.21202482245885124,0.15001617259866218,0.10197025319657009,0.1681416092862602,0.07691563124630742,0.1353281606377763
IIP	GG2	0.06416705119830003,0.12298903974716617,0.13236257852085098,0.08078517681666063,0.12563863187308572,0.13059320907427974,0.13373929657783534,-0.0008237679979453755,0.11499223875125157,0.04438394357325677,0.12863515603103676,0.0926347707458487,0.1490532465426061,0.10401458784385423,0.12191833266861102,0.11593336986371398,0.13888125123889788,0.12804134762307642,0.10641882980373098,0.06433307140098292,0.12016687179323242,0.1277026424001524,0.07745843876422168,0.08460114559278686,0.09274873299795292,0.14364799226075625,0.0878386584056316,0.14314229050038274,0.1047061596794106,0.13903852169126482,0.115288589102185,0.1027948488541434,0.10610556896907276,0.11104535895305039,0.1275897273040194,0.11534073560545467,0.13477430575441546,0.07877211928687507,0.08016068905102021,0.08042004891265114,0.10244635199994032,0.08486530382571664,0.14225441698371924,0.05935156236891705,0.06324045590209264,0.14884677808670557,0.0695730067881628,0.1191220983522691,0.07373037720090678,0.1308659816227484
lastfm	GEE	0.32295990825239934,0.33622369047325945,0.333800193381745,0.30486900252033555,0.3538032462425923,0.34266793974098275,0.3805396810730567,0.3414013248934184,0.3325038654370767,0.3175587736436364,0.3808058538821283,0.3293819171249422,0.37006999266447776,0.3040419873646393,0.3469843600131406,0.3357967855329667,0.3699681722694428,0.3569227663403956,0.3203896517236126,0.2959171820550701,0.3303690061137874,0.34284977084120305,0.3005086749947635,0.3840950062644604,0.31456437375709867,0.36724776489024075,0.3705210711861742,0.33107804332296037,0.341313899406149,0.3004351478585932,0.3346593399725408,0.3757334204844803,0.38863880044990784,0.3446504560035747,0.30442612298644883,0.33748232611667867,0.357475180590016,0.30921611946966565,0.33477795325270926,0.38976391052390935,0.33200234016121527,0.3240701243721741,0.3257690865356561,0.33807999430331914,0.35607684088468,0.3286256737999552,0.3538577586332736,0.3185429539166863,0.3415676517006682,0.39376331552835875
lastfm	GNN	0.2771723484941929,0.36012538986305237,0.2434577690952259,0.2569770731768337,0.2789798941591356,0.22575812655382801,0.25500119819372374,0.2562978592667197,0.22957831370929974,0.27100986912474373,0.26818882627089846,0.26005260018065435,0.3065817284468708,0.32239503330834224,0.2940706103143009,0.14811126204654484,0.19767369579610855,0.2924304282266726,0.29507666941755445,0.10800914235201012,0.4064326587071807,0.23550354943841387,0.3934800144153625,0.35362875696889323,0.3166350727581737,0.25444485226095337,0.1973205193131075,0.14573949175330803,0.34819166344126157,0.2827020880584555,0.3502961177880483,0.15871800465192876,0.2659759621502361,0.2014317775652252,0.2902396034867498,0.28725120379976243,0.30490769432440484,0.2990801412954065,0.2336414448398462,0.22016801128704272,0.33723350193159796,0.22932998868372284,0.30978897722050014,0.17603832131006167,0.27546588579224124,0.341850631421564,0.31430312029394664,0.370869198450218,0.37706337727165995,0.29200647919702927
lastfm	GG	0.3930547806516539,0.37608830917457925,0.45046565934988747,0.440482026945376,0.4204900257814715,0.38029965202935123,0.4477757591654929,0.37822881459729446,0.38863003291857856,0.38825338772202356,0.40232931938476285,0.44477653933948463,0.4079135177725833,0.3770736879088752,0.4449043185388903,0.4294326248287913,0.42322990582464204,0.42420642728014396,0.40722686195947017,0.4271950361686845,0.40276804068648575,0.40404348157003805,0.3996830090442499,0.4260793273433111,0.40744596566077795,0.3860004694014311,0.42969645727719546,0.39741455207788334,0.42983304506091236,0.3844554842954148,0.4148485608307227,0.3967210602917966,0.4391777550021779,0.3996388158478955,0.4370475545221091,0.43102686568014886,0.42389673766039454,0.4184958699360429,0.3735677536152405,0.44203602560400596,0.3906548313390367,0.34705192567735277,0.40496424599339287,0.4120400855872034,0.45112675806654984,0.3933646065309248,0.35550485559121164,0.40596485837837737,0.3931134616332135,0.42010765469425077
lastfm	GG2	0.37802094837848416,0.3803540483771756,0.40561181635220916,0.40131606244552437,0.3706991017668004,0.3614498778657726,0.432594148052011,0.3579275798069753,0.37895419784393286,0.34612832375056435,0.41025280284899757,0.4119022169269404,0.4010003979562385,0.3366967879288051,0.36582512824272545,0.38224090601263433,0.4115475671003342,0.37942860756579766,0.3546046004142987,0.36306796888498616,0.3487176356965248,0.3582604871812153,0.39259079347976616,0.4132313714457073,0.36422844532201804,0.3898723240546299,0.4208840522996769,0.3533458760992589,0.3808911985521346,0.35293174020216744,0.42691377472097086,0.3887711017097388,0.4044620828309659,0.3569367580837901,0.36967953989145136,0.3897213251133864,0.37748078658092366,0.32877573649911646,0.3655274361281193,0.4076789689458536,0.3513936251780942,0.3427136649324094,0.3809336698150395,0.4086523539325755,0.3712638348329878,0.3510002031457232,0.38578073399284923,0.34588867016031033,0.41178156833190105,0.3865689484454682
polblogs	GEE	0.8104327720159519,0.8133801385797323,0.8016230081599064,0.8133801385797323,0.8163327144548853,0.8163327824382455,0.81043290357934,0.8133800709425695,0.8045542740862899,0.8281972120449673,0.8016229423806273,0.8104327720159519,0.7986969531259355,0.8252229716491389,0.8074909482741419,0.8133800709425695,0.8045543373864208,0.8133800709425695,0.8104329649755253,0.8104327720159519,0.8133801385797323,0.8133800709425695,0.8016230081599064,0.8133801385797323,0.8133801385797323,0.8104327720159519,0.8104327018487368,0.8133801385797323,0.8163327824382455,0.8163327824382455,0.8252229109997584,0.813380203338672,0.8133800709425695,0.8192908363669836,0.8074908844405969,0.8045543373864208,0.8133800004271774,0.8133801385797323,0.8074908176380045,0.8192907708720517,0.8104327720159519,0.8104327018487368,0.8074907478663585,0.8192907708720517,0.8016228735418002,0.8163327824382455,0.8192908990748526,0.8016230081599064,0.8133800709425695,0.8133800709425695
polblogs	GNN	0.7356790549411522,0.7497743554688879,0.7554498772600191,0.7668650737468448,0.7812543037702315,0.7384874270751903,0.7526094437489306,0.7469446065982464,0.7554498829174189,0.7328760280158236,0.7384874270751903,0.7526094475643373,0.758295665288791,0.7611467908958711,0.7611467890540018,0.7497743535393223,0.7217173601720545,0.6592143902781047,0.7078892690697622,0.7328760259559499,0.7640032561319227,0.7668650719490708,0.7497741625121788,0.7217173580261328,0.7526094437489306,0.7356790549411522,0.7668650737468448,0.758295665288791,0.7497743554688879,0.7356790549411522,0.7668650665557489,0.7413011423905179,0.6860422220231772,0.7441202009197119,0.7328760259559499,0.7640032597716072,0.7272860057147783,0.7526094475643373,0.7441202009197119,0.7384874270751903,0.7469445948899258,0.7384874250585878,0.7244990103175083,0.7469446026954729,0.7497743535393223,0.7668650665557489,0.7554498848032188,0.7441202028928784,0.7668650090269662,0.7554498848032188
polblogs	GG	0.8252235579243129,0.8104334181366153,0.8133807559464629,0.8401472040295138,0.8401469377715343,0.8222547124886783,0.713404472727315,0.8281975194042214,0.8252233598041768,0.8371517533900604,0.7899519468180487,0.8192914049167382,0.8163335557454258,0.8552042048229762,0.813380617794822,0.8311766293579971,0.8252234608859351,0.8431478314054196,0.8281974584623878,0.7957770826828462,0.8074915895762447,0.8252235754451197,0.7841481828496942,0.801623529803342,0.8431478314054196,0.8281972120449673,0.8341612947613727,0.8341615479705436,0.8431479148633644,0.7413011184516544,0.8401468958604752,0.8311766293579971,0.8252234298875416,0.8311769209721868,0.8222546768517892,0.8222547755385241,0.8252232789386862,0.8281974902581325,0.8252234891888064,0.8311769457072725,0.8104335613935414,0.8341616119121312,0.8401467553349993,0.8491652571389858,0.7986976516651358,0.8401468514840358,0.8281971087084194,0.8163333772905006,0.8104323919429159,0.8074907478663585
polblogs	GG2	0.8133803242219059,0.8222546768517892,0.7957766842513181,0.8163330798648547,0.8016229423806273,0.8016229423806273,0.792861276583582,0.8133802652193947,0.8104331813236708,0.8104330789969068,0.8016232911632837,0.8104330789969068,0.7870469027899065,0.8192913004041841,0.7899513880047964,0.8192910704761394,0.8016232911632837,0.8104330234480458,0.8074912229063524,0.8045546538864599,0.8163330798648547,0.8104330789969068,0.7928613947847514,0.8074910091386454,0.8252230848612031,0.8016230081599064,0.8045543373864208,0.8163330798648547,0.8074909482741419,0.8074910670341129,0.813380203338672,0.8016230708796434,0.8104332281015832,0.8163330798648547,0.8074912229063524,0.8045546538864599,0.7986969531259355,0.79869702142776,0.8104330789969068,0.816333026044873,0.7986970866249129,0.8163330798648547,0.8045543373864208,0.8074908844405969,0.8016234242510792,0.8133804335923159,0.8104331813236708,0.8045546960863876,0.8045543373864208,0.8016230081599064
TerroristRel	GEE	0.0173923504671157,0.11451234543413816,0.06912427388756247,0.059853009904511534,0.13203141270254237,0.017526545801673503,0.0559409232272612,0.012553750602194026,0.03136127375140873,0.05117620010265946,0.013874157539992871,0.1367390264603818,0.05859423707646438,0.008948978999571906,0.07979827675053851,0.12576906994870365,0.07034202004846565,0.21734927627916392,0.005821248702265498,0.15165604935169164,0.010494289527519655,0.032268434612997395,0.0997382585118639,0.024018091719901748,0.017278147044506295,0.037446889067661394,0.10681913252825373,0.012994037978002485,0.025357837066788985,0.0059407899338624155,0.04125404898314266,0.02867762606344788,-0.0002793199092621767,0.01437463097376105,0.15694880486066098,0.08578619302208476,0.021441741035767754,0.013904092010461791,0.014241664003276104,0.0007175891035161908,0.18019191952013003,0.13025093782472877,0.018366050183850173,0.14484122716657702,0.043105188249780636,0.05894452269829199,0.11827941168172608,0.03619859052019943,0.15150767797416387,0.030097668123822575
TerroristRel	GNN	0.052794189532522004,0.0385799243366848,0.05839793795560737,0.17722325334452577,0.054218771008829394,0.08965846265942794,0.08085481789200168,0.10964317593590898,0.1727863317472207,0.044305708836895594,0.10280808976471015,0.07826028741141766,0.10142165312432692,0.08616669274528552,0.05957667852065847,0.11616809106186951,0.0586437209400573,0.06250184874509836,0.08941267365341449,0.06464998834155943,0.12761208672864882,0.08315777413821118,0.032733065278235836,0.07541412209571312,0.016738026671074505,0.02370994736187563,0.02431139617090679,0.07454260846073488,0.039548812391228844,0.04367656837795934,0.04828255733647863,0.03334494387379919,0.12070003359332833,0.06216176884344543,0.12330489552765436,0.09775582911006786,0.04496826898445163,0.14107165882139616,0.0635244559175398,0.058245218322345034,0.06432443377592116,0.017521702854395936,0.02316936324782295,0.06473255036099353,0.12660602337243934,0.05553644816345633,0.10763039925390452,0.08524033131800281,0.11207109076257439,0.06049986558723603
TerroristRel	GG	0.029743481801611807,0.12193868953932603,0.10224210542406358,0.10251047667559399,0.1757998875232858,0.036081802807569285,0.07066843911541955,0.012897890173371352,0.03408446372994189,0.051764897750559535,0.02925878070539801,0.13273562625819052,0.11243915102023987,0.020841714289998096,0.09005093247014126,0.14390656620873005,0.09649328476630935,0.25252860256345605,0.027047847806254348,0.1971809719569883,0.03108964900871085,0.03614697231539276,0.11310219066129693,0.02626865728478846,0.052995369883540734,0.041875734399552715,0.15228169137272196,0.02282990120166805,0.03793223544896053,0.021887203975706555,0.04688570552158298,0.031543016658048366,0.010712950537064213,0.017967419236161138,0.1540063937068089,0.08415266971912509,0.022988363747634247,0.014777352531236557,0.0156537382619755,0.011200230060637357,0.19032874439445385,0.16731835507812057,0.02619926553060433,0.14281742609500886,0.053868507215471935,0.060773834054446606,0.16005025501774287,0.09027166315642379,0.16443502585968228,0.0425928718187096
TerroristRel	GG2	0.028511207343059692,0.08511857163948153,0.09332970884070405,0.06514026102798212,0.1691233870734209,0.033808998565334446,0.0697663454042148,0.012496832797056788,0.028214742233393035,0.042662127825096735,0.027072287359359036,0.09859205207279115,0.06863024367907013,0.021096551568283266,0.0862000807135871,0.08799225206295073,0.09002677878691763,0.11283255391291817,0.025569688868791164,0.10427530402117818,0.030048273241883725,0.035695211101727214,0.10481114930437578,0.023863493109683373,0.047253033594380336,0.010373414607046902,0.1305079474433223,0.017838877916605107,0.010001370251504575,0.016505744419865253,0.04564203377846428,0.02458005740933748,0.0078621089042778,0.0128101840076949,0.14962440154109954,0.08474817504317186,0.011899786982660254,0.013875131453919644,0.00824413276925701,0.009155324229459607,0.01616120202129831,0.1648369189600499,0.025587149580976527,0.14251161631722725,0.05312747102797151,0.03413510488690092,0.15379899584903764,0.08788039883400986,0.10979865797390184,0.03266779869476151
KarateClub	GEE	0.30736518001402313,0.48029522985101825,0.48029522985101825,0.5121814878650952,0.5692832135618205,0.3988204775735539,0.5147058823529411,0.48029522985101825,0.31985750849411027,0.3380425423350448,0.4690851735015773,0.3524989748963506,0.2804688898168586,0.5692832135618205,0.5058307270831818,0.5692832135618205,0.48029522985101825,0.4038257173219979,0.30736518001402313,0.48029522985101825,0.48029522985101825,0.3315760266370699,0.43680310217719504,0.5499583898756195,0.3524989748963506,0.3988204775735539,0.48029522985101825,0.5692832135618205,0.43283149290343814,0.3524989748963506,0.4512041738482322,0.3838216639336654,0.48029522985101825,0.5692832135618205,0.48029522985101825,0.3524989748963506,0.5999043864667665,0.30736518001402313,0.3524989748963506,0.48029522985101825,0.48029522985101825,0.48029522985101825,0.6962445753630567,0.2637356081846925,0.5692832135618205,0.5692832135618205,0.5127894210759172,0.2804688898168586,0.48029522985101825,0.48029522985101825
KarateClub	GNN	0.6201007515071435,0.7665231379956141,0.7253052164261932,0.7263815051455884,0.7253052164261932,0.7253052164261932,0.6201007515071435,0.7253052164261932,0.7253052164261932,0.6374198023235651,0.7253052164261932,0.7253052164261932,0.6201007515071435,0.7918568824506783,0.7253052164261932,0.6201007515071435,0.7253052164261932,0.7253052164261932,0.7869178364487114,0.7253052164261932,0.6716578061747062,0.7253052164261932,0.7253052164261932,0.6677369077306733,0.7253052164261932,0.9289828470156339,0.7584749816627866,0.7253052164261932,0.8663330950679057,0.8210925790094715,0.7918568824506783,0.6201007515071435,0.6201007515071435,0.9394756715934837,0.7253052164261932,0.7253052164261932,0.6742107725314965,0.6201007515071435,0.6201007515071435,0.7253052164261932,0.7263815051455884,0.856321931074224,0.6201007515071435,0.6201007515071435,0.7253052164261932,0.7253052164261932,0.7365344129554656,0.7575432586877531,0.9289828470156339,0.7253052164261932
KarateClub	GG	0.7253052164261932,0.6201007515071435,0.7425227568270482,1.0,0.856321931074224,0.6201007515071435,0.6201007515071435,0.856321931074224,0.6201007515071435,0.6519640479360852,0.7425227568270482,0.7910445344129554,0.6201007515071435,0.8047028292929932,0.6395318595578674,0.6201007515071435,0.6776913401965808,0.7425227568270482,0.6201007515071435,0.856321931074224,0.7226004731729211,0.6702144116828068,0.8653018103820851,0.6201007515071435,0.7253052164261932,0.7253052164261932,0.7253052164261932,0.696630798529746,0.6336507357966195,0.7425227568270482,0.856321931074224,0.7253052164261932,0.7396429565916897,0.7253052164261932,0.7665231379956141,0.6820242914979757,0.7253052164261932,0.7253052164261932,0.7253052164261932,0.6201007515071435,0.9292526443558176,0.7395835000720311,0.644295956689265,0.8272251308900523,0.6332397869694167,0.6990196556601473,0.7253052164261932,0.856321931074224,0.7336856763086271,0.6776913401965808
KarateClub	GG2	0.5830374101907672,0.6874498172939846,0.6874498172939846,0.6993237385122247,0.5662323561346363,0.4014266987775508,0.5440634415046013,0.6874498172939846,0.38845486827979187,0.6874498172939846,0.6874498172939846,0.6874498172939846,0.599328478897983,0.599328478897983,0.599328478897983,0.6874498172939846,0.6874498172939846,0.6874498172939846,0.6201007515071435,0.6874498172939846,0.6874498172939846,0.6874498172939846,0.5662323561346363,0.599328478897983,0.6874498172939846,0.4014266987775508,0.6874498172939846,0.6874498172939846,0.6874498172939846,0.6874498172939846,0.599328478897983,0.5879578246392897,0.6874498172939846,0.5662323561346363,0.6874498172939846,0.6874498172939846,0.599328478897983,0.5830374101907672,0.6874498172939846,0.6874498172939846,0.6874498172939846,0.7161487236403996,0.7344617092119867,0.599328478897983,0.6874498172939846,0.6874498172939846,0.6874498172939846,0.599328478897983,0.6874498172939846,0.5662323561346363
Chameleon	GEE	0.04060678432684714,0.04027397192899429,0.039229897219922864,0.026327610710026088,0.06256558879114507,0.027076030731835336,0.05157812538676506,0.04858428142510663,0.046929833479616094,0.049231310742646375,0.04410197218217595,0.046079972126822674,0.03847851959909163,0.042608777344294975,0.0508438849393436,0.03080944421946228,0.042412482651620315,0.029654760209219734,0.08955587533175723,0.03571319031432075,0.03347526175148572,0.030795910514180964,0.04339599592245646,0.045981317052134305,0.023072750276129542,0.039515890070134056,0.06420900836854268,0.0599114708573026,0.058594968118882054,0.023521984505716634,0.055923556751131434,0.03594257915887444,0.04799547851627784,0.06635521520864826,0.058142461687199665,0.02567846272707168,0.041029798347652184,0.033602644520621734,0.059673656039683415,0.05577738245584556,0.04239964112491027,0.03753766668257326,0.052388305270496434,0.039917655119416987,0.05490423555751665,0.03712009858037481,0.05888316730172978,0.04671641144366551,0.028028813202121645,0.04405913289729548
Chameleon	GNN	0.05487257948417246,0.043497765857469596,0.04108942776717023,0.0812101893608883,0.06810467800970438,0.044310744196815716,0.07173950316907818,0.06514349362248967,0.0516493349926072,0.046785224422921004,0.03980542237197241,0.037440434815601636,0.042383851978282865,0.04284741378704491,0.035331060703055264,0.042356865757829404,0.06834183596875072,0.09084921462227595,0.04663876177266239,0.06282756232665368,0.05970893993950248,0.057821936249790144,0.06546604419117033,0.0572193510565603,0.05541167084832183,0.07543117763796127,0.06462217698149784,0.08513963790316677,0.07234452972990164,0.051202049569688865,0.06430762490683867,0.040464634487294815,0.05379743925521452,0.03408094295288292,0.036968396475992135,0.059726352769542794,0.053279640274974935,0.048890828779466794,0.06563093280699418,0.06169801316051345,0.058731128488608196,0.049991008495254,0.08095534688408644,0.05121762764605281,0.05070110993681361,0.05801834745418629,0.049139991200867754,0.051033353738627635,0.07277159552008503,0.05370210470448759
Chameleon	GG	0.06788765475920415,0.06948701380437464,0.043587886253734706,0.047224288789386185,0.0623264855181154,0.06820651700084919,0.04183767827827831,0.05398071090439572,0.06578707979889052,0.07414209789765465,0.06621853041468394,0.05443836247576521,0.05814424304698413,0.060595094241372445,0.0753795432910983,0.05401231036796815,0.0581294249176499,0.050753164838997715,0.10386078243317902,0.05653576961691218,0.061531367238978965,0.060048337097531025,0.06458182296522035,0.055432241362613474,0.04178299698123403,0.051118128779484094,0.07338357431970295,0.09126506122701268,0.06845078942961526,0.04063667776738042,0.05698619338901151,0.03970386554845551,0.0667794700271945,0.0717403006231747,0.03968969416804251,0.040541391211652525,0.06699529506971215,0.04436044060813655,0.05807395414879078,0.06688996886015591,0.0658448555335414,0.08545432766382202,0.03833585205971404,0.06345508944253839,0.06812680099533526,0.04966896401566843,0.06451000672097809,0.06311508054104117,0.0607465343922275,0.059674051745302964
Chameleon	GG2	0.06301301678225643,0.04002075474939552,0.04167145966753895,0.036689897190637,0.061270503836064256,0.04932162261639663,0.03890437397066838,0.051770376201465025,0.05354894052924842,0.05027697664315972,0.06715809120023683,0.04892170126992706,0.04028932281674032,0.04610589869473168,0.05444883222964416,0.036216964745074735,0.04319361463932776,0.05069016801547701,0.10332768619724378,0.037980702620068016,0.04401833920416562,0.055054920515095716,0.063711855944104,0.030598971706483336,0.03915272915971754,0.04105639269320996,0.06870980360366856,0.08502885032907878,0.05140221532290406,0.0229600476234239,0.05753735000549798,0.042569004887130765,0.049335632386670845,0.05854970779393967,0.037159339905280635,0.03770454894667689,0.06353770729092874,0.02874822801759346,0.06197196441724158,0.06407356555423356,0.04621565420426946,0.08341879286786784,0.028243792338606584,0.06048715644699262,0.06508515711798507,0.04524402769957289,0.05235629981702936,0.061108157950484965,0.05677387815882667,0.05764375649158503
Cora	GEE	0.16451355521129793,0.14122779643897285,0.12038193734439044,0.1585490294742473,0.11554826804207291,0.1364883378248547,0.12204350483166072,0.15235576013414615,0.17817764530223565,0.16429094931702923,0.17915648175136847,0.11782033582296159,0.1198455349461538,0.12581048908569553,0.1141798187662708,0.11632035222355093,0.16567000240126145,0.1295195216282673,0.12521097145162163,0.12804800525945106,0.12773833077387095,0.13427992542231978,0.12118571424562748,0.12699360792778416,0.18054263452376992,0.12440772960832708,0.11990186620846599,0.1338341948288385,0.17481738569824373,0.10798685063551192,0.09173015823342161,0.1228001932140782,0.13357642624941404,0.17603478996147312,0.0866802878496377,0.09847892169787623,0.15254635764011207,0.19576928724306958,0.21313930411739798,0.13551482931963993,0.1553141820029205,0.11902818997384249,0.1502588354417011,0.12125137457814329,0.1118811196379448,0.11393496019632092,0.09661724783540483,0.13016818241466066,0.20815319847673275,0.11278667782843085
Cora	GNN	0.12322386176082166,0.11482329626514573,0.10512722212129409,0.08558720258023815,0.08441322481734181,0.1155266800521327,0.07432112572471583,0.0997541316636307,0.09745429970182853,0.1492954167785677,0.1119007591176135,0.08931971483155299,0.07107882359437742,0.06939191422504788,0.06751563108865287,0.08401763132848515,0.07789253849199215,0.10153282889157207,0.061936551551683164,0.11200121440319365,0.1150636038562318,0.10644514256641992,0.07374788677298649,0.09254571112586138,0.13073728226098133,0.1455611457016556,0.13413005979475093,0.13276012488528416,0.13020087590127957,0.11271805297712868,0.12296201403980087,0.16232518127344944,0.14237883100659357,0.18939742552917524,0.11641831524544596,0.1554298977351074,0.07741604946323138,0.11076440854872888,0.11730046296691359,0.13323385709359173,0.0815426822759976,0.1520068638808106,0.10335640626436261,0.11596778158627605,0.10298203011489569,0.15858995578933788,0.10396664412343057,0.09405897986275522,0.08193848361010067,0.14507649860563424
Cora	GG	0.19754351658614738,0.18038949036429214,0.1665965950858792,0.16509516753926518,0.11925621268948179,0.18054818355866445,0.12738336677465,0.1702074877838859,0.20908578643899267,0.18474927251460427,0.1855938348558464,0.13819855287332536,0.12903225772370722,0.19286474717289673,0.13039836567449392,0.15299016972226354,0.21320530057053744,0.18031284524258093,0.16303910814554332,0.1767782225575734,0.17766983057048802,0.14749251848635694,0.16899272972470708,0.15780007081048716,0.20243003146534758,0.15163054364958878,0.14632805962476594,0.16688742259449418,0.2015040414325595,0.13010470687994422,0.11879094039335887,0.14880394282224213,0.13964550177767385,0.20380135153669446,0.13928079232669435,0.13636866614584067,0.17935074691355773,0.21023990600889056,0.2477859211095349,0.18544889233933112,0.17504949748149942,0.1599738622081057,0.16345162624774418,0.13032136631622676,0.1652857500728108,0.12985136735604885,0.11112334943824217,0.174748161293161,0.23529151203058332,0.14621507523115645
Cora	GG2	0.19552651232879872,0.17766741921070484,0.16158268841353648,0.15209293588368455,0.11939156604762059,0.18028207818392952,0.12424957525452601,0.17078947564377597,0.20943187614610156,0.18459068749191188,0.17949331282514142,0.13729161931821773,0.12746091497277087,0.19171040631605438,0.12975856666987814,0.15333585268483543,0.21133582754903288,0.17924803819368634,0.15638845957806946,0.17656764309032136,0.17868657707090052,0.14780099650687697,0.16662716477543227,0.15738045451567875,0.19208652301498358,0.15029412434528056,0.14513735764461316,0.16660997834217864,0.2005104355422015,0.12928628059036248,0.11795650332767622,0.15054486235127898,0.13856273012468506,0.20229791602253885,0.13638274657529162,0.13574307428234644,0.17742265664107493,0.20963750480752108,0.2475219220362178,0.18542488260773562,0.17351533340180056,0.15548304890084777,0.16366173689913605,0.12357233944364561,0.16552706884784288,0.11879363522103653,0.11045209745006164,0.16003535711009068,0.23579391408988395,0.14414365286035688
Citeseer	GEE	0.013652739749194806,0.024317277266670045,0.07870209706695416,0.020636211112042037,0.050633741492654497,0.020075554010341723,0.03649050712724591,0.059905334227500225,0.019983309772317933,0.019184843442079852,0.033112899902553915,0.045419417236215655,0.03643288503997059,0.036718110903472566,0.028272670583634762,0.0664272494265747,0.04480329703611298,0.062045925098880086,0.06454264235065607,0.06344120645405235,0.027297550818339296,0.033945135832020024,0.04263343812615452,0.04479948199988674,0.07029862521213781,0.029670451664736253,0.036524778965273196,0.07307097744256894,0.03379911741272214,0.08773237201198851,0.04355942881020597,0.023739861524740107,0.014665462496310558,0.07870801184463999,0.04403844472406492,0.021633203199436863,0.08200389291680348,0.049249265488062334,0.02365264224680066,0.02522286396127162,0.038118203644006844,0.05227064916054827,0.06804536281415695,0.07844962668679026,0.05593388331652426,0.03006752609452198,0.08188369134550623,0.037734348440773,0.05380248451383002,0.07203992898537237
Citeseer	GNN	0.02359856591921205,0.019131013327224874,0.05337019688013075,0.028618610347141773,0.039989162591528855,0.029926102896428167,0.03752416761935907,0.0290560461549751,0.03805354238375505,0.03950018298464397,0.03563165357054068,0.02588012153439617,0.0334538012393522,0.045342918154413145,0.03821438993577613,0.03487454379843816,0.0239075024440742,0.039211021387960183,0.03084078214905982,0.038346992192754385,0.047567128451656567,0.037676447839901046,0.025884437829523117,0.06645792101706637,0.0669339409689505,0.03020199686176001,0.029853915826513196,0.043011201612138804,0.03442178930024613,0.055310039659103534,0.018175850226106714,0.013502481148935565,0.053054957661105275,0.023863579527071646,0.04402449883986834,0.02167715641801938,0.02723848377703884,0.022316507215300086,0.03179078976222292,0.030614557133113333,0.03651947060742684,0.02478648800686767,0.046975309008591044,0.04136409636162599,0.03323902381713761,0.05226256478488858,0.02418894599340008,0.03652997617428862,0.030809343153545558,0.02410408646329706
Citeseer	GG	0.021925023390420673,0.03711477968085223,0.0828838284722953,0.02937407163787029,0.06835370951758743,0.0287339684698887,0.054161071617712934,0.08069793648437046,0.03671716472705138,0.039773017136745074,0.04010214276725718,0.059408176153561296,0.05192954598444296,0.04152634741453283,0.04496013094824392,0.08223045514478823,0.0460870755004202,0.07651882922830296,0.08367055563869907,0.07706514760207901,0.034394175281691614,0.052384256880618055,0.046427923202227495,0.05970186137205666,0.06757961149952228,0.03786832351337135,0.03860048111314123,0.08018022263046157,0.04448055108065178,0.09142032199840913,0.05284885058792574,0.0277667701640994,0.03307108591618281,0.07790021787306368,0.04531068692749545,0.034505591893173725,0.08307524951881079,0.05480405893097977,0.031919905388465133,0.03449933972450489,0.06322624982425092,0.06589808593468303,0.07072883752326875,0.09820977262937267,0.06427879266046557,0.042723587671958205,0.10349973155767764,0.04141561091441937,0.060974183557788206,0.09829941476977744
Citeseer	GG2	0.021487855969262885,0.03626807765642766,0.08238228239329135,0.029067284229025173,0.06897943454351553,0.02838407359148466,0.05440855674998198,0.07187519616650813,0.036324665395411966,0.03910020340376992,0.04035652990962733,0.05745506552260259,0.05148075207634345,0.041588502252477295,0.042714462675660404,0.08128141177115233,0.04235547733921178,0.07625333479019296,0.08270476546144813,0.07638024719000615,0.034957193605779584,0.053789111267260034,0.04282635024758242,0.05942267600548531,0.07207232964081559,0.037216311768663426,0.03670706553243412,0.07845248504459289,0.04432307626005772,0.08835104022092273,0.05060918120326299,0.027573863897082943,0.03297706246330965,0.07791417134068986,0.045008523611835105,0.02003005017333049,0.08361707132371025,0.041846152805840316,0.029389676914787232,0.03273287554209952,0.06245177660409711,0.06650028009281105,0.07051865122322742,0.0970342764950884,0.06367602293121555,0.03828190386894309,0.10071445510138113,0.03961803016296844,0.06050762806299627,0.0959835129557039
