ACM	GEE	4.582929849624634,5.825283050537109,5.695636987686157,5.690907001495361,5.860329866409302,5.824138879776001,5.793384790420532,5.8084447383880615,5.836517810821533,5.811331033706665,5.809233903884888,5.820005893707275,5.801268100738525,5.7819719314575195,5.873183965682983,5.89982795715332,5.807192802429199,5.875945806503296,5.844776153564453,5.8817298412323,5.9177467823028564,5.899943828582764,5.874792098999023,5.870805025100708,6.145275115966797,5.974516868591309,5.9252238273620605,5.910223960876465,6.011069059371948,5.843185186386108,5.776121139526367,5.818449974060059,5.849117994308472,5.865253210067749,6.002945899963379,5.855625867843628,5.795438051223755,5.861783266067505,5.897210121154785,5.849881172180176,5.83336877822876,5.850325107574463,5.920334100723267,5.843971014022827,5.864581346511841,5.873575925827026,5.807405948638916,5.855931043624878,5.770453929901123,5.756000757217407
ACM	GNN	116.37858295440674,68.0459132194519,69.42292499542236,60.89399766921997,50.96851468086243,33.123777866363525,134.11630201339722,75.94920897483826,51.538668155670166,41.49848389625549,44.431969165802,55.26525402069092,32.94730281829834,60.060128688812256,56.31317973136902,52.298084020614624,38.97611117362976,38.34791970252991,33.20262312889099,33.179291009902954,45.88894987106323,41.17882800102234,55.92222785949707,65.46075916290283,68.61631917953491,54.2792751789093,41.248414039611816,32.95583486557007,32.75593709945679,56.22533702850342,101.6946759223938,62.773118019104004,63.637897968292236,75.86573886871338,33.03287601470947,33.98052406311035,49.1032440662384,49.546770095825195,43.31613278388977,41.172003984451294,32.573763847351074,44.72518610954285,48.702539920806885,62.32862901687622,58.31130909919739,32.850679874420166,45.39206290245056,61.257412910461426,62.3585741519928,54.20513415336609
ACM	GG	90.26286578178406,39.22280502319336,33.58501482009888,33.19988298416138,39.60206985473633,32.657105922698975,50.03758215904236,33.01796102523804,64.14919900894165,32.73670196533203,32.98707318305969,101.71929097175598,45.15816593170166,32.71147131919861,48.075051069259644,32.851052045822144,65.04612827301025,50.362231969833374,38.16994524002075,32.8609938621521,32.776695013046265,62.829760789871216,68.20200395584106,35.044759035110474,32.89474701881409,42.47942614555359,32.940317153930664,32.79696702957153,106.07749390602112,71.72661685943604,61.064765214920044,32.73608684539795,86.32976293563843,32.74210810661316,74.28396892547607,32.729573249816895,32.569169998168945,78.32723784446716,42.85717296600342,32.31213021278381,36.99779295921326,42.20919609069824,32.67773985862732,35.66193723678589,36.262556076049805,52.6483850479126,32.9767587184906,41.39374804496765,52.802205324172974,72.52533602714539
ACM	GG2	90.26286578178406,39.22280502319336,33.58501482009888,33.19988298416138,39.60206985473633,32.657105922698975,50.03758215904236,33.01796102523804,64.14919900894165,32.73670196533203,32.98707318305969,101.71929097175598,45.15816593170166,32.71147131919861,48.075051069259644,32.851052045822144,65.04612827301025,50.362231969833374,38.16994524002075,32.8609938621521,32.776695013046265,62.829760789871216,68.20200395584106,35.044759035110474,32.89474701881409,42.47942614555359,32.940317153930664,32.79696702957153,106.07749390602112,71.72661685943604,61.064765214920044,32.73608684539795,86.32976293563843,32.74210810661316,74.28396892547607,32.729573249816895,32.569169998168945,78.32723784446716,42.85717296600342,32.31213021278381,36.99779295921326,42.20919609069824,32.67773985862732,35.66193723678589,36.262556076049805,52.6483850479126,32.9767587184906,41.39374804496765,52.802205324172974,72.52533602714539
BAT	GEE	0.7142081260681152,0.7139959335327148,0.6885080337524414,0.6893107891082764,0.6893608570098877,0.6906037330627441,0.6426486968994141,0.6184990406036377,0.5517199039459229,0.6834290027618408,0.6121881008148193,0.7014751434326172,0.6879277229309082,0.5883090496063232,0.6959891319274902,0.6876077651977539,0.6877861022949219,0.745089054107666,0.6372532844543457,0.6613271236419678,0.684222936630249,0.6963298320770264,0.7618310451507568,0.6461303234100342,0.6972968578338623,0.6204421520233154,0.6859860420227051,0.6924848556518555,0.6862890720367432,0.6885459423065186,0.6870152950286865,0.6832900047302246,0.5772061347961426,0.5619337558746338,0.6857709884643555,0.6830639839172363,0.6883509159088135,0.5620031356811523,0.6547069549560547,0.6855850219726562,0.6893060207366943,0.6818721294403076,0.5734429359436035,0.6443970203399658,0.6890988349914551,0.68790602684021,0.6886940002441406,0.6867661476135254,0.6913878917694092,0.589144229888916
BAT	GNN	2.1968400478363037,2.111150026321411,2.0732581615448,2.057110071182251,2.3559131622314453,2.117382764816284,2.038923978805542,2.0237560272216797,2.036465883255005,2.026789903640747,2.0307581424713135,2.597712755203247,2.0311880111694336,2.0515546798706055,2.2419919967651367,2.0232110023498535,2.0678250789642334,2.055670976638794,2.0544867515563965,2.061439037322998,2.040069103240967,2.064404010772705,2.0550029277801514,2.0776119232177734,2.0674281120300293,2.0739059448242188,2.0453040599823,2.086181163787842,2.069234848022461,2.178347110748291,2.065490961074829,2.076043128967285,2.057776927947998,2.0705783367156982,2.3568849563598633,2.0604660511016846,2.070686101913452,2.075314998626709,2.0629498958587646,2.0611047744750977,2.859987258911133,2.0740561485290527,2.624699115753174,2.074613094329834,2.052682876586914,2.058203935623169,2.062246084213257,2.0512120723724365,2.0907177925109863,2.8676300048828125
BAT	GG	2.111668348312378,2.096679210662842,2.064527988433838,2.03843092918396,2.2449867725372314,2.048826217651367,2.4790170192718506,2.0093910694122314,2.002711772918701,2.0137600898742676,2.009359121322632,2.3163719177246094,2.030162811279297,2.0464260578155518,2.0407469272613525,2.038577079772949,2.036724090576172,2.051429271697998,2.0455451011657715,2.0317580699920654,2.032701253890991,2.0827221870422363,2.0305099487304688,2.030620813369751,2.059810161590576,2.053589105606079,2.051981210708618,2.07216215133667,2.110186815261841,2.06569766998291,2.0567009449005127,2.1256561279296875,2.268005132675171,2.0450987815856934,2.113462209701538,2.0847620964050293,2.5412850379943848,2.070125102996826,2.033935070037842,2.0444419384002686,2.0425920486450195,2.078673839569092,2.055101156234741,2.044137954711914,2.073683023452759,2.1005871295928955,2.0469970703125,2.0490918159484863,2.069744825363159,2.052881956100464
BAT	GG2	2.111668348312378,2.096679210662842,2.064527988433838,2.03843092918396,2.2449867725372314,2.048826217651367,2.4790170192718506,2.0093910694122314,2.002711772918701,2.0137600898742676,2.009359121322632,2.3163719177246094,2.030162811279297,2.0464260578155518,2.0407469272613525,2.038577079772949,2.036724090576172,2.051429271697998,2.0455451011657715,2.0317580699920654,2.032701253890991,2.0827221870422363,2.0305099487304688,2.030620813369751,2.059810161590576,2.053589105606079,2.051981210708618,2.07216215133667,2.110186815261841,2.06569766998291,2.0567009449005127,2.1256561279296875,2.268005132675171,2.0450987815856934,2.113462209701538,2.0847620964050293,2.5412850379943848,2.070125102996826,2.033935070037842,2.0444419384002686,2.0425920486450195,2.078673839569092,2.055101156234741,2.044137954711914,2.073683023452759,2.1005871295928955,2.0469970703125,2.0490918159484863,2.069744825363159,2.052881956100464
DBLP	GEE	2.4176981449127197,2.5977110862731934,2.547255039215088,2.5355918407440186,2.569793939590454,2.625223159790039,2.5568959712982178,2.557343006134033,2.529303789138794,2.5277130603790283,2.561885118484497,2.5582690238952637,2.5375301837921143,2.5268149375915527,2.583834171295166,2.8924689292907715,2.647874116897583,2.73445987701416,2.7606351375579834,2.972810983657837,2.8033859729766846,2.7560360431671143,2.66587495803833,2.842935085296631,2.5868070125579834,2.540696859359741,2.639035940170288,2.648682117462158,2.6249051094055176,2.626088857650757,2.6538748741149902,2.616456985473633,2.5757761001586914,2.5847439765930176,2.5902769565582275,2.5967609882354736,2.719364881515503,2.67891788482666,2.6592700481414795,2.6648452281951904,2.663616180419922,2.76786208152771,2.718946933746338,2.702908754348755,2.693256378173828,2.723641872406006,2.7150678634643555,2.691999912261963,2.682016134262085,2.6760478019714355
DBLP	GNN	119.48740911483765,95.5975501537323,68.43194913864136,127.15425682067871,52.8854558467865,87.26385712623596,53.112059116363525,73.6786117553711,58.57074308395386,53.771421909332275,53.30190396308899,96.76005482673645,53.35587930679321,52.63960599899292,64.78220105171204,74.9534101486206,95.02822828292847,110.9281678199768,87.82290196418762,86.8141279220581,143.42723178863525,195.8663308620453,205.18354201316833,103.11924624443054,90.44445610046387,52.59229612350464,53.371485233306885,53.68201303482056,87.3921959400177,74.73838591575623,92.34137296676636,98.28557991981506,53.133519887924194,57.92635202407837,69.67693376541138,196.5917558670044,81.26520991325378,71.00574588775635,114.9884979724884,78.97770309448242,96.04407978057861,101.20831942558289,53.440672874450684,96.55807399749756,54.129149198532104,112.0087354183197,53.15748882293701,52.538881063461304,57.573060750961304,78.35988092422485
DBLP	GG	52.22337102890015,52.47935891151428,69.05784702301025,120.1632912158966,79.21719598770142,52.36766505241394,51.85719609260559,78.2037742137909,51.64011883735657,79.71177291870117,108.46131420135498,75.97131299972534,51.89559817314148,52.80577111244202,60.7396399974823,63.2970929145813,122.17601585388184,63.85348200798035,65.708251953125,134.5374219417572,59.46911835670471,52.96305298805237,54.641196966171265,103.72466397285461,86.26988005638123,90.85752296447754,98.21757006645203,52.6056547164917,52.26100397109985,53.03529214859009,94.74421095848083,52.25039887428284,52.106866121292114,51.72269916534424,51.82392692565918,100.27052092552185,86.06709384918213,52.07294487953186,53.03157877922058,112.69880294799805,54.78963804244995,52.39167094230652,52.38165616989136,94.1631269454956,52.67513990402222,52.70246767997742,76.03726482391357,70.49645161628723,58.46358513832092,52.55760478973389
DBLP	GG2	52.22337102890015,52.47935891151428,69.05784702301025,120.1632912158966,79.21719598770142,52.36766505241394,51.85719609260559,78.2037742137909,51.64011883735657,79.71177291870117,108.46131420135498,75.97131299972534,51.89559817314148,52.80577111244202,60.7396399974823,63.2970929145813,122.17601585388184,63.85348200798035,65.708251953125,134.5374219417572,59.46911835670471,52.96305298805237,54.641196966171265,103.72466397285461,86.26988005638123,90.85752296447754,98.21757006645203,52.6056547164917,52.26100397109985,53.03529214859009,94.74421095848083,52.25039887428284,52.106866121292114,51.72269916534424,51.82392692565918,100.27052092552185,86.06709384918213,52.07294487953186,53.03157877922058,112.69880294799805,54.78963804244995,52.39167094230652,52.38165616989136,94.1631269454956,52.67513990402222,52.70246767997742,76.03726482391357,70.49645161628723,58.46358513832092,52.55760478973389
EAT	GEE	2.8262219429016113,2.6300549507141113,2.633759021759033,2.616635322570801,2.612149953842163,2.6573591232299805,2.693598985671997,2.736150026321411,2.7445030212402344,2.6619293689727783,2.671342134475708,2.652174949645996,2.644711971282959,2.6330039501190186,2.756237030029297,2.6390318870544434,2.6262147426605225,2.617307186126709,2.7357141971588135,2.63098406791687,2.6212449073791504,2.609996795654297,2.6195437908172607,2.607887029647827,2.6158998012542725,2.6124050617218018,2.6302130222320557,2.7330870628356934,2.658565044403076,2.6196670532226562,2.6121768951416016,2.6232059001922607,2.634140968322754,2.6180920600891113,2.6074328422546387,2.6084952354431152,2.6201682090759277,2.655545949935913,2.04005765914917,2.624239206314087,2.7345030307769775,2.625415802001953,2.6517300605773926,2.65486216545105,2.6659209728240967,2.6818811893463135,2.6829397678375244,2.6916778087615967,2.7157392501831055,2.680293083190918
EAT	GNN	4.568188905715942,4.391489028930664,4.487441301345825,4.41970682144165,4.508573770523071,4.7686238288879395,4.682729005813599,4.578066349029541,4.519658327102661,4.469101190567017,4.4877331256866455,4.4948890209198,4.760972738265991,4.452562093734741,5.429668188095093,4.52128005027771,4.470273733139038,6.9544219970703125,4.488340139389038,4.4200122356414795,4.466353893280029,4.504253149032593,4.412980079650879,4.483774185180664,4.45762300491333,4.421342134475708,4.432027816772461,4.493525981903076,4.50422215461731,5.474273920059204,4.453473091125488,4.574854135513306,4.439558744430542,4.452348947525024,4.429816961288452,4.933163166046143,4.48369288444519,4.48558783531189,4.486047267913818,4.504077672958374,4.469860076904297,4.470881223678589,4.491193056106567,4.442502021789551,4.581126928329468,4.485044956207275,5.469511032104492,5.19874119758606,4.806323289871216,4.518256902694702
EAT	GG	4.61078405380249,4.29366397857666,4.372782945632935,4.997986078262329,4.509736061096191,4.573038101196289,4.585101842880249,4.481325149536133,4.558115005493164,4.566296100616455,4.4183080196380615,4.435516834259033,4.371960878372192,4.405335903167725,4.452688694000244,4.3933868408203125,4.442970037460327,4.395159006118774,4.428268671035767,4.399610280990601,4.380468845367432,4.433526039123535,5.09061074256897,4.4603471755981445,4.498163938522339,4.390567064285278,4.4037089347839355,4.402637958526611,4.4462950229644775,4.419343709945679,4.405731916427612,4.465853214263916,4.4003331661224365,4.399349927902222,4.38196587562561,4.512976169586182,4.566029787063599,4.4366888999938965,4.4371337890625,6.782963275909424,4.512912273406982,4.396409034729004,4.483157157897949,4.364197254180908,4.448501110076904,4.480479955673218,4.651654005050659,4.440716981887817,4.591000080108643,4.460036754608154
EAT	GG2	4.61078405380249,4.29366397857666,4.372782945632935,4.997986078262329,4.509736061096191,4.573038101196289,4.585101842880249,4.481325149536133,4.558115005493164,4.566296100616455,4.4183080196380615,4.435516834259033,4.371960878372192,4.405335903167725,4.452688694000244,4.3933868408203125,4.442970037460327,4.395159006118774,4.428268671035767,4.399610280990601,4.380468845367432,4.433526039123535,5.09061074256897,4.4603471755981445,4.498163938522339,4.390567064285278,4.4037089347839355,4.402637958526611,4.4462950229644775,4.419343709945679,4.405731916427612,4.465853214263916,4.4003331661224365,4.399349927902222,4.38196587562561,4.512976169586182,4.566029787063599,4.4366888999938965,4.4371337890625,6.782963275909424,4.512912273406982,4.396409034729004,4.483157157897949,4.364197254180908,4.448501110076904,4.480479955673218,4.651654005050659,4.440716981887817,4.591000080108643,4.460036754608154
UAT	GEE	5.673699140548706,5.834780931472778,5.89711594581604,6.009490013122559,5.895580768585205,5.879066228866577,5.8561248779296875,5.91678786277771,5.877149820327759,5.8799450397491455,5.9500908851623535,5.793802976608276,5.7778918743133545,5.977350950241089,5.982422113418579,6.031792163848877,5.899284362792969,5.887577056884766,5.9044458866119385,5.9085612297058105,5.8936262130737305,5.876497745513916,5.957988262176514,5.899364948272705,5.903663873672485,5.969266891479492,5.919739723205566,5.950592994689941,5.837969064712524,5.860415935516357,5.900659084320068,5.873889923095703,5.845229864120483,5.851807117462158,5.862279176712036,5.872387170791626,5.867933034896851,5.873226165771484,5.866262912750244,5.875606060028076,5.880431175231934,5.93155312538147,6.00299596786499,5.868036270141602,5.901864051818848,5.897904872894287,5.837274074554443,5.934707164764404,5.889122724533081,5.959153175354004
UAT	GNN	11.279676914215088,11.622906923294067,11.29102611541748,11.740432977676392,11.49699091911316,11.605107069015503,11.739542961120605,11.622391939163208,12.994549036026001,11.556142091751099,11.707361936569214,11.972393035888672,11.653716087341309,11.860901832580566,12.29869294166565,11.75705599784851,11.70457911491394,11.741757869720459,12.026742935180664,11.86867618560791,11.748486280441284,11.666367053985596,11.610527038574219,11.99907398223877,11.94188117980957,11.965869665145874,11.67996335029602,11.84909701347351,12.054459810256958,11.635387897491455,11.60331416130066,11.533290147781372,11.442206144332886,11.937116861343384,11.946096897125244,11.861707210540771,11.847577095031738,11.79899787902832,11.86248779296875,11.796313047409058,12.039005994796753,11.945005655288696,11.947918176651001,11.909134149551392,11.85363507270813,11.903189897537231,11.75914192199707,12.230403184890747,11.796028137207031,22.006793975830078
UAT	GG	11.222673177719116,11.248564958572388,11.218755006790161,11.325518131256104,11.367454051971436,11.370015144348145,11.738715171813965,11.520582675933838,11.538421154022217,11.543780088424683,15.775467157363892,12.191422939300537,15.59467887878418,11.533566951751709,11.498414039611816,11.59758472442627,11.806830167770386,11.604917049407959,11.743886232376099,12.510787010192871,11.710630178451538,11.455178022384644,11.532702922821045,11.791223764419556,11.772501945495605,24.222412824630737,22.350337028503418,11.604724884033203,13.947461128234863,11.711116790771484,11.684314012527466,11.820720195770264,11.379781723022461,11.620797872543335,11.57900094985962,11.511784791946411,11.687373161315918,11.715829133987427,11.9120352268219,11.768370866775513,11.636164665222168,12.052750825881958,11.93064022064209,12.221706867218018,11.918816089630127,11.977697134017944,11.88550877571106,11.701236963272095,11.802634000778198,11.778351068496704
UAT	GG2	11.222673177719116,11.248564958572388,11.218755006790161,11.325518131256104,11.367454051971436,11.370015144348145,11.738715171813965,11.520582675933838,11.538421154022217,11.543780088424683,15.775467157363892,12.191422939300537,15.59467887878418,11.533566951751709,11.498414039611816,11.59758472442627,11.806830167770386,11.604917049407959,11.743886232376099,12.510787010192871,11.710630178451538,11.455178022384644,11.532702922821045,11.791223764419556,11.772501945495605,24.222412824630737,22.350337028503418,11.604724884033203,13.947461128234863,11.711116790771484,11.684314012527466,11.820720195770264,11.379781723022461,11.620797872543335,11.57900094985962,11.511784791946411,11.687373161315918,11.715829133987427,11.9120352268219,11.768370866775513,11.636164665222168,12.052750825881958,11.93064022064209,12.221706867218018,11.918816089630127,11.977697134017944,11.88550877571106,11.701236963272095,11.802634000778198,11.778351068496704
Wiki	GEE	7.502579927444458,7.790176153182983,7.502577781677246,6.970207929611206,7.014963150024414,7.048134088516235,6.9997758865356445,7.048382759094238,6.978352069854736,7.113591909408569,6.982576847076416,6.993300914764404,7.006572008132935,7.049476146697998,7.037631988525391,7.015830993652344,7.1982738971710205,7.092320919036865,7.024677038192749,6.978934049606323,7.010743141174316,6.969160318374634,7.060890197753906,6.994417190551758,7.017503976821899,7.046871185302734,6.997221231460571,6.9320290088653564,6.997529745101929,7.0076799392700195,6.953660011291504,7.3957648277282715,6.994499206542969,7.026472091674805,7.098512172698975,6.958572864532471,7.089701175689697,6.9908857345581055,6.9970808029174805,7.02130913734436,6.973419904708862,7.002330780029297,7.067694902420044,7.0761706829071045,6.975866079330444,6.997766017913818,6.979547023773193,6.983290195465088,7.015998840332031,6.990204095840454
Wiki	GNN	104.9457459449768,46.94781804084778,155.90472102165222,144.34452986717224,144.97283577919006,95.81679606437683,112.741938829422,99.75467801094055,87.67295527458191,47.09198808670044,151.4502682685852,68.72718620300293,61.32423496246338,76.11066794395447,127.37440991401672,50.33779716491699,63.67263698577881,139.91955995559692,109.59762191772461,70.40368008613586,70.93762803077698,79.61749792098999,153.59014081954956,74.59357070922852,119.84376907348633,127.11955308914185,144.77322506904602,113.39180517196655,140.11203932762146,110.21382713317871,74.80034899711609,144.19385981559753,103.7206883430481,70.25458025932312,74.40486979484558,80.28386402130127,74.94146609306335,126.63387203216553,149.6942253112793,61.1874098777771,110.86990594863892,94.023277759552,164.15725588798523,92.38484501838684,107.27089715003967,83.26187586784363,55.515116930007935,120.97780394554138,158.44969725608826,188.9133551120758
Wiki	GG	54.720698833465576,56.06192088127136,113.05586194992065,92.98871898651123,39.19801187515259,64.4825930595398,74.35106992721558,49.396244287490845,73.43636202812195,120.43804216384888,41.575846910476685,84.62452602386475,36.58352065086365,36.49934697151184,100.07458090782166,74.75969195365906,36.20459699630737,101.28671002388,36.609594106674194,36.64938998222351,84.4944257736206,87.38381886482239,49.73328113555908,93.95365786552429,36.776784896850586,47.53784799575806,107.18579196929932,85.67725825309753,78.13519167900085,105.08805298805237,95.69613528251648,95.26103496551514,67.95268511772156,36.66851186752319,36.97755002975464,36.20773196220398,81.66527795791626,63.10192608833313,36.393656969070435,58.43895196914673,54.02237105369568,36.35089921951294,36.917086124420166,36.73735213279724,41.05778408050537,103.76206183433533,72.39852285385132,40.2084219455719,78.135488986969,48.73743391036987
Wiki	GG2	54.720698833465576,56.06192088127136,113.05586194992065,92.98871898651123,39.19801187515259,64.4825930595398,74.35106992721558,49.396244287490845,73.43636202812195,120.43804216384888,41.575846910476685,84.62452602386475,36.58352065086365,36.49934697151184,100.07458090782166,74.75969195365906,36.20459699630737,101.28671002388,36.609594106674194,36.64938998222351,84.4944257736206,87.38381886482239,49.73328113555908,93.95365786552429,36.776784896850586,47.53784799575806,107.18579196929932,85.67725825309753,78.13519167900085,105.08805298805237,95.69613528251648,95.26103496551514,67.95268511772156,36.66851186752319,36.97755002975464,36.20773196220398,81.66527795791626,63.10192608833313,36.393656969070435,58.43895196914673,54.02237105369568,36.35089921951294,36.917086124420166,36.73735213279724,41.05778408050537,103.76206183433533,72.39852285385132,40.2084219455719,78.135488986969,48.73743391036987
email	GEE	8.261071920394897,8.072045087814331,8.063724040985107,8.199651002883911,8.086641073226929,8.084265947341919,8.060021877288818,8.161581993103027,8.15962028503418,8.105272769927979,8.146502256393433,8.290045022964478,8.073045015335083,8.07564401626587,8.106444120407104,8.087777853012085,8.15233302116394,8.125257015228271,8.167870283126831,8.06215500831604,8.060825824737549,8.28118896484375,8.313814878463745,8.116078853607178,8.25615406036377,8.307622909545898,8.170292139053345,8.186668872833252,8.24067211151123,8.283958196640015,8.410062789916992,8.36041808128357,8.25063180923462,8.26987099647522,8.303439855575562,8.316471576690674,8.278738975524902,8.280608892440796,8.62048625946045,8.25297999382019,8.227452754974365,8.447947025299072,8.201360702514648,8.246394157409668,8.718696355819702,8.581110000610352,8.555289268493652,8.297317028045654,9.22422194480896,8.538713216781616
email	GNN	27.054617881774902,28.029598236083984,27.219329833984375,27.31409001350403,27.123319149017334,30.699729919433594,27.834943056106567,27.691770315170288,27.526672840118408,28.26731300354004,27.42770218849182,27.325010299682617,27.43181610107422,30.36557126045227,31.99759316444397,29.79369616508484,27.479125022888184,34.314860820770264,27.41764497756958,31.514212131500244,27.18408989906311,29.053065061569214,29.664847135543823,27.35555410385132,35.28076910972595,27.398702144622803,28.20912480354309,32.32693815231323,30.76403021812439,27.832205057144165,42.82333183288574,27.793824911117554,27.82748293876648,28.00331687927246,29.37478995323181,32.15415692329407,27.766749382019043,27.991216897964478,28.16459584236145,29.195370197296143,29.588757038116455,27.525691747665405,31.76724123954773,28.658709049224854,33.05808401107788,34.79332780838013,27.93127703666687,27.57146406173706,29.404794931411743,29.10784101486206
email	GG	26.7568461894989,30.37065315246582,26.686074256896973,27.016029834747314,26.945061922073364,36.10155391693115,27.166558027267456,27.064663887023926,27.204663038253784,27.172780752182007,26.862540006637573,27.196890830993652,27.283464908599854,34.867181062698364,27.124130964279175,27.38115882873535,26.8958740234375,26.82610583305359,27.291357278823853,27.066566944122314,28.479990005493164,27.21608805656433,27.046276092529297,26.90575885772705,33.96153402328491,28.582310914993286,27.0878689289093,27.591111183166504,27.480084896087646,27.368412971496582,31.584857940673828,27.504153966903687,27.330018043518066,27.470275163650513,27.956680297851562,27.2207190990448,27.463783740997314,29.296746969223022,27.086851119995117,26.89778184890747,27.827362060546875,27.097461938858032,27.546720027923584,28.473939180374146,31.37165904045105,28.578476667404175,27.233856916427612,30.02492117881775,28.766358137130737,30.15304923057556
email	GG2	26.7568461894989,30.37065315246582,26.686074256896973,27.016029834747314,26.945061922073364,36.10155391693115,27.166558027267456,27.064663887023926,27.204663038253784,27.172780752182007,26.862540006637573,27.196890830993652,27.283464908599854,34.867181062698364,27.124130964279175,27.38115882873535,26.8958740234375,26.82610583305359,27.291357278823853,27.066566944122314,28.479990005493164,27.21608805656433,27.046276092529297,26.90575885772705,33.96153402328491,28.582310914993286,27.0878689289093,27.591111183166504,27.480084896087646,27.368412971496582,31.584857940673828,27.504153966903687,27.330018043518066,27.470275163650513,27.956680297851562,27.2207190990448,27.463783740997314,29.296746969223022,27.086851119995117,26.89778184890747,27.827362060546875,27.097461938858032,27.546720027923584,28.473939180374146,31.37165904045105,28.578476667404175,27.233856916427612,30.02492117881775,28.766358137130737,30.15304923057556
Gene	GEE	1.3298959732055664,1.4278810024261475,1.2237319946289062,1.2038090229034424,1.2093970775604248,1.1948091983795166,1.2097809314727783,1.2851901054382324,1.379852056503296,1.4830708503723145,1.3736000061035156,1.3032469749450684,1.2965679168701172,1.3721990585327148,1.267819881439209,1.2745928764343262,1.2350740432739258,1.251796007156372,1.3933093547821045,1.3019211292266846,1.420809030532837,1.3052141666412354,1.2962210178375244,1.2776641845703125,1.2889001369476318,1.288543939590454,1.3069038391113281,1.2717761993408203,1.2404448986053467,1.2507140636444092,1.2490239143371582,1.2690320014953613,1.4461209774017334,1.325084924697876,1.3383450508117676,1.3280839920043945,1.347519874572754,1.3461382389068604,1.3077349662780762,1.3326711654663086,1.3077728748321533,1.3149712085723877,1.3147761821746826,1.3217999935150146,1.449761152267456,1.3049371242523193,1.303835153579712,1.3089659214019775,1.3737449645996094,1.3070111274719238
Gene	GNN	12.021131992340088,7.757639169692993,6.507225036621094,7.750302076339722,6.450960159301758,6.676519870758057,7.3447980880737305,8.570113182067871,9.081057071685791,8.614593029022217,8.221537113189697,6.967286109924316,7.551862001419067,14.27277684211731,6.9195029735565186,7.066733121871948,7.28686785697937,9.020843982696533,6.821696043014526,7.563241004943848,8.87829303741455,10.800220966339111,7.294079780578613,7.347143888473511,7.41353178024292,7.899574041366577,7.605401992797852,7.46769905090332,6.956151962280273,6.965850114822388,7.1339592933654785,8.8314790725708,8.947028875350952,7.78127908706665,7.636162042617798,7.666658639907837,8.117496013641357,11.41769027709961,7.880273103713989,8.507669925689697,7.709165096282959,7.917540073394775,7.741122007369995,7.652952671051025,7.6481029987335205,7.830022811889648,7.6655707359313965,9.618566036224365,14.35981011390686,15.092688798904419
Gene	GG	6.804712295532227,7.102622985839844,6.9096009731292725,10.923654079437256,7.225491762161255,7.114213943481445,8.263421058654785,8.899516820907593,8.295774936676025,10.044730186462402,9.44473910331726,7.208153009414673,6.8830859661102295,7.28678297996521,7.229808807373047,7.273632049560547,7.015368938446045,6.949237108230591,7.3534181118011475,7.882311820983887,7.412313938140869,10.993604898452759,8.71458888053894,8.036401987075806,7.5304811000823975,7.5732152462005615,7.493657112121582,7.182394027709961,7.149906158447266,6.944255113601685,9.97032618522644,7.846540927886963,7.712576150894165,7.835060119628906,7.801455974578857,7.8159239292144775,7.637817859649658,7.640388011932373,7.729671955108643,7.669218063354492,7.952290058135986,7.951537132263184,7.887098789215088,7.732738018035889,7.7265400886535645,7.635521173477173,7.7612481117248535,7.833215951919556,7.92799711227417,7.803877115249634
Gene	GG2	6.804712295532227,7.102622985839844,6.9096009731292725,10.923654079437256,7.225491762161255,7.114213943481445,8.263421058654785,8.899516820907593,8.295774936676025,10.044730186462402,9.44473910331726,7.208153009414673,6.8830859661102295,7.28678297996521,7.229808807373047,7.273632049560547,7.015368938446045,6.949237108230591,7.3534181118011475,7.882311820983887,7.412313938140869,10.993604898452759,8.71458888053894,8.036401987075806,7.5304811000823975,7.5732152462005615,7.493657112121582,7.182394027709961,7.149906158447266,6.944255113601685,9.97032618522644,7.846540927886963,7.712576150894165,7.835060119628906,7.801455974578857,7.8159239292144775,7.637817859649658,7.640388011932373,7.729671955108643,7.669218063354492,7.952290058135986,7.951537132263184,7.887098789215088,7.732738018035889,7.7265400886535645,7.635521173477173,7.7612481117248535,7.833215951919556,7.92799711227417,7.803877115249634
IIP	GEE	0.6711499691009521,0.6212401390075684,0.6203851699829102,0.6264500617980957,0.620175838470459,0.6184828281402588,0.620697021484375,0.6198770999908447,0.6155810356140137,0.6257240772247314,0.62339186668396,0.6093189716339111,0.6055889129638672,0.5830988883972168,0.5758688449859619,0.5722301006317139,0.570659875869751,0.5638108253479004,0.5691571235656738,0.556084156036377,0.5490481853485107,0.5363199710845947,0.5459849834442139,0.5454189777374268,0.5372238159179688,0.538020133972168,0.5442979335784912,0.5346131324768066,0.5367269515991211,0.5386350154876709,0.534520149230957,0.5357489585876465,0.5328912734985352,0.5394878387451172,0.5386340618133545,0.5325210094451904,0.5345990657806396,0.5387039184570312,0.5411069393157959,0.5410928726196289,0.5351190567016602,0.532191276550293,0.538703203201294,0.542884111404419,0.5363709926605225,0.544975757598877,0.5303239822387695,0.5403258800506592,0.5401818752288818,0.5512299537658691
IIP	GNN	2.9964888095855713,3.1292970180511475,3.2242980003356934,3.1235029697418213,2.8136119842529297,2.9793248176574707,2.788569927215576,2.808964252471924,3.4569151401519775,2.890288829803467,4.454537868499756,2.9720818996429443,2.806421995162964,3.3796401023864746,2.539238929748535,2.527617931365967,2.661094903945923,2.4748992919921875,2.49584698677063,2.606049060821533,2.9609129428863525,2.462451219558716,2.846054792404175,2.4624671936035156,3.4987502098083496,3.4614410400390625,3.166948080062866,2.4209022521972656,2.4395499229431152,2.438685894012451,2.4195010662078857,2.492629051208496,2.585261821746826,2.4444642066955566,2.43141508102417,3.4166529178619385,2.443837881088257,2.4402451515197754,2.4775819778442383,2.426657199859619,2.4636800289154053,3.1518540382385254,2.580857038497925,2.548067092895508,2.4544899463653564,2.761484146118164,3.5264649391174316,2.4440340995788574,2.4540998935699463,2.550105094909668
IIP	GG	2.9137909412384033,2.8430492877960205,2.8353753089904785,2.917760133743286,4.097429990768433,6.827008962631226,2.7854530811309814,2.8008739948272705,2.8507819175720215,2.8002021312713623,3.125586986541748,2.7820229530334473,6.8607800006866455,2.6774978637695312,2.69059681892395,2.907623052597046,2.6513471603393555,2.898322820663452,2.4767730236053467,2.4533398151397705,3.4329967498779297,2.4480199813842773,2.6163430213928223,2.4288151264190674,2.4266538619995117,2.5729191303253174,2.4067249298095703,2.519397020339966,4.489049911499023,2.41202974319458,2.418921947479248,2.5773119926452637,2.5928850173950195,2.4135689735412598,2.3989241123199463,2.5428409576416016,2.4152398109436035,3.730394124984741,2.5473926067352295,2.406680107116699,3.6026740074157715,2.974123001098633,3.1598289012908936,2.445013999938965,2.4266018867492676,2.4394702911376953,2.4491238594055176,2.442408800125122,2.591871976852417,2.900803804397583
IIP	GG2	2.9137909412384033,2.8430492877960205,2.8353753089904785,2.917760133743286,4.097429990768433,6.827008962631226,2.7854530811309814,2.8008739948272705,2.8507819175720215,2.8002021312713623,3.125586986541748,2.7820229530334473,6.8607800006866455,2.6774978637695312,2.69059681892395,2.907623052597046,2.6513471603393555,2.898322820663452,2.4767730236053467,2.4533398151397705,3.4329967498779297,2.4480199813842773,2.6163430213928223,2.4288151264190674,2.4266538619995117,2.5729191303253174,2.4067249298095703,2.519397020339966,4.489049911499023,2.41202974319458,2.418921947479248,2.5773119926452637,2.5928850173950195,2.4135689735412598,2.3989241123199463,2.5428409576416016,2.4152398109436035,3.730394124984741,2.5473926067352295,2.406680107116699,3.6026740074157715,2.974123001098633,3.1598289012908936,2.445013999938965,2.4266018867492676,2.4394702911376953,2.4491238594055176,2.442408800125122,2.591871976852417,2.900803804397583
lastfm	GEE	15.315392017364502,13.29935097694397,14.226080894470215,14.109658002853394,13.966778993606567,13.986983060836792,13.938392877578735,13.89421272277832,13.790865898132324,13.931877851486206,14.076983213424683,13.860460042953491,13.868216753005981,13.845407962799072,13.679720401763916,13.86460018157959,13.940861225128174,13.751515865325928,13.71399998664856,13.91064977645874,13.859837770462036,15.168086051940918,15.25334095954895,14.451070070266724,13.892324209213257,13.90047287940979,13.881963968276978,14.188017845153809,14.06431794166565,14.09571099281311,14.053938150405884,14.106013298034668,14.135180950164795,14.240821123123169,14.187594890594482,14.029727935791016,14.101503133773804,14.303281784057617,14.406961917877197,14.205155849456787,14.3453209400177,14.393020153045654,14.373445987701416,14.605880975723267,14.356405973434448,14.497484922409058,14.21797490119934,14.413280010223389,14.416111707687378,14.815086841583252
lastfm	GNN	845.1578879356384,1279.8792088031769,588.9271669387817,978.3538107872009,1613.9440729618073,531.2880749702454,631.6809768676758,620.3971877098083,602.2142779827118,664.964380979538,579.4193358421326,845.5024878978729,744.6999390125275,638.765969991684,1334.1603260040283,369.3881242275238,487.54161500930786,840.6377949714661,412.9793949127197,365.8804438114166,1114.4407351016998,704.3490850925446,1200.452926158905,1133.7471151351929,1535.3090658187866,768.273686170578,456.09951996803284,377.9544417858124,591.201887845993,459.2384560108185,541.7921190261841,457.37677478790283,628.3022012710571,474.06987500190735,461.76846385002136,601.0878229141235,1035.917757987976,621.1732099056244,1189.7798669338226,635.2683689594269,1433.2360670566559,731.3918409347534,1261.411387681961,533.1345977783203,596.059191942215,775.7143368721008,1592.5606689453125,543.7550120353699,797.7559239864349,749.3714928627014
lastfm	GG	756.405277967453,449.7738296985626,1129.953468799591,589.1542789936066,363.9080159664154,295.26376700401306,717.5323550701141,283.75453305244446,414.5254259109497,398.27827405929565,343.6534299850464,440.5799050331116,282.98049092292786,426.7129747867584,327.29013085365295,444.1737051010132,279.03933596611023,308.41560912132263,570.8756899833679,559.6967098712921,322.42382407188416,290.4576299190521,630.7727861404419,442.99228501319885,1002.4507660865784,270.21843123435974,951.4338631629944,520.7261369228363,460.7603418827057,585.1949791908264,668.3901212215424,272.3474361896515,272.20912313461304,394.76778507232666,880.1652810573578,502.2146739959717,278.5277271270752,319.9304268360138,446.18305587768555,277.9568500518799,385.91889095306396,278.6646342277527,355.86653685569763,805.1635990142822,392.20950198173523,653.0484490394592,278.82182002067566,365.90190601348877,685.1066689491272,334.6257779598236
lastfm	GG2	756.405277967453,449.7738296985626,1129.953468799591,589.1542789936066,363.9080159664154,295.26376700401306,717.5323550701141,283.75453305244446,414.5254259109497,398.27827405929565,343.6534299850464,440.5799050331116,282.98049092292786,426.7129747867584,327.29013085365295,444.1737051010132,279.03933596611023,308.41560912132263,570.8756899833679,559.6967098712921,322.42382407188416,290.4576299190521,630.7727861404419,442.99228501319885,1002.4507660865784,270.21843123435974,951.4338631629944,520.7261369228363,460.7603418827057,585.1949791908264,668.3901212215424,272.3474361896515,272.20912313461304,394.76778507232666,880.1652810573578,502.2146739959717,278.5277271270752,319.9304268360138,446.18305587768555,277.9568500518799,385.91889095306396,278.6646342277527,355.86653685569763,805.1635990142822,392.20950198173523,653.0484490394592,278.82182002067566,365.90190601348877,685.1066689491272,334.6257779598236
polblogs	GEE	5.281543970108032,5.83883810043335,6.118466138839722,6.019981145858765,6.053128957748413,6.069547891616821,6.45743989944458,7.102854251861572,7.444070339202881,7.337331771850586,7.096995115280151,7.038308143615723,5.485497951507568,6.8676159381866455,6.84974479675293,6.733547925949097,6.730181932449341,6.660691261291504,6.812700986862183,7.069111108779907,7.019365310668945,7.034318208694458,6.9993016719818115,6.982372045516968,6.885461091995239,6.873652935028076,6.906834125518799,6.864901781082153,6.848055124282837,6.8951380252838135,6.8513710498809814,6.887392997741699,6.860145807266235,5.3518102169036865,6.840476036071777,6.791309118270874,5.362120866775513,6.844005823135376,6.836570739746094,5.690974950790405,6.824944972991943,6.872122049331665,7.0464959144592285,5.4988789558410645,6.929051876068115,6.869556188583374,6.8891730308532715,7.023362159729004,6.928103923797607,6.818051815032959
polblogs	GNN	13.453446865081787,12.752346992492676,9.63987684249878,16.915974140167236,9.621902227401733,21.47930383682251,11.618713140487671,19.895865201950073,11.890877962112427,24.47104001045227,27.376154899597168,13.23786211013794,36.65664839744568,31.958364725112915,17.30879282951355,10.839084148406982,16.69005799293518,13.058331966400146,33.939149141311646,18.15185308456421,14.448745965957642,13.4879789352417,14.965343952178955,30.998778820037842,11.402065992355347,13.521440982818604,12.59123182296753,12.765675067901611,15.066297054290771,15.021350860595703,16.273546934127808,22.22009587287903,22.453210830688477,14.286568880081177,12.185003995895386,10.294745206832886,24.876569032669067,34.44760799407959,16.085889101028442,22.60408902168274,15.601089000701904,16.33461093902588,16.303854942321777,23.00864291191101,10.319978952407837,11.514958143234253,16.148030757904053,11.316347122192383,17.606350898742676,14.242285013198853
polblogs	GG	9.174253940582275,9.53237009048462,9.507818937301636,9.611427068710327,9.56837511062622,9.755229949951172,11.1704261302948,10.647757768630981,10.70936393737793,10.503773927688599,10.416664123535156,10.413122177124023,10.359826803207397,10.311667919158936,10.221692323684692,10.220947027206421,10.118865251541138,10.175221920013428,10.47649097442627,10.523584127426147,10.451607704162598,10.555875062942505,10.368581771850586,10.508515119552612,10.432233095169067,10.33461594581604,10.275520086288452,10.32476019859314,10.357024908065796,10.354459762573242,10.372198820114136,10.315117120742798,10.328283071517944,10.333824157714844,10.291759252548218,12.91383695602417,10.344696998596191,10.279651165008545,10.363437175750732,10.40502381324768,10.40107011795044,10.441222906112671,10.414533853530884,10.342188119888306,13.436185121536255,10.28158688545227,10.45558786392212,10.291768074035645,10.302749872207642,10.298269033432007
polblogs	GG2	9.174253940582275,9.53237009048462,9.507818937301636,9.611427068710327,9.56837511062622,9.755229949951172,11.1704261302948,10.647757768630981,10.70936393737793,10.503773927688599,10.416664123535156,10.413122177124023,10.359826803207397,10.311667919158936,10.221692323684692,10.220947027206421,10.118865251541138,10.175221920013428,10.47649097442627,10.523584127426147,10.451607704162598,10.555875062942505,10.368581771850586,10.508515119552612,10.432233095169067,10.33461594581604,10.275520086288452,10.32476019859314,10.357024908065796,10.354459762573242,10.372198820114136,10.315117120742798,10.328283071517944,10.333824157714844,10.291759252548218,12.91383695602417,10.344696998596191,10.279651165008545,10.363437175750732,10.40502381324768,10.40107011795044,10.441222906112671,10.414533853530884,10.342188119888306,13.436185121536255,10.28158688545227,10.45558786392212,10.291768074035645,10.302749872207642,10.298269033432007
TerroristRel	GEE	2.078150987625122,2.855977773666382,0.652601957321167,1.3347232341766357,2.9092259407043457,2.971306085586548,2.2259771823883057,3.0397679805755615,2.9534189701080322,1.4424669742584229,3.720832109451294,2.904999256134033,2.1068849563598633,1.3380520343780518,1.2923688888549805,2.9258389472961426,3.7061760425567627,2.967855930328369,2.106982946395874,2.1175730228424072,1.3161993026733398,2.9404561519622803,2.893123149871826,2.197265148162842,3.7142326831817627,2.0993778705596924,3.6697731018066406,2.877362012863159,2.9029970169067383,2.873893976211548,2.0842440128326416,1.2894721031188965,2.0754990577697754,3.7148709297180176,2.211405038833618,3.7211697101593018,2.0870869159698486,2.935089111328125,2.952507972717285,2.1546456813812256,3.7572829723358154,2.1812222003936768,2.0666890144348145,2.118891954421997,2.1241390705108643,2.9504709243774414,2.885049819946289,2.107225179672241,2.8891139030456543,2.2190539836883545
TerroristRel	GNN	7.5011067390441895,7.39966893196106,7.508304834365845,10.99725604057312,7.422215938568115,7.589960336685181,7.611660003662109,7.528398036956787,7.405333995819092,7.334391117095947,7.530548810958862,7.440624952316284,7.451063632965088,7.456988096237183,7.473857164382935,7.4791200160980225,18.038869857788086,7.468267202377319,7.440264940261841,7.483258962631226,9.100625276565552,7.431366205215454,7.464691877365112,10.295217037200928,7.433449983596802,7.453082799911499,7.519227027893066,7.460958003997803,7.415093660354614,7.448374032974243,7.460116386413574,7.513244867324829,7.462170839309692,7.40914511680603,7.49852180480957,7.489450216293335,7.501574993133545,7.481865882873535,7.437829971313477,7.554143905639648,7.378775119781494,7.5332300662994385,7.416184186935425,7.484184265136719,7.484798192977905,7.407995939254761,7.437974691390991,8.612835168838501,7.4928810596466064,7.536841869354248
TerroristRel	GG	7.3521058559417725,7.3752758502960205,7.368542909622192,7.369910001754761,8.460930824279785,7.380234956741333,7.383396863937378,8.877596855163574,7.365894079208374,7.392819881439209,11.822566747665405,7.414846897125244,7.378414154052734,7.425694942474365,7.37090802192688,7.42009711265564,7.551875829696655,7.410490036010742,10.613487958908081,7.415334939956665,7.383803129196167,7.816224098205566,7.471981763839722,7.444604873657227,7.448064088821411,7.368997097015381,7.349667072296143,15.297141075134277,7.600687026977539,8.825916051864624,7.35785698890686,7.420478343963623,7.374125003814697,7.414547920227051,7.355023145675659,7.458449840545654,7.345036029815674,7.348345041275024,7.410914182662964,7.381730079650879,7.457754850387573,7.351927042007446,8.44126296043396,7.369025707244873,7.424551248550415,7.4813690185546875,7.362315893173218,8.184002161026001,7.366664886474609,7.400014877319336
TerroristRel	GG2	7.3521058559417725,7.3752758502960205,7.368542909622192,7.369910001754761,8.460930824279785,7.380234956741333,7.383396863937378,8.877596855163574,7.365894079208374,7.392819881439209,11.822566747665405,7.414846897125244,7.378414154052734,7.425694942474365,7.37090802192688,7.42009711265564,7.551875829696655,7.410490036010742,10.613487958908081,7.415334939956665,7.383803129196167,7.816224098205566,7.471981763839722,7.444604873657227,7.448064088821411,7.368997097015381,7.349667072296143,15.297141075134277,7.600687026977539,8.825916051864624,7.35785698890686,7.420478343963623,7.374125003814697,7.414547920227051,7.355023145675659,7.458449840545654,7.345036029815674,7.348345041275024,7.410914182662964,7.381730079650879,7.457754850387573,7.351927042007446,8.44126296043396,7.369025707244873,7.424551248550415,7.4813690185546875,7.362315893173218,8.184002161026001,7.366664886474609,7.400014877319336
KarateClub	GEE	0.2530837059020996,0.32994604110717773,0.32758307456970215,0.3233339786529541,0.3145480155944824,0.24387288093566895,0.3163268566131592,0.25483274459838867,0.3202791213989258,0.2459578514099121,0.31146979331970215,0.3117058277130127,0.31400489807128906,0.3231320381164551,0.31366801261901855,0.31983184814453125,0.24849414825439453,0.31316709518432617,0.2469770908355713,0.3205831050872803,0.27050185203552246,0.309298038482666,0.31589603424072266,0.31543922424316406,0.31241297721862793,0.2429051399230957,0.31455516815185547,0.3204030990600586,0.3171498775482178,0.25939083099365234,0.31434082984924316,0.3123188018798828,0.312298059463501,0.3105909824371338,0.24337196350097656,0.24277687072753906,0.3154778480529785,0.2519850730895996,0.3098030090332031,0.31439900398254395,0.3142228126525879,0.31130003929138184,0.3179659843444824,0.3139369487762451,0.31554198265075684,0.31745409965515137,0.312298059463501,0.3120100498199463,0.318422794342041,0.3154442310333252
KarateClub	GNN	1.902669906616211,1.8705573081970215,1.8714470863342285,1.9875788688659668,1.8703281879425049,1.8469250202178955,1.8576939105987549,1.8640801906585693,1.8523662090301514,1.8538289070129395,1.852297067642212,1.8375558853149414,1.8350539207458496,1.8227179050445557,1.845073938369751,1.8476150035858154,1.8418049812316895,1.8239688873291016,1.8307178020477295,1.8322291374206543,1.8349671363830566,1.8472559452056885,1.840169906616211,1.8240749835968018,1.8480110168457031,1.8391337394714355,1.8344531059265137,1.8279616832733154,1.841109037399292,1.8280181884765625,1.8427698612213135,1.8387250900268555,1.8241510391235352,1.8442590236663818,1.8366620540618896,1.8316259384155273,1.8735089302062988,1.8404171466827393,1.810427188873291,1.839306354522705,1.829402208328247,1.8392150402069092,1.8295280933380127,1.8273038864135742,1.8457460403442383,1.8335528373718262,1.8171300888061523,1.8305261135101318,1.84238600730896,1.8378610610961914
KarateClub	GG	1.8938791751861572,1.8611268997192383,1.8367416858673096,0.08245110511779785,1.8617119789123535,1.8392131328582764,1.841123104095459,1.8362360000610352,1.8321709632873535,1.8309550285339355,1.8314878940582275,1.8353374004364014,1.8112668991088867,1.8421359062194824,1.8388559818267822,1.8177499771118164,1.8274660110473633,1.822920322418213,1.8152332305908203,1.8233911991119385,1.8192720413208008,1.8255279064178467,1.8177261352539062,1.8306987285614014,1.8094398975372314,1.8349699974060059,1.9325549602508545,1.8236851692199707,1.828037977218628,1.8217308521270752,1.8218398094177246,1.8301098346710205,1.8189094066619873,1.8190059661865234,1.81001877784729,1.8175742626190186,1.828941822052002,1.8336923122406006,1.830894947052002,1.8428130149841309,1.826512098312378,1.847036361694336,1.8200128078460693,1.805741786956787,1.8193399906158447,1.839198112487793,1.8310601711273193,1.8328328132629395,1.8241441249847412,1.817030906677246
KarateClub	GG2	1.8938791751861572,1.8611268997192383,1.8367416858673096,0.08245110511779785,1.8617119789123535,1.8392131328582764,1.841123104095459,1.8362360000610352,1.8321709632873535,1.8309550285339355,1.8314878940582275,1.8353374004364014,1.8112668991088867,1.8421359062194824,1.8388559818267822,1.8177499771118164,1.8274660110473633,1.822920322418213,1.8152332305908203,1.8233911991119385,1.8192720413208008,1.8255279064178467,1.8177261352539062,1.8306987285614014,1.8094398975372314,1.8349699974060059,1.9325549602508545,1.8236851692199707,1.828037977218628,1.8217308521270752,1.8218398094177246,1.8301098346710205,1.8189094066619873,1.8190059661865234,1.81001877784729,1.8175742626190186,1.828941822052002,1.8336923122406006,1.830894947052002,1.8428130149841309,1.826512098312378,1.847036361694336,1.8200128078460693,1.805741786956787,1.8193399906158447,1.839198112487793,1.8310601711273193,1.8328328132629395,1.8241441249847412,1.817030906677246
Chameleon	GEE	12.111790180206299,12.408890962600708,12.435253143310547,12.478039741516113,12.172717094421387,12.577892065048218,12.569689750671387,12.535032987594604,12.439307928085327,12.441341876983643,12.515833139419556,12.574285984039307,12.481170892715454,12.578408241271973,12.52510404586792,12.595291137695312,12.944687128067017,13.016370296478271,13.090288877487183,13.068082094192505,13.074514865875244,13.143512964248657,13.215253114700317,13.219523906707764,13.174422025680542,13.215884685516357,13.185030937194824,13.190002202987671,13.267436265945435,13.234752893447876,13.18141484260559,13.15743088722229,13.263589859008789,13.13628077507019,13.245853900909424,13.229200839996338,13.180413961410522,13.151662111282349,13.288733959197998,13.080197095870972,13.230976819992065,13.139064073562622,13.160149097442627,13.227926015853882,13.244096994400024,13.095769166946411,13.35377812385559,13.087525129318237,13.317767858505249,13.55373477935791
Chameleon	GNN	45.88667273521423,29.236509084701538,34.47546124458313,37.921016216278076,64.37956309318542,28.25753092765808,28.170578956604004,30.088176012039185,33.97915077209473,53.44158887863159,88.70508980751038,50.3481719493866,27.917430877685547,43.802011013031006,28.18684220314026,48.254934787750244,28.45922088623047,47.73818612098694,28.668417930603027,47.927528858184814,38.93279194831848,28.34639000892639,80.81554985046387,49.09015083312988,28.49486207962036,51.15303897857666,54.9326057434082,56.73782706260681,64.23856210708618,28.884809970855713,62.87564182281494,39.30968976020813,63.40000104904175,35.41481423377991,60.106342792510986,38.14703297615051,29.10100293159485,48.44273281097412,40.39797568321228,30.799034118652344,66.43773102760315,28.5796959400177,62.053712129592896,47.907758712768555,29.682156085968018,68.58572602272034,37.343355894088745,40.07585597038269,38.1241500377655,55.68748712539673
Chameleon	GG	40.163159132003784,28.09446692466736,28.380753993988037,28.416152954101562,27.343829870224,40.497567892074585,27.247241020202637,27.25279688835144,27.026436805725098,27.217339038848877,34.09220099449158,27.176485061645508,27.23048186302185,27.369877099990845,27.349390983581543,27.657907962799072,42.858402729034424,29.997244119644165,27.803661823272705,28.34980297088623,28.124600887298584,29.596651077270508,28.193948984146118,28.336589097976685,33.24378705024719,27.953333854675293,27.97673010826111,34.10605072975159,28.436002016067505,46.316202878952026,29.932547092437744,27.608958959579468,28.55237102508545,28.65428614616394,27.94269108772278,28.20679807662964,33.28428816795349,27.73303985595703,32.47108316421509,27.925612688064575,28.092896938323975,47.94652795791626,28.388080835342407,49.95289492607117,34.895894050598145,28.462779998779297,27.897923946380615,28.187365293502808,57.96286177635193,28.22346806526184
Chameleon	GG2	40.163159132003784,28.09446692466736,28.380753993988037,28.416152954101562,27.343829870224,40.497567892074585,27.247241020202637,27.25279688835144,27.026436805725098,27.217339038848877,34.09220099449158,27.176485061645508,27.23048186302185,27.369877099990845,27.349390983581543,27.657907962799072,42.858402729034424,29.997244119644165,27.803661823272705,28.34980297088623,28.124600887298584,29.596651077270508,28.193948984146118,28.336589097976685,33.24378705024719,27.953333854675293,27.97673010826111,34.10605072975159,28.436002016067505,46.316202878952026,29.932547092437744,27.608958959579468,28.55237102508545,28.65428614616394,27.94269108772278,28.20679807662964,33.28428816795349,27.73303985595703,32.47108316421509,27.925612688064575,28.092896938323975,47.94652795791626,28.388080835342407,49.95289492607117,34.895894050598145,28.462779998779297,27.897923946380615,28.187365293502808,57.96286177635193,28.22346806526184
Cora	GEE	3.452875852584839,3.4371469020843506,3.4163029193878174,3.439277172088623,3.4071731567382812,3.3839616775512695,3.4642300605773926,3.384650707244873,3.4259681701660156,3.379503011703491,3.4548637866973877,3.4257349967956543,3.3980250358581543,3.4104671478271484,3.387194871902466,3.402756929397583,3.4743406772613525,3.482247829437256,3.4022679328918457,3.3959271907806396,3.3987698554992676,3.387993097305298,3.4302730560302734,3.3791561126708984,3.4213995933532715,3.3888471126556396,3.4024429321289062,3.4010753631591797,3.3971681594848633,3.405431032180786,3.394913911819458,3.3889317512512207,3.3991799354553223,3.4288430213928223,3.4008188247680664,3.3948099613189697,3.403182029724121,3.376462697982788,3.382880210876465,3.4003899097442627,3.37004017829895,3.3610172271728516,3.3718037605285645,3.37454891204834,3.385983943939209,3.383387804031372,3.4050371646881104,3.3786020278930664,3.4033939838409424,3.2932469844818115
Cora	GNN	76.99969100952148,54.6909613609314,85.11211085319519,86.54165601730347,99.31765794754028,97.25648713111877,79.51702117919922,91.94114017486572,48.66564416885376,140.37860774993896,69.25371289253235,79.76075172424316,60.307279109954834,86.24845099449158,86.4135148525238,86.36923503875732,64.98605489730835,100.68519401550293,99.42280507087708,68.24155187606812,90.39621877670288,78.56496810913086,58.287338972091675,90.96381282806396,87.70536613464355,103.62626814842224,90.19564008712769,100.09275984764099,68.94807195663452,90.91000509262085,64.50105500221252,91.97245216369629,93.87088513374329,79.58111476898193,88.77708697319031,90.04158687591553,66.15419411659241,77.14731693267822,95.87642312049866,88.59138584136963,40.52069401741028,67.01502203941345,60.333823919296265,78.76609182357788,97.7332820892334,81.17814826965332,64.37979388237,42.32690691947937,71.3481719493866,67.57854223251343
Cora	GG	67.78331708908081,53.06356477737427,36.00893712043762,32.05847501754761,34.859421253204346,69.0958878993988,31.930205821990967,68.79380011558533,52.101969957351685,86.67289996147156,32.92528510093689,84.23179817199707,37.54021501541138,101.84604096412659,32.21473002433777,50.17344093322754,76.87772703170776,89.3535737991333,42.47982311248779,34.30610418319702,92.48098993301392,101.63675284385681,36.830007791519165,62.71537923812866,40.02981400489807,58.61316132545471,32.29694628715515,39.883925914764404,49.75834798812866,67.73320007324219,109.71637010574341,71.32762694358826,32.521122217178345,70.33121490478516,104.21789503097534,88.9393699169159,70.58923101425171,45.99968099594116,75.59797215461731,45.72046685218811,52.49508571624756,32.17595100402832,79.03909587860107,32.199225187301636,135.584969997406,32.08214998245239,75.83796811103821,32.4430878162384,31.927874088287354,45.023386001586914
Cora	GG2	67.78331708908081,53.06356477737427,36.00893712043762,32.05847501754761,34.859421253204346,69.0958878993988,31.930205821990967,68.79380011558533,52.101969957351685,86.67289996147156,32.92528510093689,84.23179817199707,37.54021501541138,101.84604096412659,32.21473002433777,50.17344093322754,76.87772703170776,89.3535737991333,42.47982311248779,34.30610418319702,92.48098993301392,101.63675284385681,36.830007791519165,62.71537923812866,40.02981400489807,58.61316132545471,32.29694628715515,39.883925914764404,49.75834798812866,67.73320007324219,109.71637010574341,71.32762694358826,32.521122217178345,70.33121490478516,104.21789503097534,88.9393699169159,70.58923101425171,45.99968099594116,75.59797215461731,45.72046685218811,52.49508571624756,32.17595100402832,79.03909587860107,32.199225187301636,135.584969997406,32.08214998245239,75.83796811103821,32.4430878162384,31.927874088287354,45.023386001586914
Citeseer	GEE	3.1930949687957764,3.0409300327301025,3.1659388542175293,3.164088726043701,3.13162899017334,3.1587331295013428,3.1737892627716064,3.2288522720336914,3.138827085494995,3.159824848175049,3.1462149620056152,3.1593732833862305,3.1464080810546875,3.142080068588257,3.1492409706115723,3.1337552070617676,3.1812021732330322,3.1473898887634277,3.154906988143921,3.1308352947235107,3.150601863861084,3.152099132537842,3.2327282428741455,3.1436097621917725,3.1348040103912354,3.1346542835235596,3.161729097366333,3.140235185623169,3.1485140323638916,3.1379189491271973,3.1333158016204834,3.1449360847473145,3.1756911277770996,3.163986921310425,3.1828086376190186,3.188237190246582,3.2079570293426514,3.2242138385772705,3.181246280670166,3.2214388847351074,3.1638219356536865,3.1789889335632324,3.1615447998046875,3.1833248138427734,3.145150899887085,3.1452770233154297,3.1251871585845947,3.1585988998413086,3.157606840133667,3.15461802482605
Citeseer	GNN	111.2563841342926,43.638840675354004,63.1248562335968,85.83794093132019,94.22940492630005,67.58811688423157,100.8400399684906,66.66486692428589,70.83093285560608,115.75986909866333,82.63403487205505,73.6971480846405,108.86475396156311,93.51526403427124,145.58014273643494,116.6325192451477,95.2405686378479,74.5752820968628,67.93943190574646,87.63178491592407,92.27712178230286,102.73230504989624,70.97531223297119,133.0194549560547,76.01615285873413,111.9713442325592,71.99613404273987,71.97783994674683,121.74706387519836,142.54645991325378,65.79041981697083,161.73532629013062,52.1890389919281,85.68414211273193,115.76016497612,89.26583695411682,100.58585500717163,112.84528112411499,85.66383409500122,126.75238704681396,69.12465214729309,78.90329599380493,84.93668365478516,55.734081745147705,96.96462273597717,128.5840950012207,124.28783011436462,119.49065399169922,73.85448908805847,93.46678519248962
Citeseer	GG	97.36933612823486,89.55754613876343,59.327046155929565,85.9339919090271,81.06606698036194,66.27947282791138,46.72250962257385,93.18577098846436,91.21884965896606,74.99833607673645,93.76755833625793,113.26387214660645,71.26640009880066,87.36527180671692,78.1442461013794,47.047425985336304,42.487014055252075,51.42382001876831,52.51013493537903,68.34038400650024,121.23957991600037,45.257253885269165,42.78425884246826,97.53698515892029,42.831159591674805,53.626537799835205,42.73141622543335,62.647570848464966,52.762417793273926,42.784264087677,52.65140986442566,71.04500889778137,42.51812505722046,42.75862193107605,42.71621894836426,49.58158898353577,56.94071292877197,42.99235200881958,42.924822092056274,42.75542092323303,79.7356128692627,59.735641956329346,42.65732669830322,42.54604983329773,73.14089298248291,60.61982202529907,44.5878529548645,42.917433738708496,86.92190408706665,58.290958881378174
Citeseer	GG2	97.36933612823486,89.55754613876343,59.327046155929565,85.9339919090271,81.06606698036194,66.27947282791138,46.72250962257385,93.18577098846436,91.21884965896606,74.99833607673645,93.76755833625793,113.26387214660645,71.26640009880066,87.36527180671692,78.1442461013794,47.047425985336304,42.487014055252075,51.42382001876831,52.51013493537903,68.34038400650024,121.23957991600037,45.257253885269165,42.78425884246826,97.53698515892029,42.831159591674805,53.626537799835205,42.73141622543335,62.647570848464966,52.762417793273926,42.784264087677,52.65140986442566,71.04500889778137,42.51812505722046,42.75862193107605,42.71621894836426,49.58158898353577,56.94071292877197,42.99235200881958,42.924822092056274,42.75542092323303,79.7356128692627,59.735641956329346,42.65732669830322,42.54604983329773,73.14089298248291,60.61982202529907,44.5878529548645,42.917433738708496,86.92190408706665,58.290958881378174
