ACM	CutSSL	33.345441336723574,35.08899382491827,33.054849255357794,33.23646930621141,44.06102433708681,35.08899382491827,33.563385397747915,35.08899382491827,34.79840174355249,46.13149291681802,69.9600435888122,38.067562658917545,69.26988739556847,34.90737377406466,29.13185615691972,33.52706138757719,47.62077733381766,26.04431529240828,67.30839084634944,31.856156919723936,29.93098438067563,28.732292045041774,33.3817653468943,35.08899382491827,32.437341082455504,23.247366509262623,23.06574645840901,33.345441336723574,41.373047584453325,34.32618961133309,28.69596803487105,34.68942971304032,30.58481656374864,38.685070831819836,33.20014529604068,35.08899382491827,34.28986560116237,31.420268797675266,35.08899382491827,32.50998910279695,33.7086814384308,20.26879767526335,32.945877224845624,46.4220849981838,34.762077733381766,31.238648746821653,20.450417726116964,35.08899382491827,25.790047221213218,35.70650199782056,45.986196876135125,37.92226661823465,44.60588448964766,33.454413367235745,33.09117326552851,67.78060297856884,22.266618234653105,36.75989829277152,40.39229930984381,29.64039229930984,35.08899382491827,35.01634580457683,30.07628042135852,24.99091899745732,33.49073737740647,40.2106792589902,31.020704685797313,35.379585906284056,32.87322920450418,30.657464584090082,35.41590991645477,34.21721758082092,35.48855793679622,29.277152197602614,68.57973120232474,35.08899382491827,68.6887032328369,33.49073737740647,35.08899382491827,35.08899382491827,33.23646930621141,35.63385397747911,23.57428260079913,33.49073737740647,30.911732655285146,27.46095168906647,26.080639302579005,21.213221939702144,39.44787504540501,31.456592807845986,49.25535779150018,71.95786414820196,35.08899382491827,31.819832909553213,35.08899382491827,26.407555394115512,35.08899382491827,38.249182709771155,29.78568833999273,27.67889575009081
BAT	CutSSL	36.134453781512605,39.49579831932773,47.05882352941176,51.26050420168067,36.97478991596639,27.73109243697479,48.739495798319325,43.69747899159664,50.42016806722689,52.10084033613446,48.739495798319325,47.89915966386555,47.05882352941176,51.26050420168067,44.537815126050425,33.61344537815126,51.26050420168067,47.89915966386555,46.21848739495798,44.537815126050425,46.21848739495798,44.537815126050425,50.42016806722689,51.26050420168067,51.26050420168067,52.94117647058824,46.21848739495798,42.857142857142854,48.739495798319325,44.537815126050425,46.21848739495798,44.537815126050425,51.26050420168067,47.05882352941176,53.78151260504202,46.21848739495798,48.739495798319325,35.294117647058826,49.57983193277311,30.252100840336134,43.69747899159664,39.49579831932773,49.57983193277311,43.69747899159664,47.05882352941176,34.45378151260504,47.89915966386555,50.42016806722689,54.621848739495796,52.94117647058824,56.30252100840336,44.537815126050425,45.378151260504204,47.89915966386555,46.21848739495798,47.05882352941176,47.89915966386555,47.05882352941176,49.57983193277311,47.89915966386555,36.97478991596639,48.739495798319325,46.21848739495798,44.537815126050425,52.94117647058824,47.05882352941176,33.61344537815126,42.016806722689076,49.57983193277311,47.89915966386555,46.21848739495798,52.94117647058824,48.739495798319325,49.57983193277311,47.89915966386555,47.89915966386555,36.97478991596639,43.69747899159664,46.21848739495798,52.10084033613446,52.94117647058824,52.94117647058824,46.21848739495798,33.61344537815126,47.05882352941176,47.89915966386555,50.42016806722689,44.537815126050425,48.739495798319325,48.739495798319325,40.33613445378151,50.42016806722689,49.57983193277311,42.857142857142854,48.739495798319325,47.89915966386555,47.89915966386555,47.05882352941176,49.57983193277311,44.537815126050425
DBLP	CutSSL	42.31915470062314,39.20346789487944,43.673801137903006,42.156597128149556,42.156597128149556,43.890544567867785,42.752641560552696,40.50392847466811,40.20590625846654,41.28962340829044,42.481712273096726,41.01869412083447,41.370902194527226,41.96694662693037,43.37577892170144,45.24519100514765,41.96694662693037,44.54077485776212,42.34624762936873,48.171227309672176,41.07287997832565,41.28962340829044,44.35112435654294,40.422649688431314,41.39799512327282,41.93985369818478,40.53102140341371,41.88566784069358,43.21322134922785,41.85857491194798,42.45461934435112,40.612300189650504,41.85857491194798,40.937415334597674,40.422649688431314,40.449742617176916,40.883229477106475,41.39799512327282,40.774857762124086,43.077756705499866,39.826605256028174,39.122189108642644,39.14928203738825,40.449742617176916,42.915199133026285,42.7255486318071,41.696017339474395,42.861013275535086,44.811704145218094,41.72311026821999,41.045787049580056,46.301815226225955,45.055540503928476,40.612300189650504,47.35843944730425,43.7550799241398,42.45461934435112,39.44730425358981,43.511243565429425,40.449742617176916,43.809265781631,39.74532646979139,40.774857762124086,41.696017339474395,42.94229206177187,42.590083988079115,40.82904361961528,41.479273909509615,40.883229477106475,41.370902194527226,38.959631536169056,42.94229206177187,42.617176916824704,41.425088052018424,41.88566784069358,38.959631536169056,43.809265781631,40.666486047141696,42.64426984557031,38.98672446491466,43.348685992955836,43.348685992955836,44.35112435654294,43.186128420482255,42.6984557030615,40.53102140341371,41.75020319696559,42.83392034678949,40.774857762124086,40.991601192088865,49.634245461934434,42.129504199403954,44.920075860200484,43.7008940666486,43.673801137903006,41.88566784069358,41.18125169330805,40.74776483337848,40.17881332972094,43.673801137903006
EAT	CutSSL	41.59779614325069,40.22038567493113,38.01652892561984,37.74104683195592,40.49586776859504,39.11845730027548,37.46556473829201,40.22038567493113,39.11845730027548,39.11845730027548,36.63911845730027,40.77134986225895,39.94490358126722,38.56749311294766,42.14876033057851,38.56749311294766,40.77134986225895,39.11845730027548,35.81267217630854,40.49586776859504,38.56749311294766,40.49586776859504,35.26170798898072,38.84297520661157,36.91460055096419,31.40495867768595,38.56749311294766,38.84297520661157,40.77134986225895,41.59779614325069,38.84297520661157,39.94490358126722,38.84297520661157,37.46556473829201,38.29201101928375,41.8732782369146,39.11845730027548,36.91460055096419,40.49586776859504,41.32231404958678,38.29201101928375,35.26170798898072,38.01652892561984,38.56749311294766,41.04683195592286,35.26170798898072,38.56749311294766,38.29201101928375,39.39393939393939,39.94490358126722,38.84297520661157,41.8732782369146,38.56749311294766,38.01652892561984,36.08815426997245,42.69972451790633,41.59779614325069,39.11845730027548,39.11845730027548,41.59779614325069,36.36363636363637,39.66942148760331,33.608815426997246,40.22038567493113,43.52617079889807,38.56749311294766,38.29201101928375,38.56749311294766,40.22038567493113,37.74104683195592,36.91460055096419,39.66942148760331,40.77134986225895,40.49586776859504,38.84297520661157,41.04683195592286,34.15977961432507,42.69972451790633,38.29201101928375,39.11845730027548,38.84297520661157,39.11845730027548,39.94490358126722,40.22038567493113,41.04683195592286,39.94490358126722,42.14876033057851,37.46556473829201,40.22038567493113,41.32231404958678,36.91460055096419,41.04683195592286,37.74104683195592,37.1900826446281,37.1900826446281,39.94490358126722,42.14876033057851,38.29201101928375,39.66942148760331,39.94490358126722
UAT	CutSSL	53.41959334565619,54.34380776340111,52.772643253234754,50.09242144177449,54.99075785582255,49.16820702402958,54.25138632162662,54.71349353049908,50.18484288354899,53.69685767097967,52.03327171903882,51.848428835489834,52.495378927911275,47.227356746765246,43.622920517560075,53.69685767097967,50.83179297597042,54.34380776340111,51.75600739371534,53.60443622920518,54.62107208872459,51.29390018484289,53.23475046210721,58.68761552680222,51.01663585951941,46.39556377079482,53.23475046210721,51.29390018484289,53.69685767097967,52.957486136783736,47.689463955637706,52.68022181146026,51.940850277264325,53.04990757855823,54.06654343807763,53.3271719038817,51.848428835489834,52.40295748613678,52.772643253234754,49.81515711645101,51.386321626617374,47.874306839186694,49.07578558225508,51.1090573012939,50.46210720887245,52.12569316081331,51.571164510166355,52.587800369685766,54.99075785582255,48.059149722735675,52.2181146025878,48.70609981515712,55.822550831792974,48.613678373382626,44.82439926062847,55.637707948244,53.23475046210721,54.99075785582255,43.715341959334566,53.41959334565619,52.12569316081331,49.16820702402958,54.34380776340111,48.336414048059154,50.73937153419593,53.69685767097967,50.27726432532348,53.3271719038817,52.68022181146026,53.3271719038817,52.495378927911275,52.495378927911275,52.957486136783736,43.530499075785585,49.44547134935305,49.72273567467653,52.865064695009245,54.71349353049908,53.789279112754166,48.890942698706105,50.83179297597042,52.12569316081331,49.35304990757856,50.83179297597042,53.14232902033271,51.478743068391864,52.495378927911275,53.60443622920518,52.587800369685766,48.059149722735675,52.2181146025878,51.663585951940846,52.587800369685766,52.957486136783736,54.62107208872459,52.31053604436229,51.940850277264325,52.31053604436229,52.12569316081331,52.40295748613678
Wiki	CutSSL	12.585812356979407,10.663615560640732,3.8443935926773456,3.8443935926773456,62.37986270022883,3.8443935926773456,12.311212814645309,3.8443935926773456,12.99771167048055,3.8443935926773456,3.8443935926773456,7.185354691075514,6.6819221967963385,3.8443935926773456,3.8443935926773456,3.8443935926773456,8.237986270022883,3.8443935926773456,3.8443935926773456,3.8443935926773456,3.8443935926773456,11.212814645308924,11.212814645308924,3.8443935926773456,3.8443935926773456,3.8443935926773456,3.8443935926773456,3.8443935926773456,4.622425629290618,15.881006864988558,3.8443935926773456,14.141876430205949,3.8443935926773456,3.8443935926773456,3.5697940503432495,11.716247139588102,3.8443935926773456,6.178489702517163,9.794050343249427,14.416475972540047,3.8443935926773456,3.8443935926773456,13.08924485125858,3.8443935926773456,3.8443935926773456,3.8443935926773456,9.427917620137299,3.8443935926773456,3.8443935926773456,9.244851258581235,3.8443935926773456,3.8443935926773456,3.8443935926773456,12.814645308924485,3.8443935926773456,5.812356979405035,9.702517162471395,3.8443935926773456,3.8443935926773456,3.8443935926773456,3.8443935926773456,5.446224256292906,58.39816933638444,9.427917620137299,3.8443935926773456,3.8443935926773456,3.8443935926773456,3.8443935926773456,3.8443935926773456,3.8443935926773456,9.65675057208238,23.24942791762014,3.8443935926773456,14.691075514874141,59.221967963386724,3.8443935926773456,16.52173913043478,3.8443935926773456,9.336384439359268,3.8443935926773456,12.173913043478262,3.8443935926773456,3.8443935926773456,3.8443935926773456,3.8443935926773456,14.59954233409611,3.8443935926773456,3.0663615560640736,3.8443935926773456,3.8443935926773456,3.8443935926773456,3.8443935926773456,3.8443935926773456,9.519450800915331,18.581235697940503,3.8443935926773456,3.8443935926773456,3.8443935926773456,3.8443935926773456,15.97254004576659
Gene	CutSSL	72.70916334661355,72.21115537848605,62.05179282868526,70.4183266932271,73.90438247011953,71.61354581673307,68.22709163346613,75.199203187251,73.50597609561753,71.91235059760956,73.30677290836654,72.90836653386454,71.71314741035857,75.2988047808765,72.11155378486056,73.20717131474103,73.00796812749005,71.41434262948208,69.7211155378486,70.91633466135458,73.20717131474103,72.21115537848605,73.20717131474103,67.52988047808765,74.10358565737052,73.30677290836654,75.199203187251,70.91633466135458,66.63346613545816,71.01593625498009,71.41434262948208,75.4980079681275,64.9402390438247,73.10756972111554,74.20318725099602,72.90836653386454,70.61752988047809,65.13944223107569,71.41434262948208,74.40239043824701,67.03187250996015,73.20717131474103,72.50996015936255,70.81673306772909,70.3187250996016,74.5019920318725,64.9402390438247,71.41434262948208,66.93227091633466,70.5179282868526,73.60557768924303,75.2988047808765,71.71314741035857,67.62948207171314,72.21115537848605,70.3187250996016,74.800796812749,71.21513944223108,65.13944223107569,68.72509960159363,65.63745019920319,73.50597609561753,75.0,72.60956175298804,67.82868525896414,70.3187250996016,66.73306772908366,67.13147410358566,74.30278884462152,72.60956175298804,70.81673306772909,68.22709163346613,73.10756972111554,73.00796812749005,74.20318725099602,71.91235059760956,71.51394422310757,67.33067729083665,71.01593625498009,69.9203187250996,73.10756972111554,73.40637450199203,66.33466135458167,69.62151394422311,70.1195219123506,71.81274900398407,71.91235059760956,75.0,73.40637450199203,74.30278884462152,70.1195219123506,72.80876494023904,71.51394422310757,75.99601593625498,73.50597609561753,68.62549800796812,71.71314741035857,74.40239043824701,70.4183266932271,73.40637450199203
IIP	CutSSL	65.82914572864321,67.33668341708542,63.31658291457286,67.33668341708542,62.8140703517588,62.311557788944725,64.82412060301507,67.8391959798995,64.82412060301507,65.82914572864321,68.84422110552764,62.311557788944725,61.80904522613066,62.8140703517588,65.32663316582915,61.80904522613066,69.34673366834171,64.321608040201,66.33165829145729,62.8140703517588,64.82412060301507,64.321608040201,62.311557788944725,64.82412060301507,64.321608040201,67.33668341708542,64.321608040201,67.33668341708542,63.31658291457286,64.321608040201,63.81909547738693,64.321608040201,61.30653266331658,68.84422110552764,64.321608040201,64.82412060301507,63.31658291457286,64.82412060301507,67.33668341708542,62.8140703517588,63.31658291457286,62.8140703517588,69.34673366834171,69.34673366834171,60.30150753768844,67.8391959798995,65.82914572864321,65.82914572864321,63.81909547738693,66.83417085427136,71.85929648241206,63.81909547738693,60.80402010050251,64.82412060301507,68.34170854271356,61.30653266331658,63.81909547738693,66.83417085427136,60.80402010050251,62.311557788944725,67.8391959798995,67.8391959798995,63.81909547738693,68.34170854271356,64.82412060301507,68.84422110552764,67.33668341708542,68.34170854271356,65.82914572864321,62.311557788944725,64.321608040201,65.32663316582915,63.81909547738693,64.82412060301507,65.82914572864321,66.33165829145729,65.32663316582915,62.311557788944725,65.82914572864321,60.30150753768844,61.80904522613066,65.82914572864321,67.8391959798995,67.33668341708542,61.30653266331658,64.321608040201,64.321608040201,65.32663316582915,65.82914572864321,65.82914572864321,62.311557788944725,63.31658291457286,65.32663316582915,66.33165829145729,61.30653266331658,68.84422110552764,62.8140703517588,68.34170854271356,63.81909547738693,69.34673366834171
lastfm	CutSSL	5.95186626315031,15.737137916126242,84.37815247153767,17.668251909497044,85.50223375126099,85.57429024355095,85.37253206513907,7.897391554979103,85.45899985588701,84.76725752990345,85.30047557284911,85.37253206513907,5.072777057212855,84.95460440985732,6.182447038478167,18.331171638564633,4.87101887880098,13.431330162847674,85.487822452803,5.4618821155786135,85.60311284046692,12.163135898544459,85.54546764663496,85.473411154345,84.13316039775184,84.37815247153767,85.60311284046692,4.467502521977231,83.49906326560023,85.08430609597924,85.58870154200893,9.46822308690013,14.411298457991064,25.277417495316328,23.41835999423548,85.71840322813085,85.45899985588701,85.14195128981122,84.95460440985732,84.89695921602537,84.94019311139934,85.18518518518519,6.1248018446462025,84.29168468078973,84.72402363452946,11.37051448335495,85.0122496036893,85.8048710188788,61.01743767113417,11.874909929384637,85.11312869289523,85.487822452803,4.640438103473123,86.00662919729068,14.396887159533073,82.76408704424269,8.906182447038479,84.8104914252774,84.79608012681943,14.396887159533073,4.640438103473123,85.0122496036893,85.74722582504684,17.17826776192535,84.62314454532354,7.5371090935293275,83.84493442859201,82.96584522265456,22.654561175961955,84.47903156074362,83.29730508718836,14.396887159533073,85.11312869289523,7.378584810491426,84.98342700677331,6.946245856751693,4.193687851275399,85.02666090214728,85.6463467358409,83.67199884709612,85.09871739443724,85.68958063121487,6.268914829226113,85.67516933275688,85.21400778210116,84.56549935149157,84.91137051448335,6.470673007637988,85.40135466205506,20.204640438103475,24.167747514051015,84.73843493298746,84.14757169620984,9.309698803862227,83.3981841763943,7.234471825911514,85.34370946822308,3.2281308545899985,85.77604842196281,3.6604698083297302
polblogs	CutSSL	95.51166965888689,95.06283662477558,95.33213644524237,95.69120287253142,96.05026929982047,94.97307001795332,95.2423698384201,95.42190305206462,95.2423698384201,95.33213644524237,95.06283662477558,95.51166965888689,95.60143626570917,94.61400359066428,95.06283662477558,95.2423698384201,95.06283662477558,95.33213644524237,94.88330341113105,94.88330341113105,94.97307001795332,95.15260323159784,95.42190305206462,95.51166965888689,95.15260323159784,94.88330341113105,95.87073608617594,94.97307001795332,95.69120287253142,95.42190305206462,95.51166965888689,95.51166965888689,94.97307001795332,95.15260323159784,95.2423698384201,94.88330341113105,95.2423698384201,94.7935368043088,95.06283662477558,95.2423698384201,95.15260323159784,94.97307001795332,94.97307001795332,95.2423698384201,95.51166965888689,95.42190305206462,95.60143626570917,95.51166965888689,94.97307001795332,95.69120287253142,95.78096947935369,95.06283662477558,94.97307001795332,95.42190305206462,95.51166965888689,95.15260323159784,95.69120287253142,94.70377019748653,94.88330341113105,94.88330341113105,95.51166965888689,95.69120287253142,95.78096947935369,95.9605026929982,95.33213644524237,94.88330341113105,94.88330341113105,95.51166965888689,95.06283662477558,95.2423698384201,95.06283662477558,94.88330341113105,95.15260323159784,95.2423698384201,95.15260323159784,95.06283662477558,94.97307001795332,95.33213644524237,95.33213644524237,95.06283662477558,95.78096947935369,94.70377019748653,95.33213644524237,95.42190305206462,95.87073608617594,95.06283662477558,94.97307001795332,95.06283662477558,94.97307001795332,95.2423698384201,95.2423698384201,95.06283662477558,95.42190305206462,95.15260323159784,94.88330341113105,95.69120287253142,95.33213644524237,96.14003590664272,95.33213644524237,94.70377019748653
TerroristRel	CutSSL	84.91271820448878,40.52369077306734,7.605985037406484,44.13965087281795,85.16209476309227,7.605985037406484,7.605985037406484,7.605985037406484,11.221945137157107,43.01745635910225,5.610972568578553,20.32418952618454,7.605985037406484,42.269326683291766,45.01246882793018,71.19700748129677,7.605985037406484,19.950124688279303,4.364089775561098,7.605985037406484,7.73067331670823,4.987531172069826,7.605985037406484,12.468827930174564,7.605985037406484,48.12967581047381,7.605985037406484,7.605985037406484,7.605985037406484,7.605985037406484,7.605985037406484,41.39650872817955,7.605985037406484,7.605985037406484,53.241895261845386,7.605985037406484,7.605985037406484,7.605985037406484,7.605985037406484,34.28927680798005,7.4812967581047385,7.605985037406484,7.605985037406484,4.488778054862843,14.33915211970075,25.311720698254366,53.241895261845386,28.05486284289277,7.605985037406484,58.60349127182045,7.605985037406484,53.99002493765585,35.28678304239401,7.605985037406484,7.605985037406484,29.301745635910226,7.605985037406484,84.03990024937656,21.571072319201996,40.89775561097257,53.74064837905237,7.605985037406484,2.493765586034913,7.605985037406484,20.698254364089774,18.952618453865338,7.605985037406484,7.605985037406484,7.605985037406484,7.605985037406484,7.605985037406484,23.815461346633416,7.605985037406484,7.605985037406484,7.605985037406484,62.219451371571076,2.7431421446384037,43.89027431421446,10.847880299251871,16.957605985037407,38.15461346633416,7.605985037406484,7.605985037406484,38.65336658354115,7.605985037406484,7.605985037406484,7.605985037406484,7.605985037406484,7.605985037406484,7.605985037406484,7.605985037406484,7.605985037406484,7.605985037406484,7.605985037406484,7.605985037406484,48.50374064837905,7.605985037406484,38.90274314214464,7.605985037406484,33.16708229426434
KarateClub	CutSSL	96.15384615384616,96.15384615384616,100.0,96.15384615384616,96.15384615384616,96.15384615384616,100.0,96.15384615384616,96.15384615384616,96.15384615384616,92.3076923076923,92.3076923076923,96.15384615384616,100.0,96.15384615384616,96.15384615384616,100.0,92.3076923076923,96.15384615384616,96.15384615384616,92.3076923076923,96.15384615384616,100.0,100.0,96.15384615384616,92.3076923076923,92.3076923076923,92.3076923076923,96.15384615384616,96.15384615384616,96.15384615384616,92.3076923076923,92.3076923076923,100.0,96.15384615384616,96.15384615384616,96.15384615384616,96.15384615384616,100.0,96.15384615384616,96.15384615384616,100.0,96.15384615384616,92.3076923076923,96.15384615384616,92.3076923076923,96.15384615384616,88.46153846153845,92.3076923076923,96.15384615384616,96.15384615384616,96.15384615384616,92.3076923076923,92.3076923076923,96.15384615384616,96.15384615384616,92.3076923076923,96.15384615384616,92.3076923076923,96.15384615384616,96.15384615384616,100.0,92.3076923076923,96.15384615384616,92.3076923076923,96.15384615384616,96.15384615384616,96.15384615384616,92.3076923076923,96.15384615384616,96.15384615384616,100.0,92.3076923076923,96.15384615384616,100.0,92.3076923076923,92.3076923076923,96.15384615384616,96.15384615384616,96.15384615384616,100.0,92.3076923076923,92.3076923076923,96.15384615384616,96.15384615384616,92.3076923076923,92.3076923076923,92.3076923076923,96.15384615384616,96.15384615384616,96.15384615384616,96.15384615384616,92.3076923076923,96.15384615384616,92.3076923076923,96.15384615384616,96.15384615384616,100.0,96.15384615384616,92.3076923076923
Chameleon	CutSSL	20.028957528957527,31.901544401544403,20.028957528957527,28.619691119691122,20.028957528957527,20.028957528957527,15.250965250965251,18.001930501930502,32.04633204633205,20.028957528957527,26.013513513513516,14.285714285714285,21.573359073359075,20.028957528957527,21.814671814671815,13.8996138996139,20.028957528957527,20.028957528957527,20.028957528957527,21.573359073359075,20.028957528957527,20.028957528957527,33.204633204633204,20.028957528957527,20.028957528957527,20.028957528957527,20.028957528957527,21.66988416988417,22.00772200772201,18.870656370656373,15.347490347490348,33.156370656370655,20.028957528957527,19.98069498069498,20.028957528957527,29.295366795366796,20.028957528957527,20.028957528957527,20.752895752895753,16.264478764478767,16.119691119691122,28.474903474903474,26.833976833976834,20.028957528957527,20.028957528957527,26.11003861003861,34.31467181467182,20.028957528957527,20.028957528957527,20.028957528957527,20.028957528957527,20.028957528957527,20.028957528957527,20.028957528957527,20.028957528957527,20.028957528957527,13.8996138996139,15.588803088803088,27.220077220077222,33.63899613899614,33.83204633204633,20.028957528957527,20.656370656370658,20.028957528957527,21.235521235521233,32.04633204633205,32.0945945945946,20.028957528957527,20.028957528957527,20.028957528957527,20.028957528957527,20.028957528957527,20.028957528957527,30.067567567567565,20.028957528957527,20.028957528957527,26.013513513513516,20.028957528957527,18.822393822393824,20.028957528957527,32.866795366795365,20.028957528957527,18.91891891891892,20.028957528957527,20.028957528957527,20.028957528957527,18.146718146718147,24.083011583011583,29.97104247104247,20.028957528957527,21.814671814671815,18.774131274131275,20.028957528957527,18.53281853281853,23.40733590733591,20.028957528957527,16.409266409266408,20.028957528957527,30.79150579150579,20.028957528957527
Cora	CutSSL	77.66950872919203,75.35525781567195,74.01542833942347,76.41088103938287,75.68006496142915,78.23792123426715,74.78684531059683,74.66504263093789,77.18229801055622,77.79131140885099,80.75517661388551,73.5688185140073,76.53268371904181,77.7101096224117,77.54770604953309,73.97482744620382,79.33414535119773,79.09053999187982,76.97929354445799,77.99431587494925,72.63499796995534,76.08607389362567,76.93869265123833,75.5582622817702,77.01989443767762,76.08607389362567,76.73568818514008,76.93869265123833,74.98984977669508,76.57328461226147,77.46650426309378,73.89362565976452,78.0349167681689,75.96427121396671,75.68006496142915,75.35525781567195,76.1266747868453,76.28907835972392,78.27852212748681,76.28907835972392,76.85749086479903,75.43645960211126,76.77628907835972,76.57328461226147,78.3597239139261,74.78684531059683,79.41534713763703,76.16727568006496,73.36581404790905,77.50710515631344,78.92813641900122,77.79131140885099,79.21234267153878,75.59886317498984,78.07551766138855,77.99431587494925,76.85749086479903,77.30410069021518,78.76573284612262,77.6289078359724,77.8725131952903,77.22289890377589,75.6394640682095,77.18229801055622,79.45594803085669,77.46650426309378,73.0816077953715,74.98984977669508,77.6289078359724,76.65448639870077,75.59886317498984,78.68453105968331,74.86804709703614,76.69508729192043,76.73568818514008,74.25903369874138,77.50710515631344,77.30410069021518,76.045473000406,76.20787657328462,78.31912302070646,77.18229801055622,76.16727568006496,74.94924888347543,77.75071051563135,78.84693463256191,79.86195696305319,77.7101096224117,73.73122208688592,73.89362565976452,78.0349167681689,77.18229801055622,76.45148193260252,78.07551766138855,75.51766138855055,77.46650426309378,76.53268371904181,74.70564352415752,76.45148193260252,77.6289078359724
Citeseer	CutSSL	58.60588040964652,55.863891641889666,56.359431780640904,57.8790882061447,57.44962008589363,56.88800792864222,55.929963660389824,55.137099438387835,55.23620746613809,56.65675586389164,54.87281136438719,55.69871159563925,57.31747604889329,55.46745953088866,55.434423521638585,56.55764783614139,56.55764783614139,55.830855632639576,56.722827882391805,58.6389164188966,56.128179715890326,56.52461182689132,56.49157581764123,56.062107697390154,56.062107697390154,56.68979187314173,56.39246778989098,56.85497191939214,53.088866864882725,56.55764783614139,55.434423521638585,57.35051205814338,54.41030723488603,55.73174760488933,53.980839114634946,56.65675586389164,55.170135447637925,55.830855632639576,54.905847373637265,54.87281136438719,56.95407994714239,55.170135447637925,56.19425173439049,56.326395771390814,56.722827882391805,55.00495540138751,57.81301618764453,56.062107697390154,56.45853980839115,52.956722827882395,58.143376280145354,56.39246778989098,54.80673934588701,57.05318797489264,58.60588040964652,56.39246778989098,57.05318797489264,55.26924347538817,58.407664354146014,57.61480013214404,55.863891641889666,54.8397753551371,57.44962008589363,55.66567558638916,56.722827882391805,55.63263957713909,53.18797489263297,56.326395771390814,55.76478361413941,53.65047902213412,55.137099438387835,55.53353154938884,55.07102741988768,56.85497191939214,56.623719854641564,56.95407994714239,55.929963660389824,56.062107697390154,54.773703336636935,56.359431780640904,56.39246778989098,58.704988437396764,56.75586389164189,56.68979187314173,55.26924347538817,58.969276511397425,55.434423521638585,55.46745953088866,55.434423521638585,56.19425173439049,54.87281136438719,56.55764783614139,58.01123224314503,57.35051205814338,55.26924347538817,57.4826560951437,54.34423521638586,56.49157581764123,55.203171456888015,55.863891641889666
